$SPEC_ID:
No sample description was entered.
$SPEC_REM:
DET# 4
DETDESC# RBS-D MCB 129 Input 2
AP# Maestro Version 6.08
$DATE_MEA:
01/01/2008 05:06:24
$MEAS_TIM:
709 807
$DATA:
0 2047
       0
       0
       0
       0
       0
    1804
     890
    1068
    1205
    1206
    1194
    1186
    1194
    1154
    1176
    1216
    1209
    1240
    1207
    1275
    1275
    1342
    1339
    1409
    1396
    1382
    1314
    1447
    1372
    1321
    1375
    1342
    1366
    1397
    1452
    1381
    1370
    1476
    1413
    1476
    1474
    1440
    1500
    1503
    1498
    1593
    1605
    1600
    1665
    1673
    1706
    1748
    1720
    1790
    1805
    1793
    1849
    1896
    1879
    1941
    1991
    2009
    1946
    1978
    2044
    2002
    2052
    2056
    2132
    2053
    2127
    2084
    2145
    2128
    2054
    2081
    2138
    2128
    2093
    2080
    1981
    2020
    2104
    2033
    1997
    2097
    2066
    2048
    2110
    1949
    2129
    2061
    1974
    1941
    2065
    2046
    2041
    1993
    2042
    2009
    2017
    2045
    2026
    1981
    1958
    1977
    1915
    1908
    1988
    1951
    1971
    1953
    1998
    1875
    1931
    1835
    1930
    1944
    1953
    1798
    1911
    1904
    1874
    1814
    1847
    1844
    1766
    1723
    1828
    1816
    1820
    1782
    1855
    1813
    1738
    1753
    1841
    1739
    1612
    1752
    1692
    1741
    1704
    1819
    1697
    1702
    1642
    1660
    1721
    1696
    1740
    1702
    1793
    1667
    1672
    1759
    1840
    1793
    1827
    1761
    1800
    1860
    1864
    1870
    1854
    1848
    1801
    1872
    1917
    1951
    1864
    1906
    1863
    1890
    1881
    1909
    1912
    1936
    1845
    1944
    1963
    1965
    1893
    1809
    1875
    1901
    1868
    1864
    1904
    1786
    1816
    1849
    1814
    1705
    1786
    1827
    1773
    1702
    1691
    1782
    1674
    1620
    1670
    1681
    1642
    1698
    1710
    1665
    1670
    1651
    1639
    1602
    1622
    1598
    1606
    1629
    1509
    1558
    1587
    1490
    1568
    1551
    1615
    1571
    1564
    1532
    1549
    1480
    1556
    1620
    1586
    1551
    1535
    1582
    1506
    1522
    1478
    1496
    1414
    1476
    1523
    1533
    1511
    1532
    1499
    1453
    1472
    1473
    1441
    1409
    1481
    1448
    1410
    1439
    1417
    1445
    1369
    1456
    1496
    1333
    1387
    1386
    1387
    1329
    1420
    1412
    1410
    1413
    1381
    1421
    1455
    1354
    1401
    1433
    1394
    1410
    1374
    1385
    1396
    1379
    1300
    1384
    1390
    1364
    1401
    1310
    1317
    1308
    1291
    1316
    1318
    1287
    1263
    1236
    1279
    1300
    1379
    1312
    1347
    1283
    1245
    1273
    1315
    1293
    1287
    1281
    1240
    1231
    1250
    1342
    1223
    1294
    1316
    1268
    1285
    1304
    1265
    1321
    1249
    1309
    1274
    1329
    1246
    1281
    1304
    1288
    1255
    1270
    1266
    1263
    1233
    1294
    1291
    1310
    1225
    1278
    1188
    1306
    1182
    1269
    1201
    1262
    1247
    1256
    1253
    1278
    1214
    1250
    1212
    1184
    1190
    1284
    1287
    1314
    1212
    1195
    1187
    1251
    1254
    1161
    1259
    1296
    1245
    1260
    1231
    1240
    1180
    1217
    1222
    1162
    1327
    1248
    1192
    1217
    1198
    1271
    1239
    1189
    1237
    1219
    1207
    1250
    1245
    1188
    1223
    1255
    1204
    1209
    1243
    1220
    1232
    1260
    1219
    1263
    1173
    1246
    1137
    1237
    1281
    1205
    1181
    1249
    1196
    1195
    1221
    1226
    1174
    1202
    1209
    1243
    1135
    1232
    1217
    1241
    1244
    1182
    1216
    1200
    1175
    1221
    1234
    1187
    1172
    1203
    1234
    1257
    1205
    1216
    1205
    1217
    1250
    1221
    1211
    1255
    1301
    1238
    1184
    1240
    1255
    1239
    1239
    1156
    1225
    1190
    1182
    1204
    1230
    1189
    1258
    1256
    1244
    1214
    1251
    1192
    1281
    1240
    1264
    1221
    1248
    1161
    1283
    1181
    1225
    1277
    1181
    1220
    1269
    1264
    1159
    1227
    1169
    1143
    1241
    1244
    1256
    1275
    1222
    1157
    1183
    1195
    1228
    1192
    1251
    1251
    1244
    1199
    1227
    1199
    1291
    1216
    1253
    1313
    1201
    1284
    1200
    1322
    1253
    1251
    1166
    1175
    1261
    1270
    1233
    1265
    1242
    1209
    1204
    1251
    1259
    1208
    1175
    1263
    1226
    1215
    1216
    1256
    1210
    1260
    1253
    1201
    1236
    1194
    1245
    1214
    1228
    1250
    1238
    1213
    1229
    1304
    1308
    1265
    1291
    1286
    1291
    1245
    1249
    1230
    1259
    1229
    1295
    1285
    1283
    1285
    1244
    1295
    1269
    1217
    1253
    1292
    1308
    1256
    1319
    1302
    1304
    1266
    1311
    1329
    1316
    1291
    1288
    1262
    1228
    1280
    1274
    1298
    1284
    1346
    1303
    1298
    1304
    1307
    1330
    1354
    1387
    1339
    1245
    1233
    1323
    1298
    1294
    1364
    1313
    1305
    1329
    1326
    1350
    1305
    1297
    1327
    1277
    1374
    1350
    1323
    1345
    1367
    1376
    1351
    1410
    1397
    1367
    1387
    1431
    1330
    1323
    1424
    1363
    1450
    1412
    1361
    1342
    1370
    1293
    1372
    1378
    1465
    1450
    1414
    1399
    1470
    1492
    1458
    1422
    1387
    1432
    1503
    1454
    1478
    1529
    1506
    1514
    1423
    1478
    1484
    1504
    1470
    1391
    1468
    1492
    1489
    1468
    1507
    1443
    1505
    1456
    1407
    1541
    1539
    1435
    1348
    1482
    1449
    1432
    1463
    1437
    1497
    1427
    1616
    1533
    1505
    1559
    1423
    1499
    1556
    1443
    1467
    1407
    1441
    1437
    1516
    1480
    1368
    1453
    1455
    1515
    1488
    1446
    1448
    1495
    1383
    1394
    1406
    1397
    1372
    1440
    1445
    1395
    1372
    1366
    1385
    1333
    1371
    1352
    1310
    1351
    1301
    1308
    1306
    1286
    1262
    1286
    1302
    1276
    1224
    1229
    1275
    1182
    1272
    1260
    1188
    1181
    1234
    1213
    1235
    1185
    1122
    1204
    1111
    1113
    1133
    1177
    1070
    1126
    1184
    1116
    1069
    1076
    1055
    1048
    1067
    1065
    1097
     988
    1080
    1033
    1062
    1062
     995
     988
    1006
    1043
     967
     996
    1005
     983
    1013
     934
     958
     956
     979
     986
    1008
    1008
    1023
    1014
     927
     932
     968
     945
     931
     946
     932
     912
     935
     957
     912
     936
     901
     913
     948
     888
     904
     926
     871
     890
     920
     893
     874
     889
     855
     803
     907
     845
     884
     866
     844
     867
     870
     872
     872
     814
     813
     844
     785
     748
     851
     829
     815
     740
     804
     817
     758
     864
     832
     802
     861
     779
     869
     871
     831
     861
     893
     841
     872
     939
     958
     964
    1027
    1028
    1008
    1109
    1142
    1181
    1167
    1231
    1283
    1298
    1366
    1414
    1498
    1545
    1594
    1656
    1728
    1793
    1809
    1998
    2032
    2055
    2254
    2282
    2278
    2357
    2422
    2469
    2634
    2738
    2776
    2731
    2848
    2960
    2942
    3061
    3077
    3150
    3143
    3234
    3335
    3335
    3297
    3315
    3250
    3315
    3237
    3325
    3267
    3275
    3300
    3172
    3088
    2971
    3059
    3036
    2910
    2953
    2779
    2795
    2704
    2566
    2480
    2522
    2506
    2281
    2242
    2306
    2114
    2087
    1893
    1845
    1752
    1707
    1637
    1666
    1460
    1494
    1386
    1333
    1238
    1214
    1137
    1116
    1047
    1040
     969
     912
     964
     852
     843
     748
     767
     709
     678
     621
     684
     674
     649
     630
     614
     564
     596
     646
     601
     656
     591
     574
     565
     573
     650
     618
     583
     675
     690
     736
     742
     761
     800
     777
     834
     901
     983
     991
    1071
    1147
    1122
    1219
    1200
    1285
    1309
    1366
    1486
    1481
    1620
    1632
    1694
    1736
    1737
    1850
    1872
    1933
    2014
    2031
    2164
    2177
    2241
    2186
    2278
    2458
    2463
    2416
    2454
    2423
    2456
    2539
    2529
    2556
    2562
    2621
    2607
    2527
    2520
    2484
    2484
    2379
    2411
    2456
    2294
    2410
    2397
    2212
    2230
    2144
    2068
    2101
    1976
    1985
    1858
    1831
    1835
    1681
    1660
    1696
    1570
    1568
    1489
    1461
    1397
    1338
    1283
    1258
    1194
    1141
    1119
    1042
    1010
    1006
     932
     923
     857
     818
     759
     751
     718
     650
     681
     594
     615
     601
     543
     491
     495
     467
     455
     467
     397
     424
     407
     368
     362
     362
     333
     322
     318
     295
     285
     269
     294
     254
     251
     244
     241
     210
     225
     222
     223
     201
     209
     187
     208
     172
     183
     212
     180
     162
     181
     180
     154
     155
     171
     171
     149
     158
     137
     165
     159
     148
     154
     142
     135
     160
     131
     166
     137
     155
     161
     124
     134
     121
     137
     133
     133
     137
     132
     153
     136
     136
     155
     154
     115
     127
     143
     153
     142
     133
     127
     115
     136
     131
     114
     132
     124
     129
     132
     141
     125
     112
     141
     122
     122
     142
     125
     138
     120
     128
     134
     110
     108
     119
     151
     125
     131
     110
     108
     106
     115
     129
     133
     116
     109
     128
     109
     119
     106
     129
     125
     128
     116
     135
     109
     120
     145
     109
     127
     116
     132
     119
     109
     111
     116
     132
     111
     124
     127
     109
     113
     136
     126
     109
     122
     105
     119
     118
     123
     126
     101
     127
     114
     131
     105
     118
     107
     110
     118
     105
      99
     137
     110
     111
     105
     108
     114
      85
     120
     108
     118
     108
     116
     103
     106
      98
     120
     106
     106
     122
     112
      99
     110
     120
     111
     106
      84
     113
     110
     108
     100
     123
      89
      98
     122
     100
     114
     117
      97
     109
     107
     110
     105
      99
     122
      97
     128
     114
     102
     109
     102
     101
     108
     118
      98
      99
     112
     111
     112
     112
     112
     102
      94
      98
     104
     105
     101
      99
     113
     113
     111
     116
      99
     102
     103
     101
     111
      98
      90
     109
     117
      99
      96
     100
     106
     100
     100
     111
     104
     100
     104
      96
     114
      84
      94
     100
     104
     113
     110
      96
     101
      96
      88
      97
      76
      97
     103
      85
      89
     113
     126
      88
      91
      89
     108
     102
      94
      99
     109
     109
      97
     106
      89
      92
      99
     102
      94
     102
     108
     106
      97
     102
     102
     101
      86
      97
     100
     109
      99
      91
      85
      78
     105
     102
      87
      93
     113
     102
      91
      82
     102
      96
      77
     102
      84
      64
      82
     105
      91
      91
      92
     102
      89
      94
      91
      99
      80
     102
     105
      95
      89
      75
      71
      86
      95
      97
      94
      81
      82
      75
      88
     110
      85
      83
      77
     102
      87
      87
     100
      91
      88
      77
      85
     106
     101
      83
      73
      89
      89
      91
     102
     103
      81
      77
      95
      92
      86
      81
      95
      89
      78
      89
      80
      81
      98
      94
      90
      92
      95
      87
      96
      91
      94
      82
      68
      70
      94
     101
      81
      75
      74
      86
      62
      81
      62
      91
      73
      86
      84
      91
      83
      88
      70
      83
      68
      80
      93
      79
      81
      83
      87
      76
      58
      75
      69
      84
      85
      84
      85
      82
      93
      86
      72
      86
      88
      81
      66
      73
      78
      71
      96
      70
      64
      83
      84
      74
      76
      78
      93
      76
      72
      69
      80
      80
      76
      68
      86
      89
      81
      82
      68
      84
      64
      85
      69
      62
      69
      85
      61
      82
      66
      68
      66
      77
      65
      69
      59
      82
      83
      73
      80
      63
      82
     108
      84
      74
      62
      65
      81
      68
      59
      91
      72
      74
      81
      75
     100
      70
      89
      60
      87
      77
      67
      71
      65
      70
      82
      71
      77
      84
      60
      75
      78
      83
      79
      59
      66
      75
      76
      62
      68
      73
      63
      85
      80
      75
      73
      79
      62
      84
      82
      71
      74
      82
      82
      78
      98
      67
      69
      66
      73
      80
      85
      68
      71
      93
      78
      76
      75
      70
      58
      69
      74
      70
      77
      79
      76
      75
      66
      74
      67
      77
      64
      73
      77
      87
      83
      82
      85
      67
      69
      83
      72
      83
      76
      73
      77
      80
      66
      79
      77
      79
      81
      76
      87
      61
      63
      64
      68
      68
      69
      60
      89
      72
      77
      77
      72
      72
      91
      76
      70
      84
      80
      60
      70
      77
      77
      81
      73
      74
      76
      73
      83
      70
      71
      73
      57
      60
      76
      66
      72
      63
      70
      57
      63
      69
      70
      72
      75
      71
      70
      73
      67
      78
      69
      69
      85
      69
      63
      76
      61
      64
      70
      68
      67
      79
      61
      64
      72
      64
      70
      65
      73
      67
      54
      61
      55
      59
      59
      62
      68
      54
      58
      48
      59
      51
      43
      51
      45
      52
      62
      50
      31
      47
      48
      38
      49
      56
      46
      29
      45
      40
      42
      36
      39
      45
      36
      45
      32
      32
      36
      37
      27
      29
      33
      34
      33
      25
      38
      39
      32
      38
      26
      28
      37
      33
      23
      24
      25
      20
      22
      31
      29
      23
      26
      21
      31
      24
      16
      20
      28
      23
      27
      24
      26
      17
      22
      19
      24
      25
      15
      20
      22
      20
      13
      11
       9
      15
      11
      19
      21
      14
      20
      19
       9
      14
      16
      18
      16
      20
      10
      19
      21
      26
      20
      16
      23
      17
      14
      15
      20
      21
      20
      17
      16
      20
      25
      22
      23
      30
      29
      32
      29
      32
      34
      34
      36
      29
      30
      33
      33
      34
      46
      43
      42
      31
      38
      40
      43
      37
      48
      57
      42
      55
      61
      51
      62
      62
      57
      56
      72
      62
      87
      76
      79
      58
      73
      62
      67
      83
      74
      69
      87
      82
      73
      80
      89
      74
      73
      77
      96
     109
      88
      71
      95
     102
      96
      91
      97
      95
      91
      83
      94
      86
      83
      88
      74
      91
     106
      94
      97
      89
      93
      76
      81
      83
      76
      74
      84
      83
      85
      58
      74
      69
      94
      74
      75
      74
      79
      74
      71
      66
      68
      58
      53
      69
      68
      49
      49
      51
      49
      54
      51
      56
      58
      58
      38
      34
      40
      28
      40
      44
      32
      30
      43
      32
      38
      32
      36
      16
      30
      35
      22
      28
      19
      16
      11
      20
      23
      18
      20
      25
      23
      17
      18
      14
      15
      13
       9
      11
       9
      17
      14
      12
       9
      11
       5
      11
       9
       7
       8
       7
       6
       4
       5
       9
       7
       5
       6
       4
       6
       1
      10
       3
       3
       3
       4
       1
       5
       3
       3
       2
       2
       4
       4
       3
       3
       5
       3
       5
       1
       1
       3
       3
       2
       3
       4
       1
       2
       3
       0
       2
       3
       2
       0
       2
       2
       3
       5
       2
       0
       1
       0
       0
       2
       0
       0
       2
       2
       0
       2
       1
       0
       3
       2
       1
       0
       4
       1
       3
       0
       2
       1
       1
       1
       1
       0
       0
       2
       1
       1
       0
       1
       0
       0
       0
       0
       0
       0
       0
       0
       0
       0
       0
       0
       0
       0
       0
       0
       0
       0
       0
       0
       0
       0
       0
       0
       0
       0
       0
       0
       0
       0
       0
       0
$ROI:
3
798 917
921 1051
1769 1939
$PRESETS:
None
0
0
$ENER_FIT:
-43.015625 1.438746
$MCA_CAL:
3
-4.301563E+001 1.438746E+000 -3.635760E-005 keV
$SHAPE_CAL:
3
5.967719E+001 -6.308020E-002 3.454509E-005
