$SPEC_ID:
No sample description was entered.
$SPEC_REM:
DET# 4
DETDESC# RBS-D MCB 129 Input 2
AP# Maestro Version 6.08
$DATE_MEA:
01/01/2008 05:00:01
$MEAS_TIM:
440 500
$DATA:
0 2047
       0
       0
       0
       0
       0
    1148
     530
     670
     726
     749
     733
     726
     764
     703
     725
     741
     754
     760
     773
     834
     808
     811
     822
     874
     847
     858
     826
     860
     882
     821
     875
     853
     869
     854
     909
     853
     827
     960
     856
     889
     942
     851
     953
     959
     945
     975
    1004
    1020
    1022
    1060
    1014
    1065
    1100
    1112
    1127
    1132
    1126
    1159
    1169
    1185
    1219
    1225
    1232
    1183
    1265
    1253
    1260
    1235
    1308
    1248
    1318
    1291
    1322
    1327
    1302
    1323
    1353
    1285
    1303
    1287
    1195
    1229
    1297
    1262
    1233
    1281
    1265
    1275
    1299
    1223
    1310
    1289
    1209
    1200
    1301
    1277
    1286
    1235
    1233
    1245
    1269
    1288
    1230
    1244
    1233
    1237
    1155
    1186
    1235
    1236
    1217
    1229
    1229
    1167
    1226
    1167
    1189
    1227
    1189
    1122
    1214
    1178
    1137
    1151
    1142
    1168
    1068
    1054
    1101
    1138
    1150
    1129
    1125
    1126
    1056
    1105
    1181
    1090
    1051
    1089
    1058
    1082
    1057
    1119
    1037
    1054
    1032
    1045
    1072
    1052
    1084
    1036
    1125
    1070
    1022
    1063
    1161
    1131
    1127
    1127
    1126
    1159
    1135
    1117
    1219
    1158
    1129
    1142
    1178
    1233
    1167
    1185
    1133
    1177
    1198
    1205
    1190
    1222
    1149
    1196
    1221
    1213
    1159
    1132
    1124
    1170
    1162
    1130
    1191
    1108
    1125
    1191
    1150
    1059
    1131
    1168
    1093
    1063
    1020
    1116
    1043
     992
    1049
    1040
    1039
    1044
    1054
    1061
    1040
    1060
    1041
     963
     999
     997
     984
    1052
     916
     945
     986
     908
     957
     968
    1002
    1002
     992
     908
     968
     913
     978
    1011
     995
    1001
    1004
     991
     933
     927
     900
     936
     888
     919
     945
     932
     961
     977
     957
     887
     913
     892
     896
     885
     901
     887
     841
     916
     860
     914
     854
     914
     919
     792
     866
     856
     844
     818
     868
     875
     845
     889
     861
     894
     890
     837
     873
     914
     871
     843
     860
     854
     883
     832
     799
     864
     859
     844
     872
     788
     824
     790
     835
     829
     838
     815
     776
     754
     777
     823
     854
     837
     839
     805
     760
     792
     812
     819
     824
     789
     765
     774
     790
     834
     721
     797
     826
     791
     795
     821
     769
     829
     798
     807
     798
     800
     771
     786
     814
     821
     770
     795
     767
     774
     751
     802
     779
     845
     777
     816
     727
     822
     717
     751
     769
     769
     776
     776
     767
     765
     770
     772
     714
     771
     743
     808
     801
     810
     738
     728
     753
     794
     792
     709
     764
     819
     741
     766
     798
     745
     739
     801
     761
     710
     816
     785
     787
     734
     744
     780
     770
     754
     779
     749
     748
     774
     771
     747
     743
     770
     758
     735
     766
     743
     788
     763
     783
     787
     732
     771
     670
     776
     798
     777
     738
     760
     743
     752
     746
     753
     730
     766
     779
     804
     715
     770
     771
     771
     800
     729
     742
     777
     762
     771
     754
     767
     711
     765
     756
     771
     745
     752
     768
     779
     779
     743
     759
     804
     781
     784
     730
     776
     776
     767
     752
     699
     741
     744
     713
     736
     743
     750
     773
     766
     783
     762
     749
     744
     793
     746
     784
     750
     772
     694
     817
     714
     743
     789
     747
     755
     766
     799
     731
     757
     742
     716
     771
     765
     817
     802
     763
     714
     732
     762
     775
     724
     779
     758
     768
     754
     750
     728
     818
     741
     770
     813
     762
     798
     725
     828
     782
     770
     733
     711
     759
     821
     758
     761
     774
     756
     742
     759
     737
     748
     717
     781
     743
     725
     740
     772
     764
     810
     778
     744
     752
     754
     780
     736
     768
     795
     781
     768
     743
     832
     832
     782
     793
     796
     808
     746
     778
     772
     779
     767
     795
     791
     818
     828
     769
     805
     787
     757
     769
     758
     797
     775
     810
     824
     813
     779
     823
     815
     828
     815
     803
     805
     738
     811
     770
     792
     817
     831
     810
     795
     821
     821
     830
     833
     852
     809
     791
     750
     817
     805
     798
     856
     822
     824
     833
     793
     843
     805
     783
     819
     784
     828
     794
     814
     835
     851
     871
     832
     873
     852
     834
     833
     894
     835
     845
     904
     886
     908
     875
     847
     827
     810
     812
     833
     838
     906
     936
     869
     869
     911
     927
     916
     885
     891
     904
     984
     878
     914
     957
     929
     923
     883
     903
     913
     916
     921
     887
     915
     939
     910
     874
     944
     888
     950
     877
     902
     963
     952
     876
     795
     895
     888
     926
     901
     883
     929
     897
    1028
     952
     945
     954
     868
     944
     969
     901
     939
     843
     908
     903
     942
     936
     855
     908
     881
     963
     919
     888
     895
     903
     878
     894
     870
     848
     857
     907
     880
     882
     845
     854
     866
     842
     842
     849
     829
     816
     808
     819
     812
     778
     746
     825
     792
     817
     761
     776
     805
     757
     768
     796
     718
     759
     776
     737
     762
     727
     694
     742
     694
     704
     719
     718
     642
     696
     729
     667
     661
     694
     608
     648
     641
     647
     692
     588
     691
     662
     640
     675
     604
     632
     650
     661
     595
     623
     626
     617
     654
     574
     584
     596
     596
     595
     606
     618
     655
     615
     599
     592
     595
     586
     594
     622
     577
     547
     611
     600
     559
     587
     540
     552
     576
     559
     552
     550
     566
     540
     586
     567
     548
     564
     523
     491
     561
     533
     548
     565
     522
     521
     549
     543
     540
     494
     482
     524
     491
     457
     522
     500
     522
     472
     532
     501
     468
     527
     541
     483
     540
     497
     522
     538
     529
     527
     539
     504
     551
     560
     592
     580
     610
     609
     608
     687
     680
     742
     722
     750
     799
     788
     836
     847
     914
     946
     929
    1027
    1078
    1095
    1120
    1218
    1238
    1265
    1396
    1421
    1418
    1463
    1532
    1535
    1592
    1664
    1689
    1735
    1798
    1826
    1814
    1903
    1890
    1939
    1973
    1981
    2053
    2103
    2036
    2023
    2038
    2100
    2052
    2078
    2004
    1987
    2017
    1993
    1924
    1862
    1903
    1908
    1820
    1841
    1761
    1727
    1697
    1580
    1536
    1530
    1548
    1401
    1379
    1435
    1314
    1278
    1153
    1119
    1094
    1039
    1027
    1056
     913
     940
     857
     853
     786
     764
     733
     740
     662
     662
     610
     540
     590
     541
     507
     475
     477
     448
     404
     383
     401
     416
     398
     376
     375
     360
     354
     380
     373
     433
     371
     357
     359
     351
     396
     367
     346
     429
     436
     449
     465
     459
     529
     488
     525
     556
     636
     634
     635
     709
     690
     752
     752
     792
     796
     834
     892
     886
     994
    1004
    1033
    1057
    1111
    1147
    1171
    1205
    1233
    1232
    1327
    1356
    1319
    1351
    1434
    1480
    1554
    1474
    1549
    1523
    1477
    1629
    1589
    1608
    1557
    1617
    1636
    1579
    1539
    1563
    1539
    1458
    1515
    1487
    1401
    1477
    1487
    1338
    1413
    1321
    1302
    1357
    1222
    1253
    1127
    1147
    1112
    1046
    1037
    1046
     992
     965
     923
     867
     882
     840
     782
     795
     762
     721
     709
     651
     617
     644
     554
     595
     508
     532
     494
     453
     426
     416
     440
     357
     402
     375
     330
     302
     316
     295
     292
     276
     257
     258
     271
     240
     205
     212
     215
     184
     196
     190
     174
     178
     186
     154
     159
     145
     157
     127
     137
     142
     139
     126
     128
     109
     121
     108
     120
     141
     103
     102
     117
      98
      93
      92
     108
     101
      93
      94
      84
      95
      98
      93
      88
      88
      78
      87
      79
     112
      88
     102
     100
      85
      95
      66
      91
      90
      82
      87
      81
      97
      84
      85
      95
     104
      64
      78
      85
      90
      95
      80
      79
      72
      93
      87
      71
      90
      81
      79
      84
      83
      74
      66
      90
      76
      82
      82
      79
      83
      76
      78
      83
      63
      70
      77
      96
      85
      83
      67
      72
      67
      70
      88
      94
      72
      74
      80
      70
      79
      69
      75
      76
      78
      67
      85
      60
      85
      88
      54
      81
      72
      77
      74
      72
      73
      65
      69
      70
      70
      73
      62
      65
      81
      84
      74
      82
      61
      70
      68
      70
      78
      65
      90
      68
      77
      63
      74
      65
      66
      58
      64
      58
      81
      70
      66
      65
      68
      69
      50
      89
      65
      80
      63
      68
      59
      67
      56
      73
      62
      63
      68
      73
      56
      65
      74
      74
      61
      51
      66
      72
      70
      66
      87
      54
      71
      76
      64
      69
      71
      72
      65
      66
      61
      67
      63
      75
      62
      86
      70
      64
      73
      57
      59
      67
      67
      60
      56
      77
      72
      67
      78
      72
      66
      61
      57
      64
      69
      60
      61
      75
      70
      65
      70
      57
      68
      61
      66
      69
      62
      52
      67
      72
      53
      59
      57
      71
      55
      55
      65
      65
      61
      60
      66
      67
      55
      52
      65
      65
      71
      76
      62
      71
      61
      51
      54
      51
      64
      63
      54
      60
      80
      77
      41
      63
      51
      71
      62
      58
      65
      63
      68
      59
      65
      41
      60
      58
      62
      59
      57
      59
      61
      47
      69
      61
      63
      43
      61
      59
      65
      54
      66
      49
      48
      61
      71
      60
      55
      74
      59
      53
      53
      60
      68
      52
      63
      41
      43
      45
      67
      58
      44
      54
      54
      47
      60
      59
      61
      47
      59
      67
      63
      59
      44
      41
      50
      56
      57
      49
      45
      47
      47
      52
      75
      45
      62
      42
      64
      51
      59
      66
      62
      54
      45
      48
      68
      68
      56
      42
      55
      59
      50
      62
      66
      49
      52
      58
      62
      52
      51
      62
      55
      47
      57
      47
      63
      67
      52
      53
      61
      70
      55
      50
      58
      66
      55
      44
      52
      55
      61
      49
      41
      46
      53
      34
      54
      45
      57
      43
      55
      55
      58
      56
      58
      42
      50
      43
      47
      59
      47
      46
      53
      52
      44
      33
      47
      44
      50
      53
      56
      51
      56
      64
      58
      43
      52
      50
      53
      44
      51
      45
      49
      58
      44
      41
      55
      51
      42
      42
      41
      56
      48
      47
      50
      53
      52
      58
      39
      57
      55
      55
      52
      40
      52
      35
      58
      49
      41
      45
      53
      36
      56
      44
      43
      48
      46
      39
      46
      36
      47
      54
      43
      48
      40
      50
      77
      60
      51
      44
      39
      46
      43
      41
      49
      46
      44
      54
      44
      71
      38
      63
      36
      58
      43
      39
      41
      41
      43
      51
      48
      46
      50
      41
      46
      56
      47
      49
      35
      41
      48
      48
      32
      45
      43
      35
      57
      55
      49
      53
      53
      33
      51
      60
      36
      46
      53
      51
      54
      65
      46
      42
      48
      42
      51
      58
      37
      41
      52
      44
      52
      41
      44
      33
      41
      46
      49
      52
      44
      54
      45
      36
      41
      45
      46
      40
      42
      48
      59
      57
      52
      51
      40
      47
      47
      49
      52
      42
      47
      48
      52
      38
      50
      44
      41
      40
      57
      54
      36
      38
      39
      39
      46
      48
      40
      58
      45
      55
      45
      48
      38
      60
      42
      41
      45
      51
      38
      40
      49
      51
      39
      49
      44
      45
      42
      49
      47
      54
      43
      37
      37
      49
      44
      53
      34
      44
      29
      40
      38
      41
      50
      54
      51
      49
      52
      31
      47
      40
      49
      47
      51
      36
      52
      37
      34
      46
      43
      42
      48
      37
      38
      48
      35
      43
      38
      45
      48
      36
      33
      35
      42
      38
      31
      47
      33
      36
      28
      35
      34
      27
      28
      32
      28
      45
      30
      20
      37
      21
      27
      25
      40
      32
      18
      27
      26
      21
      20
      27
      31
      20
      27
      20
      17
      26
      23
      15
      17
      20
      21
      20
      14
      25
      26
      19
      28
      15
      19
      23
      25
      12
      14
      18
      11
      12
      21
      17
      15
      19
      13
      18
      12
      12
      15
      18
      12
      15
      13
      17
      11
      16
      14
      15
      15
      11
      15
      12
      11
      12
       6
       4
       8
       5
      13
      10
       6
      16
      12
       3
      12
      10
      12
      10
      13
       5
      10
      13
      15
      12
      12
      13
      10
       9
      10
      13
      12
      16
       8
       9
       9
      17
      16
      15
      19
      21
      20
      19
      21
      21
      20
      23
      19
      20
      22
      20
      23
      28
      27
      25
      18
      25
      25
      28
      22
      30
      36
      27
      31
      38
      30
      39
      37
      37
      30
      48
      45
      57
      46
      49
      30
      40
      38
      39
      57
      46
      49
      53
      57
      46
      48
      61
      42
      41
      48
      65
      71
      54
      48
      64
      65
      63
      59
      62
      56
      57
      45
      55
      51
      47
      51
      49
      57
      66
      60
      58
      66
      59
      42
      58
      49
      47
      51
      45
      51
      49
      34
      42
      45
      55
      42
      43
      49
      53
      40
      42
      45
      45
      33
      38
      39
      40
      30
      37
      32
      26
      35
      37
      41
      37
      36
      26
      21
      28
      20
      23
      31
      18
      19
      30
      21
      26
      18
      21
      11
      14
      22
      17
      16
      13
       8
      10
      12
      17
      12
      13
      14
      14
       8
      10
       9
       7
       4
       7
       6
       3
       9
       5
       7
       5
       8
       4
       9
       4
       3
       6
       2
       4
       2
       2
       6
       6
       3
       3
       2
       2
       1
       8
       3
       3
       3
       4
       1
       2
       1
       1
       1
       1
       3
       2
       2
       3
       4
       3
       3
       1
       0
       3
       1
       1
       2
       2
       0
       2
       2
       0
       1
       2
       1
       0
       2
       1
       2
       3
       2
       0
       1
       0
       0
       1
       0
       0
       1
       2
       0
       1
       1
       0
       3
       1
       1
       0
       3
       0
       2
       0
       1
       1
       0
       1
       1
       0
       0
       2
       0
       0
       0
       1
       0
       0
       0
       0
       0
       0
       0
       0
       0
       0
       0
       0
       0
       0
       0
       0
       0
       0
       0
       0
       0
       0
       0
       0
       0
       0
       0
       0
       0
       0
       0
       0
$ROI:
3
798 917
921 1051
1769 1939
$PRESETS:
None
0
0
$ENER_FIT:
-43.015625 1.438746
$MCA_CAL:
3
-4.301563E+001 1.438746E+000 -3.635760E-005 keV
$SHAPE_CAL:
3
5.967719E+001 -6.308020E-002 3.454509E-005
