$SPEC_ID:
No sample description was entered.
$SPEC_REM:
DET# 4
DETDESC# RBS-D MCB 129 Input 2
AP# Maestro Version 6.08
$DATE_MEA:
01/01/2008 05:04:20
$MEAS_TIM:
617 702
$DATA:
0 2047
       0
       0
       0
       0
       0
    1584
     754
     933
    1026
    1055
    1031
    1028
    1043
     990
    1015
    1051
    1044
    1087
    1066
    1126
    1111
    1165
    1158
    1217
    1204
    1189
    1171
    1253
    1189
    1152
    1203
    1171
    1199
    1212
    1283
    1197
    1185
    1292
    1237
    1268
    1292
    1260
    1307
    1322
    1323
    1403
    1406
    1413
    1442
    1474
    1465
    1509
    1496
    1566
    1575
    1580
    1595
    1630
    1643
    1675
    1732
    1733
    1694
    1706
    1759
    1732
    1775
    1762
    1825
    1760
    1852
    1804
    1854
    1830
    1805
    1823
    1887
    1843
    1831
    1810
    1699
    1768
    1825
    1760
    1738
    1841
    1800
    1795
    1832
    1675
    1830
    1805
    1709
    1686
    1800
    1805
    1796
    1716
    1764
    1732
    1746
    1799
    1770
    1739
    1711
    1708
    1645
    1638
    1735
    1718
    1715
    1694
    1739
    1631
    1676
    1600
    1675
    1693
    1702
    1574
    1691
    1633
    1631
    1592
    1628
    1618
    1510
    1486
    1589
    1592
    1564
    1569
    1603
    1574
    1498
    1527
    1626
    1511
    1431
    1529
    1491
    1506
    1475
    1583
    1471
    1493
    1452
    1440
    1508
    1474
    1511
    1478
    1566
    1452
    1450
    1542
    1618
    1556
    1577
    1537
    1583
    1628
    1594
    1599
    1635
    1624
    1569
    1614
    1676
    1736
    1644
    1661
    1616
    1658
    1640
    1665
    1650
    1695
    1632
    1689
    1705
    1709
    1647
    1559
    1625
    1630
    1617
    1623
    1663
    1545
    1568
    1631
    1594
    1508
    1560
    1590
    1555
    1478
    1473
    1558
    1462
    1408
    1441
    1460
    1434
    1477
    1492
    1459
    1468
    1442
    1440
    1382
    1421
    1410
    1372
    1441
    1312
    1348
    1380
    1286
    1350
    1369
    1426
    1396
    1357
    1329
    1359
    1292
    1362
    1412
    1382
    1354
    1348
    1358
    1308
    1315
    1266
    1313
    1232
    1284
    1316
    1332
    1314
    1360
    1313
    1270
    1296
    1240
    1254
    1240
    1285
    1248
    1219
    1257
    1233
    1260
    1183
    1281
    1297
    1155
    1201
    1198
    1222
    1139
    1244
    1227
    1200
    1233
    1200
    1245
    1246
    1193
    1224
    1247
    1197
    1235
    1194
    1197
    1201
    1192
    1136
    1212
    1193
    1173
    1221
    1140
    1134
    1143
    1142
    1150
    1154
    1110
    1103
    1075
    1105
    1141
    1196
    1144
    1181
    1115
    1082
    1116
    1140
    1132
    1128
    1097
    1076
    1076
    1090
    1187
    1042
    1128
    1134
    1097
    1114
    1148
    1092
    1150
    1097
    1159
    1114
    1167
    1091
    1126
    1129
    1122
    1098
    1114
    1086
    1120
    1061
    1121
    1115
    1151
    1050
    1105
    1036
    1144
    1043
    1099
    1068
    1082
    1107
    1114
    1092
    1123
    1065
    1092
    1037
    1039
    1046
    1136
    1119
    1155
    1045
    1041
    1046
    1090
    1076
    1001
    1093
    1141
    1065
    1099
    1075
    1055
    1031
    1072
    1044
     998
    1139
    1075
    1058
    1047
    1048
    1079
    1096
    1047
    1075
    1063
    1045
    1094
    1075
    1043
    1078
    1095
    1041
    1046
    1056
    1048
    1077
    1098
    1073
    1102
    1012
    1077
     979
    1085
    1119
    1058
    1027
    1076
    1050
    1047
    1062
    1061
    1034
    1049
    1072
    1094
     988
    1070
    1061
    1083
    1081
    1053
    1059
    1056
    1042
    1070
    1059
    1040
    1006
    1058
    1094
    1079
    1051
    1063
    1069
    1048
    1093
    1047
    1050
    1099
    1135
    1074
    1049
    1077
    1088
    1084
    1075
    1001
    1066
    1045
    1030
    1030
    1056
    1042
    1118
    1088
    1084
    1074
    1081
    1038
    1108
    1063
    1113
    1057
    1089
     990
    1116
    1028
    1051
    1120
    1016
    1057
    1100
    1094
    1016
    1050
    1013
    1005
    1071
    1096
    1109
    1093
    1067
    1006
    1045
    1044
    1068
    1027
    1070
    1096
    1080
    1053
    1079
    1050
    1127
    1052
    1078
    1138
    1031
    1110
    1040
    1166
    1083
    1089
    1029
    1011
    1092
    1128
    1065
    1083
    1080
    1053
    1052
    1109
    1094
    1052
    1013
    1111
    1057
    1055
    1069
    1099
    1068
    1094
    1100
    1043
    1078
    1052
    1092
    1064
    1053
    1104
    1074
    1057
    1073
    1148
    1148
    1110
    1121
    1117
    1138
    1071
    1076
    1095
    1106
    1076
    1109
    1124
    1125
    1143
    1100
    1130
    1105
    1082
    1100
    1111
    1119
    1089
    1156
    1155
    1132
    1090
    1118
    1130
    1165
    1112
    1122
    1108
    1069
    1122
    1125
    1119
    1121
    1177
    1132
    1125
    1157
    1129
    1170
    1173
    1215
    1153
    1085
    1081
    1137
    1119
    1112
    1192
    1145
    1142
    1153
    1150
    1171
    1119
    1135
    1134
    1120
    1200
    1152
    1149
    1163
    1217
    1188
    1181
    1232
    1195
    1187
    1192
    1244
    1156
    1158
    1264
    1216
    1261
    1240
    1176
    1167
    1148
    1135
    1188
    1186
    1273
    1278
    1231
    1234
    1275
    1317
    1264
    1244
    1197
    1228
    1336
    1247
    1286
    1334
    1305
    1321
    1255
    1285
    1281
    1311
    1286
    1211
    1287
    1300
    1288
    1246
    1287
    1253
    1325
    1271
    1228
    1340
    1344
    1250
    1152
    1277
    1268
    1241
    1278
    1245
    1303
    1258
    1411
    1321
    1322
    1353
    1221
    1294
    1360
    1259
    1300
    1215
    1256
    1249
    1326
    1299
    1203
    1276
    1253
    1314
    1299
    1249
    1266
    1269
    1193
    1210
    1240
    1208
    1182
    1260
    1261
    1231
    1192
    1188
    1210
    1157
    1185
    1184
    1136
    1159
    1138
    1142
    1128
    1107
    1100
    1114
    1112
    1130
    1083
    1071
    1123
    1036
    1094
    1099
    1033
    1035
    1075
    1054
    1086
    1044
     978
    1031
     975
     992
     974
    1019
     933
     974
    1016
     952
     943
     951
     906
     908
     914
     927
     955
     850
     943
     918
     924
     922
     834
     849
     896
     896
     856
     868
     875
     854
     888
     815
     826
     844
     860
     853
     870
     883
     893
     874
     815
     812
     842
     822
     816
     837
     810
     785
     826
     826
     791
     805
     766
     788
     804
     784
     783
     801
     765
     769
     809
     785
     770
     788
     738
     713
     790
     738
     780
     765
     741
     738
     763
     759
     743
     706
     702
     734
     684
     645
     731
     719
     701
     638
     701
     713
     658
     755
     735
     695
     765
     686
     748
     759
     721
     744
     771
     719
     764
     818
     840
     828
     882
     879
     868
     955
     960
    1021
    1006
    1054
    1100
    1133
    1203
    1206
    1299
    1336
    1368
    1440
    1507
    1558
    1571
    1744
    1756
    1780
    1960
    1990
    1998
    2035
    2101
    2132
    2290
    2368
    2398
    2407
    2487
    2572
    2564
    2666
    2663
    2778
    2741
    2769
    2864
    2903
    2896
    2865
    2822
    2930
    2842
    2943
    2825
    2853
    2851
    2782
    2702
    2568
    2657
    2656
    2492
    2578
    2446
    2432
    2331
    2208
    2148
    2194
    2189
    1969
    1955
    2011
    1844
    1816
    1635
    1590
    1531
    1469
    1433
    1450
    1268
    1289
    1193
    1167
    1078
    1072
    1001
     992
     919
     915
     837
     796
     835
     751
     729
     639
     664
     609
     593
     530
     596
     570
     574
     538
     526
     493
     504
     551
     522
     584
     523
     511
     493
     495
     559
     532
     508
     594
     593
     641
     644
     648
     689
     682
     731
     783
     848
     883
     914
    1007
     989
    1047
    1039
    1140
    1130
    1196
    1283
    1263
    1418
    1446
    1458
    1501
    1529
    1601
    1636
    1683
    1755
    1762
    1891
    1905
    1909
    1896
    1971
    2121
    2141
    2113
    2128
    2104
    2116
    2213
    2229
    2235
    2242
    2275
    2282
    2212
    2193
    2156
    2157
    2060
    2122
    2126
    1987
    2113
    2089
    1916
    1938
    1875
    1806
    1849
    1734
    1732
    1622
    1599
    1569
    1461
    1431
    1470
    1369
    1389
    1300
    1249
    1220
    1156
    1104
    1091
    1061
    1007
     985
     905
     870
     882
     809
     807
     755
     732
     674
     641
     608
     575
     600
     517
     540
     525
     473
     429
     445
     419
     408
     404
     354
     372
     361
     322
     302
     318
     301
     268
     278
     262
     249
     236
     252
     218
     219
     211
     215
     186
     201
     200
     195
     182
     178
     170
     184
     142
     161
     180
     156
     146
     160
     151
     133
     133
     148
     145
     134
     133
     119
     146
     140
     129
     139
     122
     120
     138
     107
     151
     123
     141
     140
     113
     121
     105
     122
     117
     119
     116
     113
     136
     114
     121
     138
     134
      97
     110
     120
     133
     128
     113
     110
     103
     125
     113
      94
     112
     107
     112
     112
     119
     102
      94
     129
     105
     103
     120
     112
     124
     108
     116
     120
      98
      95
     107
     134
     112
     116
      90
      97
      94
      97
     107
     120
     103
      94
     117
      91
     103
      92
     112
     114
     110
     104
     122
      91
     107
     124
      87
     108
      99
     108
     105
      98
      98
      98
     109
      99
     108
     113
      93
     104
     116
     111
      97
     106
      91
     108
     101
     102
     114
      81
     112
      97
     115
      90
     101
      95
      95
      94
      97
      83
     112
      95
      95
      89
      95
     104
      74
     108
      89
     107
      91
      99
      89
      90
      80
     105
      90
      93
     102
     100
      81
      92
     102
      97
      88
      71
      97
      98
      98
      87
     112
      76
      89
     100
      88
     100
     101
      90
      88
      92
      96
      95
      89
     104
      85
     112
     101
      86
     100
      86
      90
      94
      98
      84
      85
      99
      97
     102
     100
      96
      92
      82
      87
      94
      93
      82
      82
      95
      99
      90
     100
      87
      91
      89
      90
      95
      83
      74
      91
     103
      83
      84
      86
      96
      86
      83
      98
      86
      88
      85
      90
      98
      75
      79
      87
      91
      92
     102
      82
      91
      82
      71
      83
      69
      89
      91
      77
      74
     100
     113
      70
      79
      82
      96
      94
      76
      88
      94
      93
      87
      97
      71
      79
      83
      85
      86
      91
      94
      89
      77
      88
      87
      89
      73
      84
      85
      92
      86
      84
      69
      66
      94
      89
      74
      79
     100
      87
      74
      70
      85
      87
      70
      87
      70
      57
      66
      95
      81
      79
      81
      83
      75
      89
      81
      86
      71
      92
      92
      81
      75
      68
      57
      69
      86
      78
      80
      69
      70
      68
      78
      97
      67
      73
      63
      91
      72
      80
      85
      80
      78
      66
      72
      88
      93
      76
      64
      78
      81
      73
      87
      94
      77
      66
      80
      82
      71
      71
      77
      76
      69
      76
      66
      75
      87
      86
      79
      80
      86
      72
      79
      78
      84
      69
      60
      66
      78
      87
      71
      68
      64
      74
      52
      69
      52
      82
      61
      73
      72
      81
      71
      78
      59
      74
      59
      68
      78
      67
      67
      73
      75
      71
      52
      63
      63
      74
      73
      74
      73
      70
      85
      74
      62
      75
      76
      73
      57
      68
      68
      64
      81
      59
      54
      74
      73
      63
      69
      67
      79
      68
      62
      61
      72
      74
      67
      60
      75
      74
      75
      75
      58
      72
      54
      76
      62
      51
      57
      77
      52
      71
      58
      60
      63
      72
      51
      64
      50
      72
      71
      63
      70
      59
      76
      96
      74
      65
      57
      54
      68
      60
      53
      79
      64
      66
      71
      65
      89
      57
      78
      49
      70
      67
      60
      61
      58
      61
      73
      64
      65
      75
      51
      64
      68
      73
      70
      49
      56
      67
      65
      51
      60
      59
      57
      74
      76
      70
      66
      71
      54
      71
      77
      60
      65
      71
      71
      68
      86
      56
      57
      59
      65
      72
      78
      58
      57
      78
      58
      69
      61
      62
      46
      58
      62
      65
      68
      63
      69
      65
      58
      59
      57
      68
      54
      64
      66
      78
      76
      77
      74
      58
      63
      72
      65
      76
      61
      67
      73
      71
      54
      68
      72
      67
      64
      67
      78
      55
      53
      57
      61
      59
      60
      53
      81
      64
      67
      68
      63
      58
      76
      66
      60
      65
      66
      50
      60
      64
      69
      68
      65
      66
      62
      67
      67
      64
      66
      61
      52
      56
      66
      59
      68
      53
      61
      48
      58
      55
      59
      62
      66
      62
      64
      65
      56
      67
      58
      62
      73
      63
      54
      67
      53
      57
      62
      60
      60
      69
      53
      54
      60
      54
      60
      61
      64
      57
      49
      53
      50
      54
      52
      49
      63
      43
      53
      39
      49
      46
      36
      43
      38
      45
      59
      43
      28
      43
      41
      36
      36
      47
      40
      24
      39
      37
      34
      29
      33
      41
      30
      35
      31
      30
      33
      32
      21
      23
      28
      31
      29
      22
      31
      32
      27
      36
      21
      26
      29
      31
      21
      20
      23
      16
      21
      29
      28
      21
      23
      19
      24
      19
      15
      19
      24
      17
      18
      20
      23
      14
      19
      16
      21
      19
      13
      18
      18
      18
      13
       8
       7
      13
       9
      19
      18
      11
      18
      16
       8
      14
      15
      16
      15
      16
       9
      14
      20
      23
      18
      14
      22
      16
      11
      13
      16
      15
      17
      14
      14
      16
      22
      21
      21
      28
      28
      30
      27
      29
      30
      25
      30
      26
      27
      29
      30
      32
      42
      40
      38
      29
      34
      37
      39
      28
      44
      49
      38
      50
      55
      45
      51
      54
      53
      46
      68
      59
      75
      63
      69
      49
      62
      55
      58
      73
      66
      65
      71
      71
      66
      72
      78
      63
      55
      63
      86
      96
      71
      65
      86
      93
      86
      77
      86
      78
      80
      72
      82
      77
      66
      69
      65
      83
      93
      77
      88
      83
      79
      58
      73
      72
      61
      67
      68
      71
      75
      47
      69
      62
      77
      63
      67
      67
      67
      66
      61
      60
      61
      49
      45
      59
      55
      46
      47
      46
      42
      48
      46
      53
      54
      48
      36
      29
      35
      24
      29
      39
      27
      28
      39
      28
      34
      24
      32
      13
      28
      29
      21
      24
      15
      13
      10
      16
      19
      14
      19
      23
      20
      13
      12
      10
      15
       9
       9
      10
       6
      14
      13
      10
       8
      11
       5
      11
       8
       5
       7
       7
       5
       4
       5
       7
       7
       3
       5
       3
       5
       1
      10
       3
       3
       3
       4
       1
       4
       1
       3
       2
       1
       4
       4
       2
       3
       4
       3
       5
       1
       1
       3
       3
       2
       3
       3
       0
       2
       2
       0
       2
       3
       2
       0
       2
       2
       3
       5
       2
       0
       1
       0
       0
       2
       0
       0
       1
       2
       0
       2
       1
       0
       3
       2
       1
       0
       3
       0
       3
       0
       2
       1
       1
       1
       1
       0
       0
       2
       0
       1
       0
       1
       0
       0
       0
       0
       0
       0
       0
       0
       0
       0
       0
       0
       0
       0
       0
       0
       0
       0
       0
       0
       0
       0
       0
       0
       0
       0
       0
       0
       0
       0
       0
       0
$ROI:
3
798 917
921 1051
1769 1939
$PRESETS:
None
0
0
$ENER_FIT:
-43.015625 1.438746
$MCA_CAL:
3
-4.301563E+001 1.438746E+000 -3.635760E-005 keV
$SHAPE_CAL:
3
5.967719E+001 -6.308020E-002 3.454509E-005
