$SPEC_ID:
No sample description was entered.
$SPEC_REM:
DET# 4
DETDESC# RBS-D MCB 129 Input 2
AP# Maestro Version 6.08
$DATE_MEA:
01/01/2008 05:02:07
$MEAS_TIM:
531 604
$DATA:
0 2047
       0
       0
       0
       0
       0
    1376
     656
     811
     889
     906
     896
     880
     915
     860
     877
     912
     892
     940
     921
     969
     968
     984
     998
    1043
    1020
    1022
     999
    1075
    1055
     995
    1044
    1007
    1042
    1054
    1110
    1026
    1010
    1115
    1057
    1068
    1136
    1048
    1142
    1138
    1122
    1191
    1212
    1213
    1242
    1286
    1261
    1306
    1289
    1329
    1351
    1381
    1364
    1382
    1386
    1441
    1486
    1486
    1456
    1454
    1512
    1529
    1539
    1502
    1579
    1512
    1623
    1548
    1600
    1604
    1565
    1578
    1631
    1569
    1567
    1584
    1458
    1516
    1578
    1517
    1506
    1589
    1541
    1556
    1575
    1445
    1586
    1544
    1462
    1448
    1557
    1567
    1524
    1459
    1506
    1511
    1511
    1557
    1527
    1504
    1480
    1493
    1408
    1421
    1508
    1508
    1484
    1482
    1515
    1397
    1466
    1400
    1418
    1452
    1433
    1367
    1448
    1411
    1387
    1395
    1371
    1386
    1283
    1276
    1347
    1380
    1363
    1364
    1365
    1331
    1266
    1330
    1420
    1333
    1258
    1301
    1276
    1300
    1273
    1363
    1262
    1287
    1244
    1248
    1297
    1249
    1302
    1276
    1343
    1270
    1240
    1300
    1384
    1336
    1363
    1349
    1350
    1411
    1390
    1349
    1438
    1395
    1350
    1374
    1445
    1496
    1396
    1428
    1398
    1433
    1437
    1444
    1429
    1443
    1397
    1447
    1454
    1503
    1394
    1366
    1395
    1406
    1396
    1377
    1441
    1331
    1350
    1423
    1384
    1298
    1352
    1375
    1338
    1283
    1272
    1332
    1266
    1193
    1254
    1255
    1260
    1267
    1280
    1275
    1248
    1246
    1243
    1183
    1225
    1213
    1191
    1256
    1125
    1160
    1189
    1105
    1165
    1172
    1208
    1207
    1179
    1128
    1159
    1101
    1181
    1219
    1191
    1178
    1173
    1188
    1123
    1131
    1096
    1142
    1056
    1108
    1150
    1131
    1143
    1165
    1128
    1087
    1122
    1066
    1073
    1072
    1096
    1058
    1048
    1099
    1042
    1098
    1026
    1112
    1095
     967
    1037
    1035
    1038
     970
    1061
    1057
    1021
    1033
    1036
    1078
    1084
    1013
    1058
    1075
    1029
    1054
    1020
    1038
    1040
    1007
     973
    1059
    1033
    1015
    1028
     965
     989
     977
     991
     996
    1009
     965
     934
     924
     953
     993
    1046
     980
    1004
     966
     927
     966
     982
     976
     971
     950
     922
     921
     938
    1013
     872
     962
     975
     933
     954
     988
     921
     977
     957
     996
     962
     996
     945
     961
     988
     980
     947
     960
     934
     947
     909
     972
     958
    1012
     921
     982
     884
     974
     883
     940
     920
     939
     946
     947
     927
     930
     923
     921
     871
     909
     901
     976
     968
     996
     889
     901
     908
     962
     930
     868
     931
     986
     904
     929
     935
     894
     891
     941
     921
     838
     995
     924
     937
     884
     906
     936
     937
     898
     942
     909
     895
     941
     916
     895
     922
     923
     914
     892
     929
     886
     951
     938
     924
     965
     879
     931
     822
     938
     960
     913
     876
     920
     899
     913
     902
     902
     884
     903
     940
     943
     856
     911
     912
     931
     942
     900
     903
     912
     899
     927
     904
     923
     861
     917
     922
     933
     905
     920
     925
     905
     957
     891
     912
     964
     941
     941
     894
     914
     934
     937
     917
     857
     895
     893
     883
     890
     903
     911
     954
     924
     948
     918
     900
     894
     958
     901
     948
     914
     945
     832
     976
     892
     895
     954
     870
     900
     929
     938
     883
     912
     896
     866
     927
     940
     962
     952
     932
     862
     896
     904
     925
     878
     935
     943
     935
     902
     917
     901
     957
     901
     933
     979
     891
     947
     881
    1017
     939
     938
     883
     866
     928
     983
     925
     945
     932
     907
     899
     937
     922
     909
     866
     962
     899
     885
     924
     941
     920
     950
     935
     906
     919
     896
     952
     909
     913
     964
     947
     923
     921
     984
     992
     941
     975
     960
     984
     920
     943
     928
     958
     920
     944
     970
     980
    1012
     930
     965
     955
     927
     939
     945
     951
     920
     994
    1006
     981
     941
     986
     979
    1007
     978
     964
     965
     900
     979
     952
     954
     963
     998
     965
     979
     984
     976
    1001
    1018
    1029
     981
     946
     924
     980
     968
     975
    1007
     988
     984
    1004
     989
    1022
     977
     944
     986
     960
    1015
     959
     988
    1013
    1023
    1032
    1005
    1062
    1026
    1013
    1034
    1074
    1003
    1007
    1079
    1058
    1088
    1072
    1021
    1000
     980
     982
    1018
    1019
    1088
    1118
    1060
    1069
    1101
    1122
    1090
    1080
    1041
    1063
    1168
    1065
    1119
    1148
    1123
    1134
    1064
    1111
    1116
    1141
    1106
    1048
    1110
    1144
    1100
    1054
    1122
    1073
    1152
    1072
    1079
    1159
    1155
    1049
     996
    1075
    1082
    1091
    1109
    1076
    1126
    1088
    1221
    1146
    1156
    1164
    1067
    1146
    1178
    1076
    1141
    1048
    1099
    1067
    1136
    1111
    1019
    1108
    1074
    1135
    1110
    1074
    1101
    1096
    1051
    1077
    1076
    1020
    1023
    1083
    1066
    1066
    1014
    1032
    1039
    1006
    1014
    1007
     994
    1007
     988
     986
     988
     946
     933
     976
     944
     985
     933
     919
     962
     888
     941
     968
     886
     903
     946
     884
     927
     890
     845
     892
     861
     859
     851
     879
     786
     841
     869
     815
     794
     833
     761
     781
     781
     796
     827
     726
     828
     795
     781
     802
     725
     738
     771
     785
     731
     750
     756
     746
     776
     709
     716
     726
     742
     730
     761
     761
     767
     749
     705
     715
     736
     713
     695
     720
     692
     659
     723
     721
     677
     695
     647
     682
     716
     670
     674
     678
     675
     661
     703
     674
     654
     678
     622
     605
     680
     638
     660
     676
     627
     626
     652
     655
     652
     600
     584
     629
     591
     558
     633
     621
     608
     562
     615
     613
     560
     637
     643
     595
     658
     583
     634
     643
     623
     646
     661
     611
     660
     689
     725
     699
     748
     743
     748
     830
     817
     875
     867
     908
     947
     967
    1017
    1045
    1108
    1140
    1160
    1221
    1297
    1339
    1360
    1472
    1519
    1527
    1698
    1722
    1719
    1757
    1822
    1834
    1946
    2024
    2065
    2094
    2156
    2213
    2216
    2308
    2293
    2373
    2385
    2369
    2485
    2531
    2473
    2442
    2448
    2531
    2468
    2531
    2410
    2436
    2449
    2390
    2319
    2232
    2293
    2279
    2165
    2220
    2104
    2126
    2022
    1911
    1831
    1854
    1897
    1715
    1652
    1743
    1581
    1558
    1397
    1352
    1315
    1256
    1249
    1258
    1108
    1106
    1024
    1008
     935
     920
     879
     881
     792
     791
     725
     662
     722
     633
     617
     561
     568
     536
     490
     459
     494
     502
     482
     457
     462
     437
     432
     468
     455
     510
     451
     433
     434
     422
     482
     443
     423
     513
     509
     544
     556
     561
     614
     577
     634
     683
     738
     750
     784
     855
     840
     911
     899
     974
     980
    1016
    1088
    1080
    1192
    1224
    1260
    1284
    1342
    1394
    1422
    1460
    1508
    1508
    1623
    1641
    1607
    1620
    1689
    1809
    1845
    1814
    1835
    1835
    1821
    1925
    1934
    1948
    1941
    1955
    1943
    1895
    1876
    1867
    1868
    1765
    1816
    1819
    1718
    1805
    1768
    1634
    1693
    1626
    1561
    1611
    1467
    1504
    1366
    1393
    1359
    1267
    1228
    1252
    1185
    1183
    1112
    1059
    1063
    1014
     962
     955
     904
     863
     867
     789
     734
     770
     675
     709
     647
     644
     583
     547
     522
     514
     527
     433
     486
     452
     414
     370
     383
     367
     362
     339
     303
     325
     316
     287
     254
     270
     255
     232
     242
     231
     212
     206
     222
     189
     183
     175
     195
     163
     173
     172
     168
     151
     151
     134
     157
     125
     146
     163
     129
     127
     138
     124
     109
     113
     128
     119
     117
     120
     105
     118
     122
     109
     113
     106
     105
     109
      92
     131
     106
     123
     125
      96
     108
      86
     106
     108
     103
     102
      98
     123
      94
     102
     115
     116
      84
      94
     105
     112
     116
      96
      95
      90
     107
     104
      79
     100
      98
      95
      97
     100
      87
      84
     108
      89
      92
     100
      98
     104
      91
      95
     104
      76
      81
      92
     114
     100
     104
      81
      83
      83
      79
      98
     104
      87
      80
      94
      78
      91
      83
      94
      95
      93
      80
     104
      75
      94
     109
      68
      99
      85
      98
      92
      84
      87
      79
      91
      86
      91
      98
      84
      91
     101
      98
      87
      93
      76
      88
      88
      86
     100
      74
      99
      80
      95
      75
      87
      80
      85
      79
      79
      71
      98
      85
      83
      79
      82
      90
      66
      99
      74
      94
      76
      87
      76
      75
      67
      86
      75
      75
      84
      84
      65
      78
      86
      89
      71
      62
      80
      90
      82
      75
     102
      64
      80
      88
      75
      82
      86
      85
      76
      77
      77
      81
      81
      94
      70
      96
      88
      79
      93
      72
      69
      80
      78
      71
      73
      86
      87
      84
      88
      85
      76
      71
      74
      80
      81
      71
      72
      91
      85
      78
      84
      76
      80
      79
      77
      85
      75
      64
      79
      86
      69
      73
      73
      83
      76
      69
      83
      79
      75
      73
      77
      84
      65
      64
      78
      74
      84
      92
      73
      83
      72
      61
      68
      59
      80
      78
      63
      63
      87
     103
      58
      70
      70
      85
      79
      65
      77
      79
      77
      77
      88
      61
      70
      74
      72
      74
      78
      72
      73
      65
      79
      78
      76
      63
      77
      74
      78
      71
      76
      60
      52
      78
      78
      68
      71
      84
      70
      65
      67
      74
      76
      61
      75
      47
      52
      61
      83
      73
      63
      70
      70
      64
      76
      72
      75
      55
      77
      80
      70
      70
      58
      47
      62
      69
      69
      65
      58
      61
      61
      68
      86
      55
      69
      54
      78
      61
      69
      74
      70
      66
      59
      61
      79
      83
      66
      54
      66
      68
      64
      74
      82
      61
      60
      70
      71
      61
      60
      68
      64
      53
      68
      59
      69
      74
      74
      66
      74
      76
      66
      64
      65
      75
      59
      49
      62
      67
      73
      59
      55
      51
      68
      44
      61
      48
      69
      53
      61
      64
      67
      61
      70
      53
      60
      52
      58
      69
      59
      58
      63
      65
      56
      42
      55
      56
      63
      64
      64
      62
      62
      73
      64
      53
      63
      62
      63
      50
      62
      57
      61
      68
      51
      48
      63
      64
      51
      56
      51
      66
      57
      55
      54
      61
      63
      63
      47
      66
      63
      66
      64
      49
      62
      44
      69
      53
      46
      49
      63
      44
      61
      49
      53
      54
      60
      45
      54
      43
      62
      60
      54
      61
      48
      64
      86
      66
      58
      53
      46
      60
      53
      48
      64
      53
      58
      62
      56
      80
      47
      74
      41
      66
      56
      50
      51
      51
      53
      61
      53
      59
      64
      44
      54
      62
      56
      61
      44
      49
      60
      57
      36
      55
      51
      49
      68
      65
      60
      59
      61
      44
      63
      71
      50
      58
      62
      62
      62
      82
      53
      50
      53
      58
      63
      72
      46
      49
      67
      53
      59
      55
      52
      36
      49
      54
      57
      56
      54
      60
      53
      49
      51
      51
      60
      50
      52
      60
      67
      63
      62
      62
      45
      54
      63
      58
      67
      59
      59
      66
      62
      46
      62
      57
      50
      50
      60
      66
      52
      47
      48
      48
      51
      55
      50
      69
      60
      61
      57
      56
      46
      68
      55
      49
      56
      57
      42
      51
      59
      61
      53
      55
      56
      52
      58
      56
      58
      62
      53
      44
      48
      60
      49
      57
      42
      54
      37
      49
      47
      50
      58
      60
      55
      58
      58
      47
      57
      51
      55
      58
      57
      48
      62
      46
      45
      54
      48
      54
      59
      46
      46
      53
      48
      50
      51
      57
      53
      45
      42
      43
      47
      45
      42
      54
      40
      45
      33
      42
      40
      33
      35
      35
      35
      54
      35
      25
      40
      31
      31
      30
      44
      36
      21
      35
      31
      29
      24
      30
      36
      23
      31
      24
      22
      29
      28
      17
      19
      25
      25
      22
      18
      28
      30
      22
      32
      20
      21
      26
      28
      18
      18
      21
      15
      16
      26
      22
      21
      21
      16
      23
      16
      13
      16
      22
      14
      16
      18
      20
      12
      17
      15
      17
      17
      11
      16
      16
      15
      12
       7
       5
      12
       9
      17
      14
       9
      16
      12
       6
      13
      11
      14
      14
      14
       8
      12
      15
      19
      16
      14
      15
      11
       9
      12
      16
      14
      16
      12
      11
      12
      20
      17
      19
      23
      24
      26
      24
      24
      26
      20
      28
      24
      22
      25
      27
      28
      32
      33
      32
      24
      30
      33
      28
      24
      40
      43
      35
      43
      47
      36
      46
      49
      47
      40
      59
      54
      64
      55
      57
      38
      51
      44
      48
      68
      54
      57
      61
      67
      57
      64
      71
      51
      50
      53
      79
      85
      65
      57
      82
      81
      77
      68
      76
      68
      67
      62
      68
      62
      57
      60
      58
      72
      82
      66
      75
      75
      72
      49
      66
      58
      52
      57
      58
      58
      61
      39
      54
      56
      65
      52
      56
      60
      59
      55
      49
      52
      55
      40
      42
      48
      47
      40
      41
      39
      37
      40
      40
      47
      47
      43
      33
      28
      31
      24
      26
      34
      22
      24
      32
      25
      32
      21
      26
      12
      21
      26
      18
      19
      14
      12
      10
      15
      18
      13
      18
      17
      18
      13
      12
       9
       8
       5
       7
       9
       6
       9
       9
      10
       6
       8
       5
      10
       7
       4
       7
       6
       4
       3
       3
       6
       7
       3
       4
       3
       3
       1
       9
       3
       3
       3
       4
       1
       4
       1
       1
       1
       1
       4
       3
       2
       3
       4
       3
       3
       1
       1
       3
       3
       1
       2
       2
       0
       2
       2
       0
       1
       2
       1
       0
       2
       2
       2
       4
       2
       0
       1
       0
       0
       2
       0
       0
       1
       2
       0
       2
       1
       0
       3
       2
       1
       0
       3
       0
       3
       0
       1
       1
       0
       1
       1
       0
       0
       2
       0
       1
       0
       1
       0
       0
       0
       0
       0
       0
       0
       0
       0
       0
       0
       0
       0
       0
       0
       0
       0
       0
       0
       0
       0
       0
       0
       0
       0
       0
       0
       0
       0
       0
       0
       0
$ROI:
3
798 917
921 1051
1769 1939
$PRESETS:
None
0
0
$ENER_FIT:
-43.015625 1.438746
$MCA_CAL:
3
-4.301563E+001 1.438746E+000 -3.635760E-005 keV
$SHAPE_CAL:
3
5.967719E+001 -6.308020E-002 3.454509E-005
