$SPEC_ID:
No sample description was entered.
$SPEC_REM:
DET# 4
DETDESC# RBS-D MCB 129 Input 2
AP# Maestro Version 6.08
$DATE_MEA:
01/01/2008 05:14:47
$MEAS_TIM:
8 9
$DATA:
0 2047
       0
       0
       0
       0
       0
       6
       2
       8
       1
       4
       3
       2
       3
       2
       3
       3
       3
       4
       3
       3
       2
       8
       4
       5
       4
       4
       6
       3
       6
       4
       6
       2
       6
       1
       7
       4
       7
       6
       4
       3
       8
       5
       8
       7
       6
       7
       7
      10
      10
       5
      10
       8
       9
       6
      14
      18
      13
      10
      11
      14
      14
      12
      11
      10
      10
      11
       9
      11
      25
      16
       9
      16
      17
       6
      14
      13
      12
      17
      16
      22
       8
       9
      10
      12
      13
      15
      16
      11
      16
       5
      14
      10
      14
       6
       9
      11
      19
      12
      16
      11
      16
      11
       4
       3
      14
       5
      15
      11
      12
      15
       9
      13
       4
       9
      10
      12
       6
      15
      11
      13
      10
      13
      16
      15
      13
      12
      11
       8
       9
       8
      12
       7
      15
      10
       7
      16
      13
      12
       7
       8
      10
       6
       8
       6
       7
      10
       9
      12
       8
       2
       2
       7
       8
      12
       5
      11
      11
       7
      10
      10
       9
       8
       5
       7
      10
       8
      12
       6
       3
      13
       9
       6
      13
      10
       7
       7
      15
      10
       7
       9
       4
       7
       5
       7
       5
       7
       4
       8
       7
      12
       1
       9
       6
       4
       2
       6
       7
       5
       4
       4
       6
       8
       7
       3
       7
       3
       7
       7
       5
       6
       5
       8
       6
       4
       8
       3
       9
       3
       6
       8
       6
       3
       6
       3
       4
       7
       8
      11
       4
       6
       4
       2
       7
       3
       3
       8
       4
       5
       5
       4
       9
       4
       2
       5
       9
       5
       2
       5
       5
       6
       6
       3
       5
       2
       3
       5
       2
       3
       4
       2
       5
       1
       5
       6
       3
       7
       3
       5
       5
       3
       6
       2
       2
       3
       4
       9
       1
       3
       6
       1
       2
       2
       4
       4
       6
       3
       6
       4
       4
       1
       2
       1
       3
       2
       4
       1
       2
       1
       3
       6
       3
       3
       3
       4
       4
       4
       1
       5
       5
       6
       3
       2
       5
       0
       1
       2
       4
       5
       3
       2
       4
       2
       4
       1
       1
       1
       4
       3
       4
       3
       4
       0
       4
       4
       2
       2
       2
       1
       4
       4
       3
       3
       0
       2
       4
       4
       5
       2
       7
       6
       5
       5
       4
       2
       8
       2
       4
       1
       4
       3
       0
       3
       3
       3
       4
       3
       3
       0
       5
       4
       3
       2
       3
       2
       3
       5
       8
       2
       5
       6
       2
       4
       4
       1
       2
       2
       4
       7
       1
       4
       2
       2
       3
       2
       3
       2
       3
       0
       2
       2
       1
       2
       1
       3
       2
       1
       3
       2
       4
       3
       2
       0
       5
       3
       1
       2
       2
       2
       2
       2
       1
       4
       2
       1
       3
       4
       5
       4
       1
       1
       5
       0
       3
       4
       4
       3
       1
       2
       2
       0
       3
       1
       4
       4
       3
       4
       3
       2
       0
       3
       2
       6
       0
       0
       1
       0
       1
       3
       2
       2
       2
       5
       2
       3
       1
       2
       4
       0
       4
       3
       1
       3
       2
       3
       2
       0
       1
       4
       1
       4
       2
       1
       4
       5
       4
       3
       2
       2
       3
       2
       3
       2
       0
       1
       2
       3
       1
       0
       4
       4
       1
       5
       5
       3
       7
       1
       4
       3
       1
       4
       3
       5
       6
       3
       0
       4
       6
       3
       6
       2
       1
       4
       1
       1
       1
       1
       3
       2
       2
       3
       1
       2
       2
       4
       4
       2
       0
       0
       1
       2
       1
       2
       2
       1
       4
       3
       4
       1
       4
       2
       0
       3
       1
       3
       1
       4
       1
       1
       3
       3
       4
       3
       2
       2
       4
       2
       3
       4
       0
       4
       4
       4
       2
       4
       3
       4
       3
       1
       6
       1
       3
       3
       7
       3
       0
       0
       4
       1
       4
       4
       5
       5
       4
       4
       2
       2
       5
       2
       5
       2
       3
       3
       3
       4
       1
       0
       3
       3
       5
       6
       4
       1
       3
       2
       2
       3
       1
       1
       3
       4
       3
       2
       6
       4
       5
       2
       3
       3
       2
       2
       6
       2
       4
       3
       2
       4
       2
       4
       5
       1
       2
       1
       4
       2
       4
       2
       4
       6
       4
       3
       2
       2
       4
       2
       3
       2
       4
       2
       3
       0
       0
       3
       4
       9
       3
       1
       3
       1
       5
       4
       2
       2
       1
       2
       2
       0
       1
       4
       4
       1
       4
       3
       2
       1
       6
       4
       2
       4
       4
       4
       2
       1
       4
       3
       2
       6
       1
       3
       3
       3
       1
       4
       0
       1
       1
       4
       1
       3
       1
       2
       5
       2
       3
       6
       3
       1
       4
       2
       7
       3
       4
       3
       4
       2
       3
       1
       2
       1
       2
       4
       2
       0
       4
       1
       2
       2
       1
       3
       1
       4
       0
       2
       2
       1
       1
       3
       1
       1
       2
       1
       3
       1
       0
       1
       0
       4
       0
       2
       2
       3
       3
       6
       0
       3
       0
       2
       2
       2
       1
       0
       0
       2
       2
       0
       2
       5
       3
       3
       3
       1
       0
       0
       0
       0
       3
       0
       3
       1
       1
       2
       1
       0
       1
       0
       2
       2
       0
       2
       0
       2
       0
       1
       1
       1
       2
       3
       1
       3
       5
       2
       6
       2
       1
       2
       1
       1
       3
       1
       1
       0
       0
       5
       2
       2
       3
       2
       6
       5
       3
       4
       3
       1
       3
       2
       2
       3
       4
       2
       2
      10
       6
       5
       7
       6
       2
       7
       4
       6
       3
       4
       7
       4
       8
       8
       5
       3
       8
       2
       3
      10
       9
       5
       9
       7
       6
       4
       7
       4
       7
      10
       4
       3
       8
       6
       3
       7
       3
       3
       4
       0
       8
       5
       7
       3
       3
       3
      10
       3
       5
       1
       1
       1
       3
       2
       2
       5
       0
       2
       3
       0
       1
       1
       2
       0
       2
       4
       3
       0
       0
       2
       2
       0
       1
       0
       1
       0
       1
       1
       1
       0
       0
       1
       1
       1
       2
       0
       0
       0
       1
       3
       1
       2
       1
       0
       0
       1
       1
       1
       2
       1
       0
       0
       3
       1
       0
       3
       3
       5
       1
       1
       2
       5
       5
       7
       4
       3
       8
       6
       6
       3
       2
       4
       9
       3
       7
       2
       5
       4
       3
       2
       5
       4
       4
       6
       4
       5
       5
       2
       6
       6
       5
       8
       2
       5
       9
       2
       6
       4
       7
       2
       4
       3
       1
      12
       1
       3
       3
       1
       4
       3
       2
       3
       2
       1
       2
       1
       0
       2
       1
       2
       2
       1
       1
       1
       0
       5
       1
       3
       0
       2
       0
       5
       0
       2
       1
       2
       1
       0
       1
       0
       0
       0
       0
       1
       0
       0
       0
       1
       0
       0
       2
       0
       0
       1
       1
       0
       0
       0
       0
       0
       0
       2
       0
       0
       1
       0
       0
       0
       0
       0
       0
       0
       0
       0
       0
       2
       0
       2
       0
       0
       0
       0
       0
       0
       0
       1
       0
       0
       0
       1
       1
       0
       0
       0
       0
       0
       0
       0
       0
       0
       0
       0
       0
       0
       0
       0
       1
       0
       0
       0
       0
       0
       0
       0
       1
       0
       0
       0
       0
       0
       0
       0
       0
       0
       0
       0
       0
       0
       0
       0
       0
       0
       0
       0
       0
       0
       0
       0
       0
       0
       0
       0
       0
       0
       0
       0
       0
       0
       0
       0
       0
       0
       0
       0
       0
       0
       0
       0
       0
       0
       0
       0
       0
       0
       0
       0
       0
       0
       0
       0
       0
       1
       0
       0
       0
       0
       0
       0
       0
       0
       0
       0
       0
       0
       0
       0
       0
       1
       0
       0
       0
       0
       0
       0
       0
       0
       0
       0
       0
       0
       0
       0
       0
       0
       0
       0
       0
       0
       0
       0
       0
       0
       0
       0
       0
       0
       0
       0
       0
       0
       1
       0
       0
       0
       0
       0
       0
       0
       0
       0
       0
       0
       0
       0
       0
       0
       0
       0
       0
       0
       0
       0
       0
       0
       0
       0
       0
       0
       0
       0
       0
       0
       0
       0
       0
       0
       0
       0
       0
       0
       0
       1
       0
       1
       0
       0
       0
       0
       0
       0
       0
       0
       0
       0
       0
       0
       0
       0
       0
       0
       0
       0
       0
       0
       0
       0
       0
       0
       0
       0
       0
       0
       0
       0
       0
       0
       0
       0
       0
       0
       0
       0
       0
       0
       0
       0
       0
       0
       0
       0
       0
       0
       0
       0
       0
       0
       0
       0
       0
       0
       0
       0
       0
       0
       0
       0
       0
       0
       0
       0
       0
       0
       0
       0
       0
       0
       0
       0
       0
       0
       0
       0
       0
       0
       0
       0
       0
       0
       0
       0
       0
       0
       0
       0
       0
       0
       0
       0
       0
       0
       0
       0
       0
       0
       0
       0
       0
       0
       0
       0
       0
       0
       0
       0
       0
       0
       1
       0
       0
       0
       0
       0
       0
       0
       0
       0
       0
       0
       0
       0
       0
       0
       0
       1
       0
       0
       0
       0
       0
       0
       0
       0
       0
       0
       0
       0
       1
       0
       0
       0
       0
       0
       0
       0
       0
       0
       0
       0
       0
       0
       0
       0
       0
       0
       0
       0
       0
       0
       0
       0
       0
       0
       0
       0
       0
       0
       0
       0
       0
       0
       0
       0
       0
       0
       0
       0
       0
       0
       0
       0
       0
       0
       0
       0
       0
       0
       0
       0
       0
       0
       0
       0
       0
       0
       0
       0
       0
       0
       0
       0
       0
       0
       0
       0
       0
       0
       0
       0
       0
       0
       0
       0
       0
       0
       0
       0
       0
       0
       0
       0
       0
       0
       0
       0
       0
       0
       0
       0
       0
       0
       0
       0
       0
       0
       0
       0
       0
       0
       0
       0
       0
       0
       0
       0
       0
       0
       0
       0
       0
       0
       0
       1
       1
       0
       0
       0
       0
       0
       0
       0
       0
       0
       0
       0
       0
       0
       0
       0
       0
       0
       0
       0
       0
       0
       0
       1
       0
       0
       0
       0
       0
       0
       0
       0
       0
       0
       0
       0
       0
       0
       0
       0
       0
       0
       0
       0
       0
       0
       1
       0
       0
       0
       0
       0
       0
       0
       0
       0
       0
       1
       0
       0
       0
       0
       0
       0
       0
       0
       0
       0
       0
       0
       0
       0
       0
       1
       0
       0
       0
       0
       0
       0
       0
       0
       0
       0
       0
       0
       0
       0
       0
       0
       0
       0
       0
       0
       0
       1
       0
       0
       0
       0
       0
       0
       0
       0
       0
       0
       0
       0
       0
       0
       0
       0
       0
       0
       0
       0
       0
       0
       0
       0
       1
       0
       1
       0
       0
       0
       0
       0
       0
       0
       0
       0
       0
       0
       0
       0
       0
       0
       0
       0
       0
       0
       0
       0
       0
       0
       0
       0
       0
       0
       0
       0
       0
       0
       0
       0
       0
       0
       0
       0
       0
       0
       0
       0
       0
       0
       0
       0
       0
       0
       0
       0
       0
       0
       0
       0
       0
       0
       0
       1
       0
       0
       0
       0
       0
       0
       0
       0
       0
       0
       0
       0
       0
       0
       0
       0
       0
       0
       0
       0
       0
       0
       0
       0
       0
       0
       0
       0
       0
       0
       0
       0
       0
       0
       0
       0
       0
       0
       0
       0
       0
       0
       0
       0
       0
       0
       0
       1
       0
       0
       0
       0
       0
       0
       0
       0
       0
       0
       0
       0
       0
       0
       0
       0
       0
       0
       0
       0
       0
       0
       0
       0
       0
       0
       0
       0
       0
       0
       0
       1
       0
       0
       0
       0
       0
       0
       0
       0
       0
       0
       0
       0
       0
       0
       0
       0
       0
       0
       0
       0
       0
       0
       0
       0
       0
       0
       0
       0
       0
       0
       0
       0
       0
       0
       0
       0
       0
       0
       0
       0
       0
       0
       0
       0
       0
       0
       0
       0
       0
       0
       0
       0
       0
       0
       0
       0
       0
       0
       0
       0
       0
       0
       0
       0
       0
       0
       0
       0
       0
       0
       0
       0
       0
       0
       0
       0
       0
       0
       0
       0
       0
       0
       0
       0
       0
       0
       0
       0
       0
       0
       0
       0
       0
       0
       0
       0
       0
       0
       0
       0
       0
       0
       0
       0
       0
       0
       0
       0
       0
       0
       0
       0
       0
       0
       0
       0
       0
       0
       1
       0
       0
       0
       0
       0
       0
       0
       0
       0
       0
       0
       1
       0
       0
       0
       0
       0
       0
       0
       0
       0
       0
       0
       0
       0
       0
       0
       0
       0
       0
       0
       0
       0
       0
       0
       0
       0
       0
       0
       0
       0
       0
       0
       0
       0
       0
       0
       0
       0
       0
       0
       0
       0
       0
       0
       0
       0
       0
       0
       0
       0
       0
       0
       0
       0
       0
       0
       0
       0
       0
       0
       0
       0
       0
       0
       0
       0
       0
       0
       0
       0
       0
       0
       0
       0
       0
       0
       0
       0
       0
       0
       0
       0
       0
       0
       0
       0
       0
       0
       0
       0
       0
       0
       0
       0
       0
       0
       0
       0
       0
       0
       0
       0
       0
       0
       0
       0
       0
       0
       0
       0
       0
       0
       0
       0
       0
       0
       0
       0
       0
       0
       0
       0
       0
       0
       0
       0
       0
       0
       0
       0
       0
       0
       0
       0
       0
       0
       0
       0
       0
       0
       0
       0
       0
       0
       0
       0
$ROI:
3
765 917
921 1051
1769 1939
$PRESETS:
None
0
0
$ENER_FIT:
-43.015625 1.438746
$MCA_CAL:
3
-4.301563E+001 1.438746E+000 -3.635760E-005 keV
$SHAPE_CAL:
3
5.967719E+001 -6.308020E-002 3.454509E-005
