$SPEC_ID:
No sample description was entered.
$SPEC_REM:
DET# 4
DETDESC# RBS-D MCB 129 Input 2
AP# Maestro Version 6.08
$DATE_MEA:
01/01/2008 04:58:31
$MEAS_TIM:
359 408
$DATA:
0 2047
       0
       0
       0
       0
       0
     942
     453
     566
     588
     607
     579
     603
     620
     563
     602
     599
     619
     608
     633
     668
     639
     657
     684
     724
     684
     694
     681
     709
     732
     673
     725
     687
     711
     681
     722
     677
     671
     771
     710
     748
     781
     701
     781
     789
     774
     781
     811
     833
     837
     882
     833
     857
     892
     890
     912
     912
     923
     926
     937
     980
    1018
     993
    1007
     971
    1013
     987
    1029
    1010
    1090
    1030
    1070
    1028
    1095
    1110
    1043
    1088
    1100
    1056
    1036
    1049
     958
    1010
    1037
    1024
     990
    1064
    1031
    1060
    1063
     974
    1058
    1047
     986
    1002
    1061
    1033
    1068
    1004
    1030
    1016
    1036
    1048
     984
    1020
    1014
    1024
     924
     990
    1015
    1023
     993
     985
    1001
     973
     991
     946
    1006
    1009
     977
     905
    1016
     964
     936
     931
     934
     952
     873
     890
     895
     946
     954
     954
     903
     914
     848
     895
     991
     877
     861
     914
     874
     869
     866
     896
     840
     854
     843
     858
     857
     834
     884
     833
     914
     870
     838
     876
     955
     933
     927
     908
     914
     944
     931
     919
    1038
     967
     906
     921
     951
    1007
     955
     961
     936
     950
     996
     970
     975
     978
     958
     972
     969
     979
     954
     930
     929
     963
     976
     902
     967
     901
     930
     977
     934
     846
     909
     936
     919
     868
     818
     894
     865
     841
     874
     849
     847
     849
     866
     862
     859
     857
     883
     787
     822
     833
     799
     846
     752
     765
     807
     767
     780
     784
     829
     830
     815
     731
     788
     752
     786
     816
     804
     804
     806
     824
     731
     749
     715
     765
     731
     750
     800
     760
     783
     802
     773
     745
     745
     722
     722
     718
     740
     708
     677
     748
     695
     759
     680
     727
     748
     671
     726
     697
     699
     682
     720
     714
     709
     706
     691
     714
     733
     676
     704
     750
     713
     687
     694
     707
     721
     684
     651
     706
     693
     686
     696
     659
     682
     644
     679
     678
     670
     673
     632
     617
     617
     684
     700
     688
     689
     650
     618
     644
     670
     660
     676
     646
     622
     632
     614
     678
     573
     650
     668
     639
     639
     671
     628
     674
     649
     653
     659
     671
     641
     631
     669
     682
     645
     647
     628
     626
     597
     632
     644
     693
     631
     672
     597
     690
     585
     600
     642
     628
     643
     653
     643
     632
     627
     625
     583
     636
     611
     673
     640
     670
     604
     597
     604
     663
     643
     578
     625
     665
     621
     630
     657
     617
     585
     657
     633
     572
     667
     652
     640
     606
     595
     653
     644
     627
     626
     607
     602
     631
     612
     603
     602
     624
     620
     593
     622
     610
     630
     633
     640
     642
     612
     635
     537
     612
     665
     621
     616
     580
     628
     599
     607
     608
     596
     647
     642
     660
     578
     614
     634
     611
     652
     601
     615
     634
     607
     608
     615
     619
     581
     639
     613
     626
     601
     596
     636
     614
     634
     609
     613
     657
     629
     637
     588
     614
     619
     633
     642
     565
     614
     614
     588
     579
     608
     605
     636
     643
     643
     626
     614
     619
     663
     611
     646
     615
     630
     553
     683
     585
     617
     641
     608
     627
     615
     653
     601
     608
     591
     583
     636
     619
     670
     664
     628
     573
     613
     628
     622
     585
     644
     608
     630
     635
     635
     592
     654
     605
     623
     658
     638
     678
     606
     683
     640
     624
     609
     561
     641
     663
     612
     646
     641
     625
     608
     621
     615
     593
     610
     635
     623
     611
     604
     625
     624
     666
     638
     609
     617
     618
     642
     604
     623
     652
     643
     627
     605
     681
     680
     656
     628
     626
     669
     613
     637
     620
     635
     619
     652
     634
     671
     680
     609
     653
     651
     615
     638
     617
     652
     641
     666
     673
     650
     630
     662
     650
     669
     659
     665
     635
     601
     652
     636
     643
     690
     696
     656
     645
     653
     679
     669
     690
     690
     647
     639
     617
     661
     653
     639
     707
     676
     672
     676
     632
     686
     650
     640
     648
     645
     694
     642
     660
     680
     698
     721
     680
     695
     682
     684
     663
     743
     679
     697
     710
     735
     749
     714
     673
     673
     657
     660
     671
     667
     715
     756
     690
     704
     729
     762
     752
     735
     728
     720
     827
     736
     745
     790
     751
     741
     721
     750
     749
     723
     752
     717
     771
     786
     776
     706
     767
     721
     757
     709
     737
     782
     774
     713
     660
     733
     713
     723
     710
     722
     761
     739
     832
     779
     757
     773
     707
     790
     790
     737
     777
     682
     739
     762
     762
     754
     688
     722
     726
     779
     760
     737
     742
     741
     715
     714
     705
     696
     695
     735
     698
     721
     670
     706
     710
     697
     683
     706
     665
     648
     669
     689
     666
     656
     620
     658
     667
     660
     621
     642
     666
     633
     638
     650
     576
     613
     630
     607
     620
     580
     582
     592
     573
     583
     592
     580
     519
     555
     609
     566
     524
     566
     501
     514
     514
     515
     579
     466
     553
     529
     510
     552
     492
     530
     541
     540
     495
     509
     508
     491
     537
     480
     470
     482
     492
     478
     484
     520
     536
     507
     486
     488
     495
     494
     482
     500
     461
     448
     494
     489
     460
     477
     460
     459
     467
     472
     433
     453
     459
     454
     477
     461
     437
     472
     425
     407
     455
     464
     441
     473
     412
     439
     463
     458
     438
     396
     379
     408
     406
     391
     437
     400
     441
     386
     435
     392
     384
     440
     437
     400
     452
     400
     435
     438
     440
     423
     450
     412
     444
     443
     466
     471
     497
     511
     499
     561
     558
     606
     589
     602
     650
     647
     669
     697
     767
     779
     777
     839
     867
     881
     926
     999
    1025
    1010
    1154
    1151
    1196
    1201
    1256
    1266
    1296
    1348
    1382
    1414
    1451
    1507
    1479
    1548
    1549
    1572
    1604
    1613
    1661
    1690
    1677
    1644
    1683
    1733
    1660
    1697
    1629
    1628
    1662
    1615
    1590
    1502
    1550
    1558
    1492
    1464
    1419
    1419
    1398
    1277
    1264
    1243
    1247
    1163
    1133
    1164
    1054
    1049
     940
     931
     905
     849
     849
     865
     738
     783
     706
     695
     626
     613
     632
     607
     553
     537
     490
     446
     486
     448
     407
     380
     379
     363
     336
     319
     333
     353
     321
     311
     302
     292
     294
     304
     315
     363
     293
     277
     291
     276
     308
     306
     279
     351
     362
     374
     378
     367
     430
     388
     437
     437
     532
     518
     528
     565
     578
     611
     597
     636
     660
     701
     737
     710
     809
     808
     861
     849
     912
     901
     960
    1003
    1009
    1040
    1080
    1092
    1062
    1090
    1182
    1218
    1261
    1207
    1287
    1225
    1195
    1329
    1305
    1309
    1261
    1313
    1331
    1283
    1259
    1279
    1262
    1182
    1246
    1205
    1142
    1202
    1222
    1097
    1167
    1061
    1050
    1076
     991
    1038
     923
     932
     906
     844
     840
     865
     821
     788
     749
     697
     736
     657
     641
     662
     637
     598
     579
     518
     504
     533
     467
     473
     410
     442
     407
     374
     350
     331
     368
     298
     325
     323
     254
     253
     257
     237
     239
     228
     211
     213
     231
     188
     168
     178
     172
     144
     154
     158
     137
     142
     148
     122
     129
     121
     125
     106
     108
     114
     106
     101
     106
      88
     103
      88
      94
     108
      89
      80
      94
      81
      78
      73
      90
      84
      79
      77
      69
      80
      80
      74
      78
      70
      60
      74
      66
      87
      73
      85
      80
      73
      70
      56
      70
      73
      60
      71
      62
      81
      63
      66
      81
      90
      47
      66
      69
      67
      81
      63
      59
      53
      77
      72
      58
      69
      65
      57
      75
      74
      46
      54
      76
      71
      66
      64
      68
      70
      56
      66
      73
      52
      55
      64
      79
      70
      71
      56
      60
      51
      57
      72
      80
      58
      55
      73
      55
      69
      54
      61
      64
      65
      54
      69
      46
      77
      74
      47
      63
      63
      61
      58
      61
      60
      54
      54
      60
      57
      61
      48
      49
      66
      63
      58
      60
      51
      56
      54
      54
      66
      56
      73
      56
      60
      47
      59
      52
      53
      47
      53
      39
      72
      58
      51
      52
      59
      56
      41
      72
      56
      69
      53
      54
      47
      59
      40
      57
      53
      51
      58
      58
      42
      58
      55
      60
      51
      42
      58
      62
      54
      60
      77
      45
      65
      64
      55
      56
      58
      52
      56
      50
      54
      54
      53
      59
      57
      66
      61
      56
      53
      49
      44
      54
      53
      47
      47
      62
      57
      57
      63
      62
      57
      49
      47
      51
      53
      52
      52
      63
      58
      57
      60
      46
      57
      46
      52
      53
      55
      43
      56
      61
      38
      48
      51
      61
      41
      49
      50
      50
      51
      47
      47
      58
      43
      41
      53
      53
      61
      64
      52
      58
      46
      43
      37
      41
      48
      50
      40
      51
      63
      60
      30
      46
      45
      63
      55
      46
      54
      48
      59
      53
      56
      32
      51
      48
      53
      50
      47
      50
      51
      42
      56
      50
      47
      33
      44
      50
      50
      41
      59
      37
      41
      43
      62
      52
      45
      61
      47
      43
      44
      52
      56
      39
      46
      35
      35
      37
      57
      47
      35
      46
      41
      42
      48
      48
      55
      40
      51
      53
      51
      46
      35
      37
      43
      45
      48
      42
      42
      41
      40
      41
      62
      37
      49
      34
      51
      40
      51
      56
      51
      42
      30
      39
      57
      54
      45
      34
      43
      43
      42
      53
      53
      38
      45
      42
      45
      44
      39
      54
      45
      39
      43
      40
      55
      52
      42
      38
      49
      52
      42
      43
      48
      56
      47
      39
      40
      44
      47
      33
      33
      36
      44
      28
      41
      41
      43
      33
      46
      43
      47
      47
      47
      33
      42
      38
      39
      45
      42
      40
      42
      40
      37
      27
      36
      38
      39
      44
      48
      43
      47
      56
      46
      30
      43
      36
      41
      34
      45
      38
      39
      47
      35
      33
      46
      46
      37
      31
      32
      47
      39
      44
      42
      45
      41
      49
      32
      46
      38
      45
      40
      32
      44
      30
      46
      36
      32
      36
      38
      28
      44
      38
      35
      38
      42
      31
      37
      30
      37
      40
      39
      36
      34
      42
      66
      48
      45
      37
      34
      35
      38
      34
      36
      40
      36
      45
      37
      56
      34
      58
      29
      45
      38
      32
      33
      37
      35
      38
      40
      34
      41
      33
      42
      48
      39
      39
      33
      31
      38
      37
      23
      37
      39
      31
      42
      44
      46
      41
      44
      26
      39
      53
      28
      40
      48
      47
      40
      58
      38
      36
      39
      37
      40
      50
      30
      38
      43
      36
      44
      36
      35
      27
      32
      34
      39
      45
      35
      37
      36
      29
      34
      42
      38
      36
      35
      35
      46
      47
      40
      42
      35
      41
      36
      33
      39
      30
      40
      40
      41
      34
      45
      41
      34
      32
      44
      46
      29
      28
      31
      31
      37
      37
      32
      52
      39
      41
      38
      41
      33
      47
      33
      36
      38
      42
      29
      32
      42
      45
      31
      41
      38
      37
      33
      35
      39
      45
      32
      29
      29
      42
      39
      44
      29
      32
      25
      36
      33
      34
      37
      47
      43
      40
      41
      26
      36
      37
      39
      39
      45
      31
      42
      30
      31
      39
      32
      34
      40
      34
      35
      40
      30
      35
      33
      40
      36
      32
      28
      32
      39
      30
      26
      41
      28
      28
      23
      24
      29
      22
      23
      26
      22
      37
      27
      17
      28
      17
      23
      19
      34
      26
      17
      19
      25
      18
      13
      20
      29
      17
      24
      17
      12
      23
      19
      13
      16
      18
      16
      15
      13
      19
      20
      17
      21
      13
      13
      17
      19
       8
      13
      16
      11
      11
      18
      13
      13
      14
      12
      16
      11
       9
      13
      11
      11
      12
       9
      12
      11
      10
      12
      13
      10
      11
      11
       9
       9
      10
       5
       3
       5
       4
      12
       8
       6
      15
      10
       2
       9
       7
      10
       7
      10
       3
       8
      13
      13
       8
      11
      10
       8
       9
       9
      11
       9
      13
       6
       6
       6
      15
      12
      13
      19
      12
      15
      16
      18
      14
      16
      18
      18
      17
      18
      16
      15
      23
      23
      22
      15
      17
      19
      25
      17
      25
      26
      20
      27
      31
      24
      35
      31
      30
      22
      41
      38
      45
      41
      43
      20
      31
      30
      33
      48
      39
      41
      45
      50
      40
      38
      54
      33
      32
      35
      54
      53
      37
      38
      44
      57
      52
      50
      51
      49
      51
      40
      43
      45
      39
      43
      42
      48
      56
      54
      46
      54
      45
      37
      53
      42
      36
      41
      30
      43
      40
      27
      33
      38
      47
      35
      34
      40
      43
      29
      32
      40
      35
      29
      33
      35
      28
      20
      29
      30
      21
      29
      31
      35
      29
      29
      24
      18
      23
      17
      16
      28
      17
      18
      25
      16
      18
      14
      14
       7
      11
      17
      12
      13
      12
       6
       7
       9
      13
      12
      13
      10
      11
       7
       7
       6
       5
       3
       6
       5
       1
       8
       5
       5
       4
       7
       4
       8
       4
       2
       5
       1
       3
       2
       2
       6
       5
       3
       2
       1
       1
       0
       6
       2
       2
       2
       4
       1
       2
       1
       0
       1
       0
       3
       1
       2
       2
       3
       2
       3
       1
       0
       1
       1
       1
       2
       1
       0
       2
       2
       0
       0
       1
       0
       0
       1
       1
       2
       2
       2
       0
       1
       0
       0
       1
       0
       0
       0
       2
       0
       1
       1
       0
       2
       1
       1
       0
       3
       0
       2
       0
       1
       0
       0
       0
       1
       0
       0
       2
       0
       0
       0
       0
       0
       0
       0
       0
       0
       0
       0
       0
       0
       0
       0
       0
       0
       0
       0
       0
       0
       0
       0
       0
       0
       0
       0
       0
       0
       0
       0
       0
       0
       0
       0
       0
$ROI:
3
809 917
921 1051
1769 1939
$PRESETS:
None
0
0
$ENER_FIT:
-43.015625 1.438746
$MCA_CAL:
3
-4.301563E+001 1.438746E+000 -3.635760E-005 keV
$SHAPE_CAL:
3
5.967719E+001 -6.308020E-002 3.454509E-005
