$SPEC_ID:
No sample description was entered.
$SPEC_REM:
DET# 4
DETDESC# RBS-D MCB 129 Input 2
AP# Maestro Version 6.08
$DATE_MEA:
01/01/2008 05:08:35
$MEAS_TIM:
880 1001
$DATA:
0 2047
       0
       0
       0
       0
       0
    2261
    1126
    1338
    1462
    1477
    1463
    1444
    1475
    1436
    1484
    1523
    1507
    1556
    1509
    1547
    1618
    1641
    1684
    1733
    1748
    1711
    1662
    1796
    1705
    1658
    1722
    1692
    1722
    1746
    1784
    1714
    1692
    1841
    1723
    1859
    1823
    1817
    1866
    1841
    1865
    1973
    2038
    1965
    2039
    2059
    2122
    2122
    2139
    2247
    2244
    2235
    2295
    2365
    2353
    2419
    2469
    2508
    2443
    2455
    2581
    2563
    2554
    2536
    2650
    2535
    2622
    2549
    2678
    2637
    2596
    2605
    2648
    2625
    2628
    2571
    2524
    2550
    2592
    2554
    2492
    2616
    2554
    2525
    2590
    2470
    2640
    2592
    2429
    2412
    2563
    2543
    2494
    2508
    2540
    2498
    2492
    2506
    2463
    2479
    2461
    2448
    2398
    2411
    2469
    2445
    2434
    2393
    2465
    2349
    2404
    2289
    2372
    2373
    2440
    2208
    2393
    2324
    2326
    2263
    2288
    2282
    2246
    2145
    2250
    2228
    2239
    2215
    2327
    2242
    2181
    2154
    2253
    2160
    2037
    2179
    2100
    2149
    2098
    2217
    2097
    2108
    2065
    2072
    2157
    2104
    2163
    2093
    2198
    2097
    2072
    2187
    2264
    2197
    2248
    2213
    2231
    2256
    2320
    2282
    2333
    2301
    2239
    2361
    2390
    2420
    2341
    2391
    2295
    2361
    2301
    2343
    2378
    2392
    2306
    2440
    2441
    2416
    2350
    2212
    2307
    2321
    2296
    2318
    2351
    2222
    2254
    2281
    2273
    2130
    2211
    2227
    2177
    2105
    2136
    2190
    2106
    2006
    2111
    2045
    2046
    2134
    2122
    2047
    2053
    2041
    2043
    1977
    2004
    1967
    1999
    2019
    1904
    1907
    2001
    1856
    1918
    1958
    1965
    1957
    1944
    1921
    1884
    1867
    1922
    1982
    1983
    1944
    1926
    1985
    1859
    1831
    1821
    1851
    1788
    1846
    1873
    1898
    1852
    1889
    1863
    1822
    1788
    1826
    1807
    1781
    1811
    1783
    1744
    1813
    1764
    1772
    1684
    1801
    1833
    1681
    1728
    1729
    1727
    1686
    1783
    1766
    1769
    1741
    1721
    1719
    1777
    1724
    1793
    1791
    1755
    1726
    1739
    1706
    1714
    1714
    1606
    1722
    1747
    1711
    1689
    1630
    1631
    1614
    1634
    1618
    1626
    1602
    1582
    1582
    1573
    1622
    1679
    1642
    1672
    1574
    1554
    1603
    1631
    1622
    1591
    1607
    1533
    1541
    1564
    1627
    1550
    1617
    1635
    1553
    1570
    1600
    1553
    1638
    1501
    1597
    1576
    1619
    1569
    1575
    1611
    1593
    1605
    1583
    1572
    1584
    1545
    1598
    1597
    1617
    1532
    1582
    1485
    1636
    1496
    1572
    1506
    1573
    1556
    1545
    1556
    1565
    1511
    1561
    1501
    1450
    1514
    1582
    1584
    1601
    1510
    1464
    1469
    1567
    1558
    1420
    1532
    1601
    1532
    1582
    1518
    1510
    1493
    1528
    1548
    1445
    1602
    1521
    1458
    1480
    1505
    1572
    1549
    1474
    1549
    1510
    1478
    1545
    1551
    1489
    1529
    1553
    1499
    1511
    1535
    1528
    1537
    1546
    1513
    1575
    1450
    1543
    1406
    1526
    1571
    1481
    1477
    1559
    1504
    1481
    1530
    1536
    1471
    1492
    1503
    1515
    1459
    1498
    1509
    1556
    1549
    1454
    1478
    1492
    1463
    1517
    1534
    1497
    1445
    1492
    1534
    1541
    1496
    1531
    1516
    1505
    1553
    1494
    1497
    1579
    1592
    1543
    1493
    1555
    1529
    1519
    1527
    1445
    1527
    1478
    1483
    1501
    1503
    1495
    1561
    1535
    1581
    1501
    1547
    1476
    1587
    1526
    1566
    1491
    1528
    1477
    1598
    1459
    1551
    1584
    1465
    1513
    1554
    1549
    1461
    1529
    1456
    1412
    1561
    1522
    1546
    1591
    1490
    1471
    1459
    1491
    1532
    1499
    1547
    1517
    1560
    1483
    1531
    1459
    1569
    1489
    1573
    1611
    1501
    1603
    1501
    1573
    1557
    1537
    1489
    1479
    1559
    1566
    1530
    1586
    1521
    1508
    1499
    1554
    1556
    1492
    1480
    1543
    1533
    1510
    1509
    1548
    1502
    1556
    1560
    1528
    1550
    1528
    1540
    1544
    1546
    1540
    1518
    1526
    1548
    1613
    1614
    1559
    1605
    1586
    1597
    1544
    1554
    1548
    1586
    1533
    1605
    1607
    1570
    1613
    1550
    1615
    1581
    1531
    1536
    1579
    1622
    1583
    1633
    1604
    1620
    1559
    1639
    1661
    1620
    1627
    1569
    1581
    1532
    1586
    1602
    1616
    1552
    1656
    1633
    1598
    1634
    1619
    1638
    1674
    1705
    1640
    1584
    1573
    1644
    1629
    1604
    1663
    1620
    1649
    1662
    1647
    1683
    1622
    1622
    1652
    1604
    1709
    1650
    1660
    1685
    1708
    1701
    1678
    1735
    1702
    1710
    1732
    1800
    1660
    1633
    1781
    1735
    1763
    1745
    1697
    1672
    1715
    1625
    1725
    1739
    1815
    1828
    1736
    1756
    1829
    1856
    1805
    1781
    1731
    1763
    1877
    1807
    1850
    1865
    1845
    1889
    1766
    1843
    1800
    1847
    1852
    1729
    1850
    1800
    1841
    1825
    1879
    1815
    1842
    1821
    1761
    1901
    1885
    1778
    1686
    1854
    1818
    1784
    1829
    1791
    1847
    1784
    2005
    1899
    1866
    1924
    1792
    1848
    1923
    1778
    1825
    1741
    1778
    1808
    1848
    1847
    1737
    1832
    1831
    1833
    1852
    1809
    1795
    1825
    1713
    1740
    1745
    1749
    1701
    1799
    1813
    1684
    1687
    1666
    1691
    1635
    1704
    1687
    1654
    1700
    1604
    1617
    1613
    1587
    1584
    1570
    1604
    1580
    1520
    1536
    1613
    1472
    1548
    1593
    1479
    1452
    1520
    1507
    1491
    1485
    1394
    1476
    1380
    1405
    1438
    1449
    1317
    1400
    1457
    1406
    1347
    1354
    1333
    1318
    1310
    1317
    1378
    1230
    1329
    1293
    1326
    1312
    1228
    1253
    1219
    1283
    1209
    1243
    1246
    1226
    1283
    1187
    1205
    1195
    1220
    1215
    1260
    1233
    1248
    1242
    1160
    1176
    1166
    1163
    1158
    1195
    1148
    1140
    1151
    1175
    1179
    1152
    1167
    1134
    1150
    1100
    1106
    1154
    1080
    1133
    1126
    1097
    1082
    1089
    1064
     990
    1099
    1079
    1101
    1066
    1059
    1089
    1090
    1075
    1082
    1004
    1005
    1024
     981
     972
    1059
    1049
    1007
     914
    1005
     991
     953
    1077
    1001
     988
    1068
     967
    1063
    1085
    1019
    1092
    1081
    1060
    1079
    1147
    1213
    1213
    1263
    1270
    1276
    1362
    1421
    1464
    1449
    1506
    1657
    1628
    1703
    1765
    1850
    1927
    1989
    2078
    2142
    2243
    2282
    2479
    2513
    2558
    2774
    2819
    2802
    2944
    3036
    3121
    3261
    3387
    3425
    3438
    3619
    3679
    3709
    3789
    3784
    3874
    3922
    3999
    4135
    4123
    4131
    4097
    4028
    4099
    4077
    4119
    4029
    4049
    4086
    3928
    3865
    3717
    3772
    3726
    3587
    3651
    3431
    3443
    3404
    3237
    3047
    3165
    3073
    2829
    2777
    2849
    2615
    2579
    2371
    2290
    2161
    2130
    2064
    2039
    1833
    1835
    1700
    1671
    1546
    1491
    1425
    1383
    1294
    1305
    1208
    1103
    1187
    1050
    1015
     932
     939
     870
     834
     794
     827
     844
     809
     789
     770
     685
     729
     792
     743
     789
     740
     710
     696
     718
     778
     781
     735
     846
     855
     918
     922
     941
    1000
     984
    1067
    1140
    1206
    1222
    1336
    1399
    1410
    1478
    1486
    1608
    1613
    1709
    1829
    1841
    2000
    2037
    2117
    2148
    2193
    2291
    2334
    2433
    2484
    2546
    2702
    2714
    2812
    2735
    2848
    3009
    3035
    3004
    3046
    3057
    3025
    3117
    3151
    3166
    3197
    3253
    3220
    3145
    3122
    3094
    3120
    2973
    3013
    3065
    2839
    2979
    2949
    2776
    2763
    2648
    2574
    2602
    2479
    2468
    2307
    2254
    2248
    2084
    2042
    2061
    1936
    1927
    1804
    1815
    1712
    1627
    1562
    1528
    1480
    1406
    1395
    1286
    1253
    1236
    1152
    1133
    1055
    1017
     947
     939
     877
     810
     830
     742
     754
     746
     663
     612
     611
     588
     568
     585
     483
     511
     490
     454
     449
     467
     433
     402
     385
     376
     344
     340
     359
     311
     327
     307
     313
     274
     282
     265
     282
     252
     263
     228
     255
     206
     233
     254
     232
     205
     221
     227
     182
     193
     207
     216
     198
     192
     168
     210
     197
     190
     186
     177
     167
     195
     156
     193
     171
     185
     188
     170
     164
     151
     177
     165
     163
     177
     161
     190
     168
     174
     194
     183
     144
     152
     178
     197
     156
     164
     149
     145
     159
     168
     146
     166
     150
     161
     151
     175
     151
     141
     180
     146
     151
     160
     158
     167
     155
     161
     171
     140
     144
     153
     181
     147
     169
     130
     133
     131
     153
     165
     148
     143
     143
     155
     153
     148
     129
     151
     154
     155
     140
     161
     140
     153
     173
     138
     152
     151
     159
     147
     143
     157
     154
     169
     135
     160
     155
     147
     137
     167
     159
     141
     147
     129
     144
     151
     158
     146
     127
     157
     144
     159
     128
     158
     134
     139
     149
     134
     131
     171
     148
     137
     132
     134
     142
     106
     144
     140
     150
     131
     142
     138
     132
     126
     146
     131
     142
     146
     135
     132
     134
     150
     134
     133
     113
     142
     128
     147
     123
     150
     110
     127
     157
     134
     132
     136
     116
     137
     130
     134
     132
     130
     156
     119
     151
     140
     125
     129
     123
     126
     133
     142
     116
     126
     149
     131
     139
     135
     136
     134
     132
     130
     122
     125
     138
     122
     138
     142
     136
     142
     120
     126
     126
     127
     136
     129
     113
     130
     145
     128
     117
     121
     138
     125
     126
     138
     126
     121
     138
     119
     139
     108
     127
     127
     123
     136
     129
     114
     130
     110
     109
     121
     110
     118
     120
     113
     119
     135
     157
     111
     115
     115
     137
     128
     119
     124
     125
     131
     126
     130
     112
     120
     122
     126
     114
     129
     135
     129
     118
     124
     127
     124
     104
     110
     132
     140
     127
     117
     108
     105
     131
     132
     110
     118
     126
     122
     113
     110
     126
     117
     103
     122
     103
      83
     107
     124
     109
     120
     113
     133
     107
     110
     112
     120
      97
     123
     120
     121
     115
      97
      92
     102
     121
     115
     118
     101
     106
      95
     106
     122
     106
     109
      98
     123
     112
     108
     121
     111
     116
      91
     103
     128
     130
     108
      90
     109
     111
     106
     126
     118
     106
      93
     108
     114
     106
     101
     117
     110
      95
     106
     100
      99
     115
     121
     108
     113
     115
     102
     113
     106
     110
     103
      89
      94
     111
     124
      98
      89
      91
     104
      86
     105
      88
     114
      90
     107
     115
     115
     105
     104
      85
      99
      91
      93
     105
     106
      97
     105
     104
     104
      76
      95
      85
     106
      96
     103
     103
     101
     111
      99
      89
     102
     102
      94
      80
      91
      93
      92
     107
      85
      91
      95
      96
      91
      92
      95
     113
      94
      89
      93
      93
     100
      92
      82
      96
     107
      99
     101
      96
      96
      92
      98
      82
      81
      85
     103
      73
      97
      82
      90
      89
     100
      83
      88
      84
      99
     101
      93
      91
      83
      95
     136
     107
      94
      84
      82
      94
      87
      71
     118
      97
      90
      89
      96
     121
      85
     107
      76
      99
      99
      88
      88
      92
      88
     102
      91
      93
     101
      80
      91
      99
      94
      97
      76
      76
      94
      92
      84
      82
      85
      75
     107
     100
      83
      94
      98
      83
     103
      92
      85
      98
     102
     101
      99
     121
      79
      85
      80
      92
      98
      99
      87
      95
     112
      99
      96
      90
      87
      83
      88
      89
      83
      94
      96
      89
      91
      92
      93
      86
     100
      72
      91
      91
     104
      94
     101
      96
      82
      79
     105
      91
     109
      90
      89
     103
     101
      85
      95
      99
      87
     100
      85
     104
      83
      87
      85
      89
      79
      90
      77
     104
      88
      92
      94
      94
      82
     112
     100
      89
      99
      95
      77
      80
      97
      91
     100
      91
      88
      82
      90
      98
      81
      91
      88
      75
      75
      97
      87
      90
      78
      87
      73
      83
      85
      86
      88
      96
      88
      93
      86
      86
     101
      87
      78
      97
      85
      81
      91
      82
      76
      85
      80
      84
      94
      79
      78
      86
      75
      87
      80
      87
      85
      66
      74
      71
      67
      69
      77
      82
      69
      71
      58
      75
      62
      53
      57
      62
      61
      79
      65
      40
      56
      65
      52
      58
      72
      60
      38
      53
      48
      49
      46
      49
      48
      46
      52
      44
      36
      40
      44
      34
      39
      40
      38
      37
      36
      41
      48
      38
      43
      36
      34
      45
      39
      26
      29
      32
      33
      27
      42
      36
      31
      33
      26
      34
      32
      24
      21
      36
      28
      29
      30
      29
      27
      32
      23
      28
      31
      18
      27
      28
      26
      14
      13
      13
      22
      19
      20
      28
      19
      22
      25
      13
      19
      20
      27
      24
      26
      15
      24
      28
      31
      28
      24
      30
      24
      16
      20
      23
      24
      27
      20
      22
      29
      34
      27
      30
      35
      34
      42
      36
      37
      38
      39
      44
      37
      38
      42
      46
      48
      54
      55
      51
      42
      38
      51
      51
      52
      64
      63
      57
      63
      73
      70
      78
      80
      72
      65
      98
      78
      98
      93
      95
      73
      88
      78
      79
     107
      93
      82
     104
     106
      99
      99
     108
      93
     100
     104
     127
     129
     117
      80
     113
     122
     116
     111
     116
     116
     113
     103
     107
     118
     106
     107
      93
     114
     125
     115
     121
     109
     111
      97
      98
      94
      98
      90
     103
     101
     105
      88
     100
      91
     106
      89
      88
      95
      99
      89
      89
      78
      81
      76
      66
      79
      82
      67
      64
      72
      63
      66
      63
      72
      74
      69
      47
      44
      52
      38
      47
      55
      39
      37
      47
      39
      47
      40
      42
      21
      46
      40
      28
      36
      26
      21
      24
      26
      29
      25
      22
      30
      31
      20
      21
      18
      19
      14
      10
      12
      13
      20
      21
      13
      12
      13
       7
      12
       9
       9
      10
       9
       7
       6
       5
      10
       9
       8
       9
       5
       8
       2
      10
       4
       3
       5
       5
       2
       7
       3
       3
       2
       3
       4
       4
       3
       4
       6
       3
       6
       1
       1
       4
       4
       2
       4
       4
       1
       2
       3
       0
       2
       3
       2
       0
       2
       2
       3
       5
       2
       0
       1
       0
       1
       2
       0
       0
       2
       2
       0
       2
       1
       1
       3
       2
       1
       0
       5
       2
       4
       0
       3
       1
       1
       3
       2
       0
       1
       2
       1
       1
       0
       1
       0
       0
       0
       0
       0
       0
       0
       0
       0
       0
       0
       0
       0
       0
       0
       0
       0
       0
       0
       0
       0
       0
       0
       0
       0
       0
       0
       0
       0
       0
       0
       0
$ROI:
3
798 917
921 1051
1769 1939
$PRESETS:
None
0
0
$ENER_FIT:
-43.015625 1.438746
$MCA_CAL:
3
-4.301563E+001 1.438746E+000 -3.635760E-005 keV
$SHAPE_CAL:
3
5.967719E+001 -6.308020E-002 3.454509E-005
