$SPEC_ID:
No sample description was entered.
$SPEC_REM:
DET# 4
DETDESC# RBS-D MCB 129 Input 2
AP# Maestro Version 6.08
$DATE_MEA:
01/01/2008 05:14:23
$MEAS_TIM:
7 7
$DATA:
0 2047
       0
       0
       0
       0
       0
       5
       1
       6
       1
       4
       3
       2
       3
       2
       2
       2
       3
       2
       2
       2
       1
       6
       3
       3
       4
       3
       5
       2
       3
       3
       4
       1
       5
       1
       6
       4
       3
       4
       4
       1
       6
       3
       8
       4
       5
       6
       4
       8
       7
       4
       8
       7
       9
       6
      11
      13
      10
       9
      10
      14
      11
      11
       9
      10
       9
       9
       3
       8
      17
      13
       8
      14
      13
       5
      12
      11
       9
      14
      14
      15
       7
       6
       7
       9
      11
      13
      12
      10
      14
       5
      10
       8
      13
       6
       7
       7
      16
       8
      14
      11
      14
       9
       4
       1
      12
       4
      12
       8
      10
      10
       6
      11
       2
       9
       8
       8
       5
      12
       8
      12
       7
      12
      11
      11
       9
      11
       8
       7
       8
       6
       7
       6
      12
       9
       7
      16
      10
       8
       6
       7
       8
       4
       6
       6
       5
      10
       6
       7
       6
       1
       2
       6
       6
       9
       4
       9
       8
       5
       7
       9
       7
       6
       4
       4
       9
       7
       7
       5
       2
       8
       6
       4
      11
       6
       5
       5
       9
       7
       5
       8
       3
       5
       4
       4
       3
       6
       4
       8
       5
      12
       1
       7
       4
       3
       2
       6
       5
       4
       3
       3
       5
       6
       6
       3
       4
       3
       6
       6
       4
       4
       4
       6
       5
       4
       6
       2
       6
       3
       4
       6
       3
       3
       5
       2
       4
       5
       5
       8
       4
       6
       3
       2
       4
       3
       3
       6
       4
       4
       2
       3
       8
       4
       2
       5
       8
       5
       1
       5
       4
       4
       5
       2
       2
       2
       3
       5
       2
       2
       3
       2
       3
       1
       3
       4
       3
       5
       2
       3
       4
       3
       5
       1
       1
       2
       3
       7
       1
       3
       5
       1
       2
       2
       4
       2
       5
       2
       5
       3
       3
       0
       2
       0
       2
       2
       4
       1
       2
       1
       3
       5
       3
       3
       3
       3
       3
       2
       1
       5
       4
       5
       2
       2
       3
       0
       1
       2
       4
       4
       2
       2
       3
       1
       4
       0
       0
       1
       4
       3
       4
       1
       4
       0
       4
       4
       2
       2
       2
       1
       4
       3
       1
       2
       0
       2
       4
       3
       4
       2
       3
       3
       3
       5
       3
       2
       6
       2
       4
       1
       4
       3
       0
       3
       3
       3
       4
       2
       2
       0
       5
       4
       2
       1
       2
       2
       3
       4
       7
       2
       3
       2
       2
       2
       2
       1
       1
       2
       4
       6
       1
       2
       2
       2
       3
       1
       1
       1
       3
       0
       1
       2
       1
       2
       1
       3
       2
       1
       2
       2
       4
       3
       1
       0
       3
       2
       1
       1
       2
       2
       2
       1
       1
       4
       1
       1
       3
       4
       2
       4
       1
       1
       4
       0
       3
       3
       4
       2
       1
       1
       2
       0
       3
       1
       4
       3
       3
       2
       2
       2
       0
       2
       1
       5
       0
       0
       1
       0
       0
       3
       2
       2
       2
       3
       2
       2
       1
       1
       2
       0
       3
       2
       1
       2
       2
       3
       2
       0
       1
       4
       1
       3
       2
       1
       3
       5
       4
       3
       0
       1
       2
       1
       3
       1
       0
       0
       2
       2
       1
       0
       3
       2
       1
       4
       5
       3
       7
       1
       4
       1
       0
       2
       3
       5
       4
       2
       0
       4
       5
       2
       4
       2
       1
       4
       1
       1
       1
       0
       2
       2
       2
       3
       1
       2
       2
       3
       2
       1
       0
       0
       1
       0
       0
       2
       1
       1
       3
       2
       3
       1
       4
       2
       0
       3
       1
       3
       1
       3
       1
       0
       3
       3
       3
       3
       2
       2
       3
       1
       2
       3
       0
       2
       3
       3
       1
       4
       3
       3
       3
       1
       4
       1
       3
       3
       3
       3
       0
       0
       4
       1
       4
       3
       4
       4
       4
       3
       2
       1
       5
       2
       3
       2
       3
       2
       3
       2
       1
       0
       1
       3
       5
       5
       4
       1
       3
       2
       2
       2
       0
       0
       1
       3
       3
       1
       6
       4
       3
       1
       1
       3
       1
       2
       3
       1
       4
       2
       2
       4
       2
       2
       4
       1
       1
       1
       3
       2
       3
       2
       3
       4
       3
       3
       1
       2
       3
       0
       2
       1
       4
       1
       2
       0
       0
       3
       3
       8
       0
       1
       3
       1
       5
       4
       2
       1
       1
       1
       2
       0
       1
       4
       4
       1
       4
       2
       2
       1
       6
       4
       2
       4
       4
       3
       2
       1
       2
       3
       2
       4
       1
       3
       2
       3
       1
       4
       0
       1
       1
       3
       1
       3
       1
       2
       4
       1
       2
       5
       2
       1
       3
       2
       7
       3
       3
       3
       4
       1
       3
       0
       2
       1
       2
       3
       2
       0
       3
       1
       1
       2
       1
       3
       1
       3
       0
       1
       2
       0
       1
       2
       0
       1
       2
       1
       3
       1
       0
       0
       0
       3
       0
       1
       2
       2
       2
       6
       0
       1
       0
       2
       2
       1
       1
       0
       0
       2
       0
       0
       2
       4
       3
       2
       3
       0
       0
       0
       0
       0
       3
       0
       3
       1
       1
       1
       0
       0
       1
       0
       2
       2
       0
       1
       0
       2
       0
       1
       1
       1
       2
       3
       1
       2
       3
       1
       4
       2
       0
       2
       1
       0
       3
       1
       1
       0
       0
       5
       1
       1
       2
       2
       3
       5
       2
       3
       2
       1
       2
       2
       2
       2
       4
       2
       2
       8
       5
       5
       6
       5
       2
       7
       2
       4
       3
       3
       6
       4
       7
       8
       3
       3
       8
       2
       3
       8
       8
       5
       9
       6
       5
       3
       6
       4
       5
       7
       3
       3
       6
       5
       2
       7
       2
       2
       4
       0
       5
       4
       7
       2
       3
       2
       8
       3
       4
       1
       0
       1
       3
       2
       2
       5
       0
       2
       3
       0
       1
       0
       1
       0
       2
       2
       3
       0
       0
       1
       2
       0
       1
       0
       1
       0
       1
       0
       1
       0
       0
       0
       1
       1
       1
       0
       0
       0
       0
       2
       1
       2
       1
       0
       0
       0
       1
       1
       2
       1
       0
       0
       3
       1
       0
       3
       3
       5
       1
       1
       2
       3
       5
       7
       1
       3
       5
       5
       4
       3
       2
       4
       7
       3
       4
       1
       3
       4
       2
       2
       5
       3
       3
       5
       2
       2
       4
       2
       4
       4
       3
       5
       1
       5
       6
       2
       5
       3
       7
       2
       4
       2
       1
      10
       1
       2
       3
       1
       4
       2
       2
       3
       2
       1
       2
       1
       0
       2
       1
       1
       1
       1
       1
       1
       0
       4
       1
       2
       0
       1
       0
       4
       0
       1
       1
       2
       1
       0
       1
       0
       0
       0
       0
       1
       0
       0
       0
       0
       0
       0
       1
       0
       0
       1
       1
       0
       0
       0
       0
       0
       0
       2
       0
       0
       0
       0
       0
       0
       0
       0
       0
       0
       0
       0
       0
       1
       0
       1
       0
       0
       0
       0
       0
       0
       0
       1
       0
       0
       0
       1
       0
       0
       0
       0
       0
       0
       0
       0
       0
       0
       0
       0
       0
       0
       0
       0
       1
       0
       0
       0
       0
       0
       0
       0
       1
       0
       0
       0
       0
       0
       0
       0
       0
       0
       0
       0
       0
       0
       0
       0
       0
       0
       0
       0
       0
       0
       0
       0
       0
       0
       0
       0
       0
       0
       0
       0
       0
       0
       0
       0
       0
       0
       0
       0
       0
       0
       0
       0
       0
       0
       0
       0
       0
       0
       0
       0
       0
       0
       0
       0
       0
       1
       0
       0
       0
       0
       0
       0
       0
       0
       0
       0
       0
       0
       0
       0
       0
       0
       0
       0
       0
       0
       0
       0
       0
       0
       0
       0
       0
       0
       0
       0
       0
       0
       0
       0
       0
       0
       0
       0
       0
       0
       0
       0
       0
       0
       0
       0
       0
       0
       1
       0
       0
       0
       0
       0
       0
       0
       0
       0
       0
       0
       0
       0
       0
       0
       0
       0
       0
       0
       0
       0
       0
       0
       0
       0
       0
       0
       0
       0
       0
       0
       0
       0
       0
       0
       0
       0
       0
       0
       0
       1
       0
       1
       0
       0
       0
       0
       0
       0
       0
       0
       0
       0
       0
       0
       0
       0
       0
       0
       0
       0
       0
       0
       0
       0
       0
       0
       0
       0
       0
       0
       0
       0
       0
       0
       0
       0
       0
       0
       0
       0
       0
       0
       0
       0
       0
       0
       0
       0
       0
       0
       0
       0
       0
       0
       0
       0
       0
       0
       0
       0
       0
       0
       0
       0
       0
       0
       0
       0
       0
       0
       0
       0
       0
       0
       0
       0
       0
       0
       0
       0
       0
       0
       0
       0
       0
       0
       0
       0
       0
       0
       0
       0
       0
       0
       0
       0
       0
       0
       0
       0
       0
       0
       0
       0
       0
       0
       0
       0
       0
       0
       0
       0
       0
       0
       0
       0
       0
       0
       0
       0
       0
       0
       0
       0
       0
       0
       0
       0
       0
       0
       0
       1
       0
       0
       0
       0
       0
       0
       0
       0
       0
       0
       0
       0
       1
       0
       0
       0
       0
       0
       0
       0
       0
       0
       0
       0
       0
       0
       0
       0
       0
       0
       0
       0
       0
       0
       0
       0
       0
       0
       0
       0
       0
       0
       0
       0
       0
       0
       0
       0
       0
       0
       0
       0
       0
       0
       0
       0
       0
       0
       0
       0
       0
       0
       0
       0
       0
       0
       0
       0
       0
       0
       0
       0
       0
       0
       0
       0
       0
       0
       0
       0
       0
       0
       0
       0
       0
       0
       0
       0
       0
       0
       0
       0
       0
       0
       0
       0
       0
       0
       0
       0
       0
       0
       0
       0
       0
       0
       0
       0
       0
       0
       0
       0
       0
       0
       0
       0
       0
       0
       0
       0
       0
       0
       0
       0
       0
       0
       0
       1
       0
       0
       0
       0
       0
       0
       0
       0
       0
       0
       0
       0
       0
       0
       0
       0
       0
       0
       0
       0
       0
       0
       0
       1
       0
       0
       0
       0
       0
       0
       0
       0
       0
       0
       0
       0
       0
       0
       0
       0
       0
       0
       0
       0
       0
       0
       1
       0
       0
       0
       0
       0
       0
       0
       0
       0
       0
       0
       0
       0
       0
       0
       0
       0
       0
       0
       0
       0
       0
       0
       0
       0
       0
       1
       0
       0
       0
       0
       0
       0
       0
       0
       0
       0
       0
       0
       0
       0
       0
       0
       0
       0
       0
       0
       0
       1
       0
       0
       0
       0
       0
       0
       0
       0
       0
       0
       0
       0
       0
       0
       0
       0
       0
       0
       0
       0
       0
       0
       0
       0
       1
       0
       1
       0
       0
       0
       0
       0
       0
       0
       0
       0
       0
       0
       0
       0
       0
       0
       0
       0
       0
       0
       0
       0
       0
       0
       0
       0
       0
       0
       0
       0
       0
       0
       0
       0
       0
       0
       0
       0
       0
       0
       0
       0
       0
       0
       0
       0
       0
       0
       0
       0
       0
       0
       0
       0
       0
       0
       0
       1
       0
       0
       0
       0
       0
       0
       0
       0
       0
       0
       0
       0
       0
       0
       0
       0
       0
       0
       0
       0
       0
       0
       0
       0
       0
       0
       0
       0
       0
       0
       0
       0
       0
       0
       0
       0
       0
       0
       0
       0
       0
       0
       0
       0
       0
       0
       0
       1
       0
       0
       0
       0
       0
       0
       0
       0
       0
       0
       0
       0
       0
       0
       0
       0
       0
       0
       0
       0
       0
       0
       0
       0
       0
       0
       0
       0
       0
       0
       0
       1
       0
       0
       0
       0
       0
       0
       0
       0
       0
       0
       0
       0
       0
       0
       0
       0
       0
       0
       0
       0
       0
       0
       0
       0
       0
       0
       0
       0
       0
       0
       0
       0
       0
       0
       0
       0
       0
       0
       0
       0
       0
       0
       0
       0
       0
       0
       0
       0
       0
       0
       0
       0
       0
       0
       0
       0
       0
       0
       0
       0
       0
       0
       0
       0
       0
       0
       0
       0
       0
       0
       0
       0
       0
       0
       0
       0
       0
       0
       0
       0
       0
       0
       0
       0
       0
       0
       0
       0
       0
       0
       0
       0
       0
       0
       0
       0
       0
       0
       0
       0
       0
       0
       0
       0
       0
       0
       0
       0
       0
       0
       0
       0
       0
       0
       0
       0
       0
       0
       1
       0
       0
       0
       0
       0
       0
       0
       0
       0
       0
       0
       1
       0
       0
       0
       0
       0
       0
       0
       0
       0
       0
       0
       0
       0
       0
       0
       0
       0
       0
       0
       0
       0
       0
       0
       0
       0
       0
       0
       0
       0
       0
       0
       0
       0
       0
       0
       0
       0
       0
       0
       0
       0
       0
       0
       0
       0
       0
       0
       0
       0
       0
       0
       0
       0
       0
       0
       0
       0
       0
       0
       0
       0
       0
       0
       0
       0
       0
       0
       0
       0
       0
       0
       0
       0
       0
       0
       0
       0
       0
       0
       0
       0
       0
       0
       0
       0
       0
       0
       0
       0
       0
       0
       0
       0
       0
       0
       0
       0
       0
       0
       0
       0
       0
       0
       0
       0
       0
       0
       0
       0
       0
       0
       0
       0
       0
       0
       0
       0
       0
       0
       0
       0
       0
       0
       0
       0
       0
       0
       0
       0
       0
       0
       0
       0
       0
       0
       0
       0
       0
       0
       0
       0
       0
       0
       0
       0
$ROI:
3
765 917
921 1051
1769 1939
$PRESETS:
None
0
0
$ENER_FIT:
-43.015625 1.438746
$MCA_CAL:
3
-4.301563E+001 1.438746E+000 -3.635760E-005 keV
$SHAPE_CAL:
3
5.967719E+001 -6.308020E-002 3.454509E-005
