$SPEC_ID:
No sample description was entered.
$SPEC_REM:
DET# 4
DETDESC# RBS-D MCB 129 Input 2
AP# Maestro Version 6.08
$DATE_MEA:
01/01/2008 05:33:12
$MEAS_TIM:
508 519
$DATA:
0 2047
       0
       0
       0
       0
       0
     298
     187
     192
     210
     200
     205
     192
     220
     215
     202
     231
     238
     221
     220
     240
     246
     241
     232
     269
     285
     260
     285
     282
     275
     260
     256
     263
     306
     230
     259
     267
     293
     319
     328
     338
     331
     371
     391
     392
     374
     397
     414
     414
     492
     472
     512
     492
     559
     567
     570
     592
     636
     653
     636
     662
     723
     732
     752
     673
     734
     724
     783
     725
     757
     785
     756
     752
     804
     799
     817
     785
     804
     771
     747
     734
     772
     750
     744
     807
     748
     758
     799
     806
     802
     725
     744
     784
     756
     769
     729
     722
     723
     697
     734
     725
     691
     715
     702
     719
     700
     689
     685
     700
     649
     701
     674
     663
     672
     670
     640
     673
     633
     636
     638
     583
     608
     594
     663
     592
     575
     590
     580
     572
     592
     577
     531
     546
     506
     534
     569
     530
     536
     468
     492
     480
     520
     487
     524
     515
     529
     452
     493
     481
     455
     523
     467
     478
     474
     448
     469
     432
     447
     500
     488
     527
     496
     489
     508
     490
     502
     449
     481
     472
     464
     482
     484
     482
     474
     496
     490
     480
     458
     496
     482
     423
     458
     469
     433
     472
     495
     389
     449
     397
     409
     420
     459
     430
     421
     389
     368
     370
     400
     361
     383
     360
     346
     349
     353
     343
     357
     361
     336
     357
     344
     357
     361
     326
     310
     296
     327
     315
     306
     327
     290
     307
     292
     320
     326
     307
     301
     324
     323
     304
     302
     339
     303
     310
     283
     332
     306
     288
     292
     261
     281
     282
     284
     296
     300
     287
     297
     251
     242
     273
     290
     276
     280
     271
     254
     238
     263
     261
     245
     259
     287
     243
     278
     248
     250
     260
     237
     230
     223
     257
     249
     254
     224
     223
     223
     230
     217
     206
     205
     201
     241
     215
     231
     213
     253
     174
     203
     211
     200
     199
     200
     180
     210
     202
     200
     191
     189
     199
     179
     205
     155
     190
     183
     209
     176
     198
     183
     187
     174
     194
     211
     209
     189
     182
     211
     202
     155
     185
     170
     194
     202
     183
     161
     154
     168
     193
     160
     193
     195
     168
     167
     134
     166
     173
     187
     158
     173
     190
     177
     161
     189
     167
     148
     168
     158
     192
     183
     166
     178
     145
     158
     176
     152
     176
     164
     167
     167
     162
     157
     183
     181
     164
     160
     153
     156
     154
     173
     174
     151
     165
     146
     133
     165
     150
     142
     143
     155
     136
     153
     146
     162
     151
     152
     170
     144
     122
     172
     141
     148
     178
     169
     184
     143
     163
     185
     156
     165
     155
     183
     169
     180
     147
     162
     146
     125
     139
     129
     137
     162
     148
     141
     152
     159
     151
     149
     157
     176
     157
     180
     164
     158
     155
     142
     138
     160
     165
     158
     154
     148
     136
     162
     138
     141
     149
     144
     163
     169
     132
     162
     150
     145
     174
     160
     160
     156
     134
     134
     172
     145
     191
     154
     148
     159
     148
     159
     176
     143
     144
     164
     155
     147
     155
     157
     143
     173
     157
     191
     160
     156
     146
     156
     143
     138
     145
     150
     141
     158
     125
     121
     145
     152
     151
     141
     142
     143
     149
     147
     158
     125
     137
     151
     131
     147
     156
     123
     156
     153
     140
     164
     136
     145
     152
     124
     139
     166
     159
     150
     159
     128
     139
     134
     156
     129
     156
     150
     137
     146
     134
     124
     158
     143
     129
     155
     159
     142
     135
     138
     121
     163
     132
     162
     140
     140
     156
     156
     137
     150
     159
     147
     147
     147
     141
     140
     140
     128
     144
     130
     170
     141
     151
     139
     154
     160
     141
     171
     144
     151
     139
     148
     157
     161
     139
     135
     181
     155
     152
     137
     152
     161
     145
     145
     161
     149
     158
     152
     133
     154
     142
     173
     131
     154
     137
     136
     167
     158
     141
     134
     153
     136
     137
     163
     128
     148
     144
     144
     160
     151
     131
     150
     171
     153
     146
     159
     167
     171
     119
     145
     162
     148
     129
     179
     168
     152
     154
     160
     160
     161
     148
     155
     189
     177
     169
     159
     149
     174
     161
     164
     184
     162
     161
     160
     160
     171
     192
     152
     164
     172
     169
     197
     160
     154
     169
     170
     155
     160
     162
     177
     159
     160
     183
     171
     167
     178
     185
     196
     146
     168
     172
     162
     190
     175
     192
     153
     193
     184
     176
     161
     160
     171
     163
     162
     169
     153
     195
     152
     158
     161
     146
     155
     170
     180
     138
     157
     181
     167
     168
     174
     148
     178
     171
     152
     154
     150
     143
     177
     165
     133
     163
     144
     142
     168
     125
     144
     155
     152
     142
     144
     162
     149
     156
     117
     138
     144
     134
     126
     117
     107
     124
     124
     133
     125
     112
     117
     100
     125
     110
     123
     116
     109
     158
     136
     119
     132
     125
     117
      87
     112
     109
     116
     133
     106
     105
     118
     131
     110
     121
     107
     105
     105
     130
      92
     126
      93
     111
      86
     114
     117
     127
      96
     107
      97
      99
     106
     114
     105
      91
      95
     107
      96
     106
     114
     107
     110
     101
     105
     117
     107
     105
      90
      95
     107
     104
      94
     102
      81
      93
      94
      79
      79
     106
     107
      92
      97
     104
      76
      94
      89
      97
      74
      88
      99
      86
      86
      83
      97
      80
     100
      96
      90
     108
     113
     101
      82
      94
      89
     101
      98
     106
     106
     110
     124
     108
     118
     113
     105
     129
     131
     155
     144
     147
     172
     167
     177
     181
     187
     196
     211
     196
     230
     224
     238
     241
     241
     260
     267
     281
     238
     283
     266
     308
     279
     340
     316
     329
     336
     316
     349
     344
     365
     353
     351
     396
     359
     317
     352
     347
     357
     334
     341
     367
     330
     345
     335
     321
     317
     305
     315
     291
     296
     290
     314
     260
     246
     260
     225
     235
     230
     190
     217
     177
     180
     186
     166
     155
     144
     157
     142
     133
     132
     117
     108
     117
      92
     104
      93
      93
      67
      76
      77
      62
      48
      72
      67
      40
      54
      53
      49
      54
      57
      68
      52
      59
      50
      56
      52
      54
      61
      55
      62
      70
      66
      67
      60
      67
      79
      76
      88
      72
      81
      71
      86
      87
     101
     105
     111
     118
     120
     149
     141
     127
     159
     152
     167
     151
     185
     194
     178
     205
     176
     216
     239
     211
     250
     244
     236
     263
     246
     209
     257
     252
     235
     238
     270
     275
     249
     291
     269
     260
     261
     266
     255
     259
     255
     236
     270
     254
     244
     238
     261
     277
     221
     215
     241
     244
     228
     235
     207
     212
     190
     157
     195
     173
     148
     140
     150
     160
     138
     137
     105
     141
     121
     125
      99
      98
     108
      92
      77
      91
      81
      67
      69
      70
      54
      66
      66
      68
      54
      53
      34
      38
      39
      36
      39
      39
      43
      39
      46
      27
      27
      25
      16
      26
      26
      25
      28
      13
      21
      31
      25
      16
      18
      21
      11
      32
      25
      17
      21
      14
      12
      23
      23
      23
      28
      15
      12
      17
      20
      26
      15
      18
      15
      25
      21
      17
      17
      14
      13
      11
      14
      15
      20
       9
      18
      13
      15
      13
      18
      16
      10
      12
      14
      13
      10
       8
       6
      12
      14
       8
      15
       7
      15
       7
      11
      10
       5
       5
       8
       8
       4
       3
      11
      13
       9
       7
       5
       4
       3
      14
       3
       5
       4
       2
       8
       3
       3
       9
       6
       8
       5
       4
       6
       4
       3
       8
       3
       4
       2
       3
       3
       2
       3
       2
       2
       3
       4
       3
       4
       3
       6
       5
       5
       8
       3
       7
       3
       3
       6
       4
       3
       1
       5
       6
       5
       6
       2
       2
       4
       4
       4
       3
       4
       6
       2
       4
       4
       4
       4
       3
       0
       3
       4
       3
       2
       4
       5
       0
       2
       1
       2
       4
       4
       4
       2
       6
       4
       3
       3
       1
       6
       0
       4
       4
       3
       3
       5
       5
       2
       1
       3
       4
       5
       1
       4
       7
       0
       2
       3
       1
       4
       0
       3
       3
       2
       1
       1
       7
       5
       1
       4
       3
       0
       3
       3
       7
       5
       3
       4
       1
       0
       2
       4
       2
       3
       3
       6
       1
       5
       4
       3
       3
       2
       5
       3
       3
       4
       5
       3
       2
       1
       2
       4
       5
       2
       2
       5
       6
       3
       5
       3
       5
       4
       4
       5
       1
       3
       2
       2
       3
       2
       3
       5
       5
       5
       5
       5
       3
       1
       6
       4
       3
       1
       2
       1
       1
       2
       8
       7
       4
       4
       1
       5
       1
       2
       5
       7
       4
       2
       2
       2
       6
       4
       2
       2
       6
       1
       3
       1
       6
       4
       2
       3
       1
       3
       3
       2
       1
       2
       2
       2
       3
       2
       2
       2
       3
       4
       2
       2
       2
       2
       0
       6
       1
       3
       5
       5
       4
       3
       2
       3
       4
       2
       4
       3
       2
       4
       1
       3
       5
       1
       6
       0
       3
       3
       4
       3
       2
       1
       2
       2
       2
       1
       2
       2
       1
       2
       3
       2
       1
       2
       8
       6
       5
       3
       3
       0
       4
       1
       1
       4
       1
       1
       0
       4
       1
       1
       1
       0
       3
       3
       3
       1
       2
       4
       2
       1
       1
       1
       1
       2
       2
       3
       4
       1
       1
       1
       1
       1
       1
       2
       2
       1
       2
       1
       1
       6
       2
       3
       2
       3
       5
       0
       1
       2
       1
       2
       2
       1
       3
       3
       3
       3
       1
       3
       1
       0
       0
       2
       1
       0
       1
       2
       1
       0
       1
       3
       3
       3
       3
       1
       1
       0
       2
       1
       2
       1
       3
       0
       2
       3
       0
       1
       3
       3
       1
       2
       1
       2
       3
       3
       1
       2
       3
       3
       1
       1
       2
       3
       3
       0
       0
       0
       3
       2
       2
       3
       2
       3
       1
       2
       2
       2
       2
       3
       1
       2
       0
       3
       2
       1
       4
       0
       6
       2
       0
       1
       3
       4
       1
       2
       2
       2
       4
       5
       3
       2
       5
       1
       0
       5
       2
       5
       4
       0
       3
       6
       4
       0
       1
       2
       5
       1
       2
       3
       3
       3
       2
       3
       4
       3
       3
       5
       2
       1
       1
       2
       1
       4
       0
       2
       1
       2
       2
       3
       3
       3
       1
       4
       2
       3
       4
       1
       3
       1
       1
       2
       3
       2
       3
       2
       4
       1
       0
       0
       5
       0
       1
       1
       3
       1
       2
       1
       0
       1
       4
       2
       4
       2
       0
       0
       1
       1
       1
       2
       4
       5
       0
       3
       3
       2
       2
       2
       0
       1
       2
       1
       1
       2
       3
       2
       1
       1
       6
       4
       5
       3
       1
       1
       3
       2
       2
       5
       3
       4
       2
       2
       2
       1
       4
       3
       3
       0
       3
       2
       2
       4
       2
       0
       2
       1
       2
       1
       0
       1
       0
       1
       0
       1
       2
       1
       0
       3
       4
       0
       3
       1
       2
       2
       0
       2
       1
       1
       0
       1
       1
       1
       1
       1
       0
       0
       3
       1
       1
       1
       2
       4
       0
       2
       1
       2
       0
       1
       1
       0
       2
       1
       0
       1
       1
       1
       1
       0
       1
       1
       1
       1
       1
       1
       1
       1
       1
       0
       0
       1
       1
       2
       0
       2
       2
       0
       0
       2
       0
       4
       0
       0
       0
       1
       0
       1
       1
       1
       1
       0
       0
       2
       1
       1
       1
       0
       1
       0
       0
       0
       1
       1
       1
       0
       0
       0
       0
       0
       2
       0
       1
       2
       3
       0
       0
       0
       2
       0
       1
       0
       1
       0
       1
       0
       1
       2
       0
       1
       0
       0
       0
       0
       0
       1
       1
       1
       1
       0
       0
       1
       2
       0
       0
       0
       2
       1
       1
       4
       2
       1
       1
       0
       1
       1
       1
       0
       1
       1
       3
       1
       2
       1
       0
       1
       0
       4
       1
       0
       0
       1
       2
       4
       0
       1
       0
       0
       1
       3
       1
       1
       3
       3
       1
       2
       4
       1
       1
       0
       0
       0
       0
       1
       2
       3
       0
       3
       2
       3
       1
       4
       0
       0
       0
       1
       2
       3
       1
       6
       3
       3
       4
       1
       2
       5
       5
       0
       0
       6
       4
       6
       2
       4
       1
       3
       4
       1
       0
       3
       4
       1
       2
       4
       0
       2
       2
       1
       5
       4
       5
       3
       4
       1
       1
       2
       2
       3
       2
       5
       0
       4
       4
       1
       1
       1
       2
       2
       4
       1
       3
       4
       4
       2
       0
       1
       1
       0
       3
       0
       0
       1
       2
       1
       3
       2
       2
       0
       0
       1
       1
       0
       1
       4
       1
       2
       1
       0
       2
       1
       1
       0
       1
       0
       0
       1
       0
       1
       3
       0
       0
       2
       1
       1
       0
       0
       0
       0
       0
       0
       1
       1
       1
       1
       0
       0
       1
       0
       0
       0
       0
       2
       1
       0
       0
       0
       1
       0
       1
       0
       0
       0
       0
       1
       0
       0
       0
       0
       0
       0
       0
       0
       0
       0
       0
       1
       0
       0
       1
       0
       0
       0
       0
       0
       0
       0
       0
       0
       0
       0
       0
       0
       0
       0
       0
       0
       0
       0
       0
       0
       0
       0
       0
       0
       0
       0
       0
       0
       0
       0
       0
       0
       0
       0
       0
       0
       0
       0
       0
       0
       0
       0
       0
       0
       0
       0
       0
       0
       0
       0
       0
       0
       0
       0
       0
       0
       0
       0
       0
$ROI:
3
802 910
919 1048
1812 1935
$PRESETS:
None
0
0
$ENER_FIT:
-43.015625 1.438746
$MCA_CAL:
3
-4.301563E+001 1.438746E+000 -3.635760E-005 keV
$SHAPE_CAL:
3
5.967719E+001 -6.308020E-002 3.454509E-005
