$SPEC_ID:
No sample description was entered.
$SPEC_REM:
DET# 4
DETDESC# RBS-D MCB 129 Input 2
AP# Maestro Version 6.08
$DATE_MEA:
01/01/2008 05:15:40
$MEAS_TIM:
18 18
$DATA:
0 2047
       0
       0
       0
       0
       0
      11
       4
      12
       5
       5
       5
       7
       8
       5
       5
      13
       9
       8
       6
       8
       8
      12
       9
       8
       8
       7
      14
      14
      12
      11
      11
       6
      10
       5
      11
       9
      10
       9
      10
       7
      21
       8
      14
      14
      15
      16
      13
      19
      15
      14
      12
      18
      20
      14
      22
      24
      25
      25
      18
      32
      25
      20
      23
      28
      26
      23
      25
      27
      43
      28
      25
      29
      36
      21
      35
      29
      23
      29
      33
      35
      25
      16
      19
      32
      32
      29
      34
      24
      33
      26
      25
      25
      23
      20
      25
      26
      34
      29
      30
      30
      32
      20
      17
      19
      27
      24
      28
      20
      20
      24
      22
      25
      20
      20
      23
      23
      15
      26
      27
      25
      19
      23
      27
      30
      25
      22
      25
      20
      23
      19
      24
      16
      24
      24
      14
      27
      21
      22
      15
      23
      17
      17
      17
      13
      21
      14
      17
      27
      13
       9
      13
      17
      13
      17
      15
      24
      19
      17
      19
      21
      17
      17
      15
      15
      23
      20
      20
      12
      15
      17
      14
      19
      19
      18
      13
      11
      21
      16
      20
      19
      16
      24
      17
      15
      11
      17
      12
      19
      18
      18
       8
      16
      13
       8
       9
      10
      20
      11
       6
       9
      15
      20
      15
      16
      14
      10
      12
      17
      11
      15
      15
      17
      12
      12
      16
      11
      19
      11
       7
      16
      13
      15
      13
       9
      12
      13
      14
      20
      12
       9
      11
       7
      14
       4
       8
      14
       9
      13
       9
       8
      14
       6
      12
       8
      15
      11
      10
      13
       9
      10
      13
       6
       5
       9
       5
      13
      10
       6
      11
       5
       7
       6
      10
       9
       8
      14
       6
       8
       8
       4
       6
       6
       4
       5
       9
      15
       4
       4
      11
       4
       3
       8
       7
      10
      11
      11
      10
       4
       7
       1
       8
       6
       6
       6
       7
       2
       6
       3
       6
       8
      11
       8
       6
       7
       7
      10
       1
       9
       9
      11
       4
       5
       9
       1
       6
       8
       6
       7
       8
       3
       9
       4
       6
       5
       6
       6
       6
       8
       5
       6
       8
       0
       7
       5
       9
       5
       8
       1
       6
       7
       5
       7
       2
       4
       9
       9
      12
       6
       9
      10
       7
       5
       5
       3
      11
       7
       7
       4
       6
       5
       1
       8
       7
       4
       5
       4
       7
       2
       6
       4
       5
       4
       6
       4
       5
       5
       8
       5
       8
       7
       9
       6
       5
       6
       3
       7
       6
       8
       1
       7
       4
       6
       5
       4
       7
       6
       7
       2
       5
       7
       5
       5
       3
       8
       5
       1
       5
       6
       7
       4
       6
       3
       9
       8
       5
       4
       5
       2
       5
       6
       8
       6
       7
       6
       8
      14
       8
       9
       5
       3
       9
       3
       9
       7
       4
      11
       3
       4
       3
       1
       6
       3
       9
       7
       7
       7
       5
       4
       3
       6
       3
       9
       2
       7
       4
       4
       5
       5
       9
       4
       5
       7
       4
       4
       5
       8
       6
       4
       6
       6
       2
       4
       4
       4
       5
       4
       4
       5
       3
       7
       4
       2
       5
       6
      11
       5
       6
       6
       7
       4
       3
       4
       6
       4
       3
       6
       2
       1
       7
       6
       5
       8
       8
       3
       9
       7
       7
       8
       4
       6
       5
       7
       8
       5
       1
       6
      10
       6
       9
       4
       5
       5
       3
       2
       4
       5
       6
       9
       3
       5
       3
       9
       2
       5
       6
       3
       5
       1
       7
       4
       2
       4
       5
       3
       9
       8
       6
       5
       4
       5
       1
       5
       2
       6
       4
       6
       4
       3
       8
       7
       8
       6
       9
       6
       4
      10
       8
       9
       1
       6
       9
       8
       6
       5
       3
       5
       5
       3
       9
       2
       5
       3
       9
       5
       3
       4
       5
       1
       5
       6
      10
       9
       7
       8
       5
       7
       8
       3
       6
       3
       8
       9
       4
       4
       3
       2
       7
       7
      12
      10
       6
       5
       6
       5
       4
       6
       3
       5
       6
       7
       5
       7
       6
       5
       8
       5
       6
       4
       7
       5
      10
       7
       8
       3
       5
       8
       3
       5
       8
       3
       7
       3
       4
       7
       7
       4
       6
       7
      12
       8
       7
       5
       6
       4
       8
       3
       8
       2
       9
       1
       5
       5
       7
      11
       8
       7
       6
       5
       8
       7
       7
       5
       4
       3
       7
       2
       4
       5
       6
       3
       8
       5
       5
       3
      11
       7
       5
       6
       6
       7
       5
       4
       5
       4
       5
      14
       3
       7
       4
       5
       3
       7
       2
       5
       2
       6
       7
       5
       4
       5
       5
       4
       5
       7
       5
       3
       5
       3
       7
       4
       6
       8
       6
       4
       7
       3
       5
       3
       5
       6
       4
       1
       7
       1
       4
       2
       5
       8
       1
       5
       2
       5
       3
       2
       3
       5
       4
       2
       4
       3
       6
       3
       0
       2
       5
       4
       2
       5
       4
       6
       3
       6
       4
       6
       2
       4
       6
       4
       3
       0
       4
       2
       5
       2
       2
       8
       5
       4
       7
       2
       2
       6
       0
       3
       4
       3
       5
       3
       2
       3
       4
       0
       3
       0
       3
       4
       0
       4
       2
       2
       0
       3
       4
       3
       2
       4
       3
       6
       7
       6
       9
       2
       4
       3
       4
       4
       7
       3
       3
       5
       5
       8
       2
       4
       8
       5
       8
       7
       4
       9
       5
       6
       6
       5
       9
       4
       6
       5
       6
      14
       9
       8
      11
       7
       9
      13
       6
      13
      13
       6
      12
      11
      14
      16
      10
       9
      12
       4
      13
      15
      18
       9
      15
      16
      11
       9
      14
      12
      12
      15
      16
      10
      12
      13
      11
      10
       7
      10
       9
       6
      12
       7
      10
       6
       6
       6
      12
       4
      12
       3
       4
       1
       7
       3
      10
       8
       3
       5
       9
       0
       3
       3
       4
       5
       3
       7
       6
       5
       4
       3
       3
       2
       1
       1
       2
       1
       2
       1
       2
       2
       0
       1
       1
       1
       5
       0
       2
       4
       1
       5
       3
       4
       5
       1
       1
       3
       3
       4
       3
       6
       4
       3
       8
       4
       7
       6
       5
      10
       3
       3
       5
      10
       7
       9
       7
       5
       8
      12
      12
      14
       7
      10
       9
       7
      12
      10
       9
       5
       5
       3
      12
       8
       7
      10
       8
      11
      13
       9
      11
      10
      12
      13
      10
      12
      14
       6
       9
       8
      15
       6
       5
      10
       9
      15
       9
      11
       9
       6
       8
       6
       6
       5
       5
       2
       4
       4
       5
       3
       1
       3
       6
       4
       5
       2
       4
       5
       6
       5
       3
       3
       1
       7
       0
       2
       1
       4
       1
       2
       1
       0
       0
       0
       2
       3
       0
       0
       0
       2
       0
       1
       2
       0
       1
       1
       1
       0
       0
       0
       0
       1
       0
       2
       0
       0
       2
       0
       1
       0
       0
       0
       1
       1
       0
       0
       0
       2
       0
       3
       0
       1
       0
       0
       2
       1
       0
       1
       0
       0
       0
       1
       1
       0
       0
       0
       0
       0
       0
       0
       0
       0
       0
       0
       0
       0
       0
       0
       2
       0
       1
       0
       0
       0
       0
       0
       1
       0
       0
       1
       0
       0
       0
       0
       0
       0
       1
       0
       0
       0
       0
       0
       0
       0
       0
       0
       1
       0
       0
       0
       0
       0
       0
       0
       0
       0
       0
       0
       0
       0
       1
       0
       0
       0
       0
       0
       0
       0
       0
       0
       0
       0
       0
       0
       0
       0
       0
       0
       0
       0
       0
       0
       0
       1
       0
       0
       0
       0
       0
       0
       0
       1
       0
       0
       0
       0
       0
       0
       0
       1
       0
       0
       0
       0
       0
       0
       0
       0
       0
       0
       0
       0
       0
       0
       0
       0
       0
       0
       0
       0
       0
       0
       0
       0
       0
       0
       1
       0
       0
       0
       0
       0
       1
       0
       0
       0
       0
       0
       0
       0
       0
       0
       0
       0
       0
       0
       0
       0
       0
       0
       0
       0
       0
       0
       0
       0
       1
       0
       0
       1
       0
       0
       0
       0
       0
       0
       0
       0
       0
       0
       1
       0
       0
       1
       0
       1
       0
       0
       0
       0
       0
       0
       0
       0
       1
       0
       0
       0
       0
       0
       0
       0
       0
       0
       0
       0
       0
       0
       0
       0
       0
       0
       0
       0
       0
       0
       0
       0
       0
       0
       0
       0
       0
       0
       0
       0
       0
       0
       0
       0
       0
       0
       0
       0
       0
       0
       0
       0
       0
       0
       0
       1
       0
       0
       0
       0
       0
       0
       0
       0
       1
       0
       0
       0
       0
       0
       0
       0
       0
       0
       0
       0
       0
       0
       0
       0
       0
       0
       0
       0
       0
       0
       0
       1
       0
       0
       0
       0
       0
       1
       0
       0
       0
       0
       0
       0
       0
       0
       0
       0
       0
       0
       0
       0
       0
       0
       0
       0
       1
       0
       0
       0
       0
       0
       0
       0
       0
       0
       0
       0
       0
       0
       0
       0
       1
       1
       0
       1
       0
       0
       0
       0
       0
       0
       0
       0
       0
       0
       1
       0
       0
       0
       0
       0
       0
       0
       0
       0
       0
       0
       0
       0
       0
       0
       0
       0
       0
       0
       0
       0
       0
       0
       0
       0
       0
       0
       0
       0
       0
       0
       0
       0
       0
       0
       0
       0
       0
       0
       0
       0
       0
       0
       0
       0
       0
       0
       0
       0
       0
       0
       0
       0
       0
       0
       0
       0
       0
       0
       0
       0
       0
       0
       0
       0
       0
       0
       0
       0
       0
       0
       0
       0
       0
       0
       0
       0
       0
       0
       0
       0
       0
       0
       0
       0
       0
       0
       0
       0
       1
       0
       0
       0
       0
       0
       0
       0
       0
       0
       0
       0
       0
       0
       0
       0
       0
       0
       0
       0
       0
       0
       0
       0
       0
       1
       1
       0
       0
       0
       0
       0
       0
       0
       0
       0
       0
       0
       0
       0
       0
       1
       0
       1
       0
       0
       0
       0
       0
       1
       0
       0
       0
       0
       0
       0
       0
       0
       0
       0
       0
       0
       0
       0
       0
       0
       0
       0
       0
       0
       0
       0
       1
       0
       0
       0
       0
       0
       0
       0
       0
       1
       0
       1
       0
       0
       0
       0
       0
       0
       0
       0
       0
       0
       0
       0
       0
       0
       0
       1
       0
       0
       0
       0
       0
       0
       0
       0
       0
       0
       1
       0
       0
       0
       0
       0
       0
       1
       1
       0
       0
       1
       0
       0
       0
       0
       0
       0
       0
       0
       0
       0
       0
       0
       0
       0
       0
       0
       0
       0
       0
       0
       1
       0
       0
       0
       1
       0
       1
       0
       0
       0
       0
       0
       0
       0
       0
       0
       0
       1
       0
       0
       1
       0
       0
       0
       0
       0
       0
       0
       1
       0
       0
       0
       0
       0
       0
       0
       0
       0
       0
       0
       0
       0
       0
       0
       0
       0
       0
       0
       0
       0
       0
       0
       0
       1
       0
       0
       0
       0
       0
       0
       0
       0
       0
       1
       0
       0
       0
       0
       0
       0
       0
       0
       0
       0
       0
       0
       0
       0
       0
       0
       0
       0
       0
       0
       0
       0
       1
       0
       0
       0
       0
       0
       0
       0
       0
       0
       0
       0
       0
       0
       0
       0
       0
       0
       0
       0
       1
       0
       0
       0
       0
       1
       0
       0
       0
       0
       0
       0
       1
       0
       0
       0
       0
       0
       0
       0
       0
       0
       0
       0
       0
       0
       0
       0
       0
       0
       0
       0
       0
       0
       1
       0
       0
       1
       0
       0
       0
       0
       0
       0
       1
       0
       0
       0
       0
       0
       0
       0
       0
       0
       0
       0
       0
       0
       0
       0
       0
       0
       0
       0
       0
       0
       0
       0
       0
       0
       0
       0
       0
       0
       0
       0
       0
       0
       0
       0
       0
       0
       0
       0
       0
       0
       0
       0
       0
       0
       0
       0
       0
       1
       0
       0
       0
       0
       0
       0
       0
       0
       0
       0
       0
       0
       0
       0
       0
       0
       0
       0
       0
       0
       0
       0
       0
       0
       0
       0
       0
       0
       0
       1
       0
       0
       0
       0
       0
       0
       0
       0
       0
       0
       1
       0
       0
       0
       0
       0
       0
       0
       0
       0
       0
       0
       0
       0
       0
       0
       0
       0
       0
       1
       1
       0
       1
       0
       0
       0
       0
       0
       0
       1
       0
       0
       0
       0
       1
       0
       0
       0
       0
       0
       0
       1
       0
       0
       0
       0
       0
       0
       0
       0
       0
       0
       0
       1
       0
       0
       0
       0
       0
       0
       0
       0
       0
       0
       0
       0
       0
       0
       0
       0
       0
       0
       0
       0
       0
       1
       0
       0
       0
       0
       0
       0
       0
       0
       0
       0
       0
       0
       0
       0
       0
       0
       0
       0
       0
       0
       0
       0
       0
       0
       0
       0
       0
       0
       0
       0
       0
       0
       0
       0
       0
       0
       0
       0
       0
       0
       0
       0
       0
       0
       0
       0
       0
       0
       0
       0
       0
       0
       0
       0
       0
       0
       0
       0
       0
       0
       0
       0
       0
       0
       0
       0
       0
       0
       0
       0
       0
       0
       0
       0
       0
       0
       0
       0
       0
       0
       0
       0
       0
       0
       0
       0
       0
       0
       0
       0
       0
       0
       0
       0
       0
       0
       0
       0
       0
       0
       0
       0
       0
       0
$ROI:
3
765 917
921 1051
1769 1939
$PRESETS:
None
0
0
$ENER_FIT:
-43.015625 1.438746
$MCA_CAL:
3
-4.301563E+001 1.438746E+000 -3.635760E-005 keV
$SHAPE_CAL:
3
5.967719E+001 -6.308020E-002 3.454509E-005
