$SPEC_ID:
No sample description was entered.
$SPEC_REM:
DET# 4
DETDESC# RBS-D MCB 129 Input 2
AP# Maestro Version 6.08
$DATE_MEA:
01/01/2008 05:16:05
$MEAS_TIM:
26 27
$DATA:
0 2047
       0
       0
       0
       0
       0
      15
       8
      13
      10
       8
       7
       9
      11
      14
       6
      18
      12
      12
      17
      14
      16
      16
      14
      15
      12
      14
      16
      18
      14
      17
      14
      11
      14
       6
      16
      14
      13
      13
      14
      10
      26
      13
      19
      22
      19
      20
      18
      22
      24
      25
      20
      28
      26
      28
      31
      34
      37
      31
      32
      44
      36
      34
      42
      46
      40
      40
      37
      40
      57
      38
      40
      39
      48
      33
      44
      44
      42
      34
      44
      46
      34
      27
      37
      50
      40
      41
      53
      32
      54
      39
      37
      42
      32
      36
      36
      41
      47
      36
      42
      45
      41
      29
      32
      26
      43
      33
      38
      31
      26
      34
      31
      40
      31
      31
      32
      34
      30
      33
      40
      38
      33
      32
      33
      34
      34
      29
      39
      27
      34
      26
      33
      27
      27
      32
      16
      37
      28
      24
      20
      32
      26
      25
      22
      20
      26
      21
      24
      33
      20
      19
      21
      23
      20
      27
      26
      35
      29
      22
      30
      35
      19
      26
      25
      20
      29
      27
      35
      19
      24
      27
      18
      26
      24
      24
      20
      19
      36
      20
      31
      24
      25
      31
      22
      23
      18
      23
      17
      25
      29
      27
      10
      22
      21
      14
      16
      12
      25
      17
       9
      12
      19
      24
      25
      22
      22
      19
      23
      26
      13
      18
      21
      21
      20
      21
      20
      17
      22
      16
      15
      20
      19
      21
      20
      12
      18
      19
      21
      24
      19
      10
      19
      15
      18
      11
      11
      21
      14
      19
      13
      12
      21
       9
      17
      15
      21
      15
      18
      20
      18
      19
      14
       9
       8
      17
       8
      15
      15
       8
      17
       7
       9
      11
      13
      17
      10
      19
       7
      13
       9
      10
       8
       8
       6
       9
      15
      17
       7
       7
      16
       6
       7
      13
      10
      12
      16
      15
      14
       8
       8
       4
      10
       9
      14
       9
      12
       7
      10
       9
      10
      11
      12
      10
       9
      11
      11
      12
       3
      12
      12
      15
       5
      11
      11
       8
      13
       9
       7
       9
       9
       5
      13
       6
      13
       6
       8
       9
      10
       8
       5
       7
      11
       2
       9
       8
      10
      10
      11
       2
       6
       8
       7
       9
       5
       7
       9
      12
      16
       7
      14
      11
       9
       7
      12
       5
      16
      10
       8
       5
      10
       7
       4
      10
       8
       5
       5
       5
      12
       5
      11
       5
       6
       6
       8
       9
       9
       5
      14
       9
      11
       8
      11
       6
       7
       9
       7
      10
      12
      12
       6
       9
       7
       6
       6
       9
      12
      11
       8
       5
       7
       9
       7
       7
       5
       9
       6
       3
       6
       8
      12
       8
       7
       6
      10
      10
       6
       6
       8
       3
       7
       9
      10
      10
       9
       8
      13
      20
       9
      14
       7
       5
      11
       4
      14
      12
       5
      15
       5
       4
       6
       3
       9
       4
      12
      11
      10
      10
       7
       7
       5
       9
       8
      12
       5
      10
       7
       7
       7
      12
      13
       7
       7
      10
       8
       5
       6
      11
       9
      10
      11
       7
       4
       5
       6
       7
      10
       6
       6
       9
       4
      10
       5
       7
       8
       9
      12
       9
      10
       8
       7
       5
       7
       7
       7
       5
       4
       8
       5
       4
       9
       8
       8
      11
      11
       6
      13
      11
      12
      11
       8
       8
       8
      12
       9
       7
       4
       9
      12
      12
       9
       6
       8
      12
       5
       3
       7
       5
       8
      12
       6
       7
       6
      14
       5
       8
      10
       5
       6
       3
      11
       7
       6
       6
      10
       6
      10
      12
       8
      10
       8
      11
       2
       9
       4
       7
       7
       9
       6
       6
      10
       8
      10
       7
      12
      10
       6
      13
      12
       9
       6
      10
       9
      10
      12
       7
       6
      10
      10
       5
      14
       4
       7
       4
      11
       9
       6
       5
      10
       4
      10
       8
      14
      11
      10
      11
       6
       9
       9
       7
       8
       7
      12
       9
       7
       8
       6
       4
       8
       9
      15
      12
       7
       9
       8
       9
      10
      11
       5
       9
       8
       7
       7
       8
       9
       5
      12
       7
       7
       5
       9
      10
      13
       8
      12
       6
       9
      12
       7
       8
      10
       5
      11
       4
       8
      12
      10
       6
      11
       9
      17
      11
      10
       8
       8
      10
      15
       6
      11
       2
      13
       2
       8
       6
      14
      18
      11
       9
       9
       7
      10
       7
      13
      10
       4
       8
      10
       6
       8
       9
      11
       6
      14
       6
       8
       7
      12
       7
       5
       9
      10
      11
       7
       6
      11
       9
      12
      17
       7
       9
       6
       8
       5
       8
       6
      10
       2
       8
      10
       5
       6
       7
       6
       7
       7
      10
       6
       7
       8
       4
       8
       6
       6
       8
       8
       7
       8
       3
       7
       4
       8
       9
       6
       2
      12
       3
       5
       4
       6
      15
       2
       6
       5
       8
       5
       4
       5
       5
       5
       2
       5
       4
       7
       3
       0
       7
       7
       5
       3
       7
       7
       6
       5
       9
       7
       8
       7
       4
       7
       5
       5
       1
       5
       5
       6
       4
       5
      11
       5
       4
       8
       5
       2
       6
       1
       7
       7
       4
       5
       6
       3
       5
       5
       3
       5
       1
       4
       6
       3
       4
       4
       3
       2
       5
       6
       4
       3
       8
       3
       7
       9
       8
      11
       3
       5
       3
       6
       5
      11
       5
       3
      10
       5
      12
       3
       4
      10
       7
      11
      10
       7
      11
       8
       7
       8
       8
      11
       7
      13
       8
      10
      20
      12
      10
      15
       8
      14
      18
      13
      22
      21
      11
      15
      19
      20
      24
      14
      17
      17
       7
      19
      18
      22
      12
      21
      20
      20
      15
      20
      25
      17
      24
      20
      18
      17
      21
      13
      13
      16
      17
      10
      10
      17
      12
      12
       7
       8
      11
      15
       6
      16
       4
       8
       5
       8
       7
      10
       8
       4
       6
      13
       2
       3
       3
       5
       6
       4
       7
       6
       5
       4
       6
       4
       3
       3
       1
       3
       1
       3
       1
       4
       2
       0
       1
       3
       1
       5
       2
       2
       4
       2
       6
       4
       4
       5
       2
       1
       4
       5
       4
       4
       9
       5
       5
      10
       5
       9
       8
       8
      12
       4
       5
      12
      14
       9
      10
      10
       7
      10
      14
      17
      17
       9
      15
      11
      11
      14
      16
      12
      10
      12
       4
      17
      15
       9
      14
      12
      17
      14
      13
      16
      16
      15
      17
      16
      17
      18
      11
      13
      15
      17
       8
       6
      14
      12
      16
      15
      18
      13
       9
      10
       7
      12
      10
       8
       4
       4
       8
       8
       3
       2
       5
       7
       5
       6
       4
       5
       8
       6
       5
       6
       3
       1
       7
       1
       2
       2
       5
       2
       2
       5
       0
       0
       1
       2
       3
       0
       1
       0
       3
       0
       1
       3
       0
       2
       1
       1
       0
       0
       1
       0
       1
       0
       2
       2
       0
       3
       0
       1
       0
       0
       1
       1
       1
       0
       0
       1
       2
       0
       3
       0
       1
       0
       0
       2
       1
       1
       1
       1
       0
       0
       2
       1
       1
       0
       0
       1
       0
       0
       0
       0
       0
       1
       0
       0
       0
       0
       0
       2
       0
       1
       0
       0
       1
       1
       0
       2
       0
       0
       1
       0
       2
       0
       0
       0
       0
       2
       0
       1
       0
       1
       0
       0
       0
       0
       0
       1
       0
       0
       0
       1
       0
       0
       0
       0
       0
       0
       0
       0
       0
       1
       0
       0
       0
       0
       0
       0
       0
       1
       0
       0
       0
       0
       0
       0
       0
       0
       0
       0
       0
       0
       1
       0
       1
       0
       0
       0
       0
       0
       0
       0
       1
       0
       0
       0
       0
       0
       0
       0
       1
       0
       0
       0
       0
       0
       0
       0
       0
       1
       0
       0
       0
       0
       0
       0
       0
       0
       0
       0
       0
       0
       0
       0
       0
       0
       0
       1
       0
       0
       0
       0
       0
       1
       0
       1
       0
       0
       0
       0
       0
       0
       0
       0
       0
       0
       0
       1
       0
       0
       0
       0
       0
       0
       0
       0
       0
       1
       0
       0
       1
       1
       0
       0
       0
       0
       0
       0
       0
       0
       0
       1
       0
       0
       1
       0
       1
       0
       0
       0
       0
       0
       0
       0
       0
       1
       0
       0
       0
       2
       0
       0
       0
       0
       0
       0
       0
       0
       0
       0
       0
       0
       0
       0
       0
       0
       0
       0
       0
       0
       0
       1
       0
       0
       0
       0
       0
       1
       1
       0
       0
       0
       0
       1
       0
       0
       0
       0
       0
       0
       0
       0
       1
       0
       0
       0
       0
       0
       0
       0
       0
       1
       0
       0
       0
       0
       0
       0
       0
       0
       0
       0
       0
       0
       0
       0
       0
       0
       0
       0
       0
       0
       0
       0
       1
       0
       0
       0
       0
       1
       1
       0
       0
       0
       0
       0
       0
       0
       0
       0
       0
       0
       0
       0
       0
       0
       0
       0
       0
       1
       0
       0
       0
       0
       0
       0
       0
       0
       0
       0
       0
       0
       0
       0
       0
       1
       1
       1
       1
       0
       0
       0
       1
       0
       0
       0
       0
       0
       0
       1
       0
       0
       0
       1
       0
       0
       0
       0
       0
       0
       0
       1
       0
       0
       0
       0
       0
       0
       0
       0
       0
       0
       0
       0
       0
       0
       2
       0
       0
       0
       0
       0
       0
       0
       1
       0
       0
       0
       0
       0
       0
       0
       0
       0
       1
       0
       0
       0
       0
       0
       0
       0
       0
       0
       0
       0
       0
       0
       0
       0
       0
       0
       0
       0
       0
       0
       0
       0
       0
       0
       0
       0
       0
       0
       0
       0
       0
       0
       0
       0
       0
       0
       0
       0
       0
       0
       0
       0
       0
       1
       1
       0
       0
       0
       0
       0
       0
       0
       0
       0
       0
       0
       0
       0
       0
       0
       0
       0
       0
       0
       1
       0
       0
       0
       1
       1
       0
       1
       0
       0
       0
       0
       0
       0
       0
       0
       0
       0
       0
       0
       1
       0
       1
       0
       0
       0
       0
       0
       1
       0
       0
       0
       0
       0
       0
       0
       0
       0
       0
       0
       0
       1
       0
       0
       0
       0
       0
       0
       0
       0
       0
       1
       0
       0
       0
       0
       1
       0
       0
       1
       1
       0
       2
       0
       0
       0
       0
       0
       0
       0
       0
       0
       0
       0
       0
       0
       0
       0
       2
       0
       0
       0
       0
       0
       0
       0
       0
       0
       0
       1
       0
       0
       0
       0
       0
       0
       1
       1
       0
       0
       1
       0
       0
       0
       0
       0
       0
       0
       0
       0
       0
       0
       0
       1
       0
       0
       0
       0
       0
       0
       0
       1
       1
       0
       0
       1
       0
       1
       0
       0
       0
       0
       0
       0
       0
       0
       0
       0
       1
       0
       0
       1
       0
       0
       0
       0
       0
       0
       0
       1
       0
       0
       0
       0
       0
       0
       0
       0
       0
       0
       0
       0
       0
       0
       0
       0
       0
       0
       0
       0
       1
       0
       0
       0
       1
       0
       0
       0
       0
       0
       0
       0
       0
       0
       1
       0
       0
       0
       0
       0
       0
       0
       0
       0
       0
       0
       0
       0
       0
       0
       0
       0
       0
       0
       0
       0
       0
       1
       0
       0
       0
       0
       0
       0
       0
       0
       0
       0
       0
       0
       0
       0
       0
       0
       0
       0
       0
       1
       0
       0
       0
       0
       1
       0
       0
       0
       0
       0
       0
       1
       0
       0
       0
       0
       0
       0
       0
       0
       0
       0
       0
       0
       0
       0
       0
       0
       0
       0
       0
       0
       0
       1
       0
       0
       1
       0
       0
       0
       0
       0
       0
       1
       0
       0
       0
       0
       0
       0
       0
       0
       0
       0
       0
       0
       0
       0
       0
       0
       0
       0
       0
       0
       0
       0
       0
       0
       0
       0
       0
       0
       0
       0
       0
       0
       0
       0
       0
       0
       0
       0
       0
       0
       0
       0
       0
       0
       0
       0
       0
       0
       1
       0
       0
       0
       0
       0
       0
       0
       0
       0
       0
       0
       0
       0
       1
       1
       0
       0
       0
       0
       0
       0
       0
       0
       0
       0
       0
       0
       0
       0
       1
       0
       0
       0
       0
       0
       0
       0
       0
       0
       0
       1
       0
       0
       0
       0
       0
       0
       0
       0
       0
       0
       0
       0
       0
       1
       0
       0
       0
       0
       1
       1
       0
       1
       0
       0
       0
       0
       0
       0
       1
       0
       0
       0
       0
       1
       0
       0
       0
       0
       0
       0
       1
       0
       0
       0
       0
       0
       0
       0
       0
       0
       0
       0
       1
       0
       0
       0
       0
       0
       0
       0
       0
       0
       0
       0
       0
       0
       0
       0
       0
       0
       0
       0
       0
       0
       1
       0
       0
       0
       0
       0
       0
       0
       0
       0
       0
       0
       0
       0
       0
       0
       0
       0
       0
       0
       0
       0
       0
       0
       0
       0
       0
       0
       0
       0
       0
       1
       0
       0
       0
       0
       0
       0
       0
       0
       0
       0
       0
       0
       0
       0
       0
       0
       0
       0
       0
       0
       0
       0
       0
       0
       0
       0
       0
       0
       0
       0
       0
       0
       0
       0
       0
       0
       0
       0
       0
       0
       0
       0
       0
       0
       0
       0
       0
       0
       0
       0
       0
       0
       0
       0
       0
       0
       0
       0
       0
       0
       0
       0
       0
       0
       0
       0
       0
       0
       0
       0
       0
       0
       0
$ROI:
3
765 917
921 1051
1769 1939
$PRESETS:
None
0
0
$ENER_FIT:
-43.015625 1.438746
$MCA_CAL:
3
-4.301563E+001 1.438746E+000 -3.635760E-005 keV
$SHAPE_CAL:
3
5.967719E+001 -6.308020E-002 3.454509E-005
