$SPEC_ID:
No sample description was entered.
$SPEC_REM:
DET# 4
DETDESC# RBS-D MCB 129 Input 2
AP# Maestro Version 6.08
$DATE_MEA:
01/01/2008 05:32:42
$MEAS_TIM:
400 409
$DATA:
0 2047
       0
       0
       0
       0
       0
     236
     144
     149
     166
     164
     157
     155
     176
     172
     158
     188
     182
     168
     169
     188
     194
     191
     180
     220
     219
     205
     228
     231
     219
     199
     201
     209
     241
     177
     216
     231
     240
     249
     259
     261
     261
     291
     303
     311
     302
     304
     326
     338
     379
     375
     398
     382
     438
     450
     467
     474
     510
     499
     515
     511
     568
     605
     606
     538
     578
     553
     610
     582
     581
     600
     603
     592
     651
     623
     637
     620
     629
     591
     595
     541
     607
     601
     587
     655
     587
     609
     623
     646
     623
     563
     583
     630
     609
     599
     575
     551
     560
     564
     582
     565
     565
     583
     549
     562
     548
     530
     540
     555
     509
     550
     524
     530
     543
     516
     497
     525
     493
     502
     515
     459
     485
     470
     535
     454
     461
     462
     462
     457
     463
     455
     433
     420
     397
     416
     450
     415
     431
     388
     389
     379
     403
     387
     429
     407
     416
     345
     398
     393
     366
     421
     364
     379
     388
     339
     364
     339
     339
     390
     385
     416
     377
     402
     400
     397
     380
     345
     387
     363
     353
     382
     368
     373
     353
     379
     391
     374
     350
     366
     395
     335
     359
     368
     338
     373
     400
     301
     363
     329
     332
     325
     360
     342
     332
     312
     280
     290
     316
     283
     314
     290
     271
     276
     275
     271
     284
     288
     258
     289
     272
     290
     274
     253
     260
     229
     260
     256
     237
     271
     243
     252
     227
     249
     267
     230
     233
     261
     269
     238
     228
     273
     237
     252
     216
     253
     249
     219
     221
     211
     222
     230
     233
     232
     244
     225
     227
     195
     186
     223
     224
     204
     232
     220
     198
     183
     218
     210
     202
     209
     224
     192
     223
     187
     202
     210
     191
     181
     170
     207
     200
     194
     169
     185
     184
     189
     168
     159
     165
     153
     186
     167
     180
     169
     200
     150
     145
     163
     170
     152
     152
     145
     172
     161
     161
     154
     153
     148
     142
     155
     124
     144
     138
     160
     140
     159
     146
     143
     141
     150
     178
     155
     148
     150
     168
     156
     125
     142
     140
     155
     160
     137
     132
     115
     132
     153
     129
     149
     160
     130
     137
     105
     129
     130
     139
     123
     140
     149
     145
     120
     153
     125
     108
     133
     122
     137
     141
     128
     135
     107
     132
     147
     123
     135
     125
     131
     132
     123
     135
     142
     130
     134
     122
     120
     119
     120
     139
     141
     126
     132
     119
     107
     120
     117
     114
     104
     123
     112
     123
     111
     128
     125
     118
     130
     118
     103
     131
     115
     108
     133
     130
     138
     117
     123
     142
     119
     131
     121
     141
     137
     145
     113
     125
     110
      95
     114
     105
     113
     117
     117
     114
     129
     119
     118
     119
     120
     141
     128
     144
     136
     130
     129
     112
     117
     131
     138
     130
     122
     114
     104
     112
     109
     105
     110
     114
     125
     139
     104
     131
     114
     119
     135
     127
     134
     116
     109
     100
     143
     123
     160
     123
     113
     128
     115
     126
     143
     114
     110
     120
     122
     126
     116
     127
     114
     138
     120
     158
     122
     121
     121
     126
     116
     109
     115
     107
     112
     129
     107
      93
     111
     117
     118
     119
     119
     115
     118
     115
     126
      96
     109
     117
     111
     116
     119
      94
     123
     121
     113
     129
     109
     109
     111
     100
     109
     131
     127
     128
     131
     103
     118
     111
     135
     101
     121
     119
     104
     112
     109
      97
     129
     113
     101
     133
     126
     114
     109
     106
     100
     118
      96
     132
     103
     114
     124
     120
     113
     123
     128
     109
     111
     121
     111
     106
     111
     101
     117
      99
     142
     110
     124
     113
     128
     124
     111
     133
     123
     122
     103
     121
     124
     124
     108
     100
     130
     127
     123
     113
     115
     136
     108
     112
     124
     115
     129
     112
     106
     119
     104
     134
     103
     114
     102
      96
     132
     129
     109
     101
     126
     103
     112
     120
      97
     115
     105
     107
     122
     115
     109
     117
     128
     118
     109
     129
     129
     144
      94
     114
     124
     118
      92
     145
     136
     124
     122
     126
     123
     129
     122
     129
     146
     142
     143
     120
     117
     138
     122
     126
     128
     128
     135
     128
     134
     136
     154
     106
     137
     136
     125
     145
     122
     115
     130
     138
     123
     138
     129
     139
     118
     127
     146
     134
     128
     144
     148
     162
     116
     139
     130
     136
     151
     134
     148
     118
     162
     147
     131
     131
     122
     131
     136
     130
     127
     117
     152
     116
     114
     132
     120
     121
     130
     139
     103
     121
     130
     127
     134
     145
     119
     139
     147
     113
     123
     118
     117
     134
     136
     106
     131
     122
     120
     128
      95
     121
     119
     123
     109
     116
     125
     114
     122
      91
     110
     114
      94
      98
      97
      89
     100
      99
     105
      95
      91
      93
      81
      98
      88
      91
     100
      88
     125
     101
      92
     111
      97
      97
      74
      84
      92
      97
     107
      81
      81
      91
     107
      86
      92
      86
      83
      83
      98
      68
     100
      79
      89
      65
      91
      90
     107
      74
      87
      79
      78
      84
      91
      82
      71
      76
      83
      74
      86
      83
      88
      89
      76
      78
      94
      73
      80
      66
      80
      87
      73
      72
      82
      63
      72
      82
      60
      58
      81
      88
      72
      77
      82
      62
      70
      68
      82
      61
      74
      80
      63
      74
      63
      71
      68
      75
      79
      73
      94
      85
      84
      65
      75
      74
      82
      73
      87
      83
      88
     108
      88
      99
      87
      85
     102
      99
     121
     116
     114
     137
     131
     138
     138
     148
     158
     163
     152
     181
     168
     189
     180
     200
     208
     207
     223
     189
     219
     204
     237
     224
     268
     258
     248
     258
     246
     274
     271
     286
     276
     281
     312
     289
     256
     268
     267
     283
     281
     274
     281
     259
     260
     265
     260
     251
     235
     247
     221
     237
     224
     249
     205
     196
     197
     180
     188
     179
     149
     163
     138
     142
     143
     134
     127
     118
     129
     114
     102
     112
      95
      84
      91
      70
      85
      75
      78
      55
      59
      63
      50
      40
      54
      56
      35
      48
      40
      42
      42
      49
      52
      44
      49
      43
      47
      45
      44
      53
      47
      46
      58
      52
      50
      46
      48
      56
      63
      69
      55
      67
      60
      77
      71
      83
      84
      89
      99
      86
     114
     111
     102
     136
     119
     134
     119
     144
     140
     146
     164
     136
     172
     181
     171
     190
     185
     188
     216
     205
     157
     200
     193
     196
     185
     217
     225
     203
     241
     198
     211
     205
     218
     201
     194
     202
     184
     216
     201
     182
     188
     207
     217
     185
     171
     190
     188
     178
     183
     162
     162
     155
     126
     152
     131
     117
     109
     117
     121
     111
     110
      75
     100
     100
     102
      75
      76
      88
      69
      61
      70
      66
      49
      49
      59
      41
      57
      51
      52
      44
      38
      28
      29
      28
      31
      32
      27
      36
      36
      33
      21
      20
      20
      14
      16
      22
      20
      22
       8
      18
      22
      22
      12
      14
      13
       5
      23
      21
      14
      15
       9
       8
      20
      19
      15
      23
      14
      10
      13
      17
      22
      12
      15
      15
      21
      18
      14
      12
      12
      10
       8
      10
      13
      15
       8
      15
      10
      11
       9
      11
      13
       8
      10
      11
       7
       6
       7
       4
       8
      10
       6
      13
       7
      11
       4
      10
       9
       2
       5
       5
       7
       2
       2
       8
      10
       8
       4
       5
       3
       3
      12
       3
       4
       1
       1
       8
       2
       3
       8
       6
       8
       5
       4
       5
       3
       3
       6
       3
       4
       0
       2
       2
       2
       1
       2
       1
       2
       3
       3
       4
       3
       4
       4
       4
       7
       2
       7
       3
       3
       2
       4
       3
       0
       4
       5
       5
       5
       1
       2
       1
       3
       3
       2
       3
       5
       2
       4
       3
       4
       3
       2
       0
       1
       4
       2
       2
       3
       3
       0
       2
       0
       2
       3
       4
       4
       2
       6
       4
       3
       2
       1
       5
       0
       3
       4
       3
       3
       4
       5
       2
       1
       3
       3
       5
       1
       4
       6
       0
       2
       3
       1
       1
       0
       3
       2
       2
       1
       1
       6
       4
       1
       3
       2
       0
       2
       3
       6
       5
       3
       2
       0
       0
       1
       3
       2
       3
       2
       5
       1
       4
       2
       1
       3
       1
       3
       2
       3
       4
       4
       3
       2
       1
       1
       2
       5
       2
       2
       4
       3
       0
       3
       3
       3
       2
       3
       3
       1
       2
       0
       2
       2
       2
       2
       3
       4
       3
       3
       4
       1
       1
       4
       3
       2
       0
       2
       1
       1
       2
       4
       6
       4
       4
       1
       3
       1
       2
       4
       4
       3
       2
       2
       1
       5
       4
       2
       2
       6
       1
       2
       0
       4
       2
       1
       2
       1
       3
       3
       0
       0
       1
       0
       0
       3
       2
       2
       1
       2
       4
       2
       1
       2
       2
       0
       5
       1
       3
       3
       4
       3
       2
       1
       3
       3
       1
       4
       3
       2
       3
       1
       1
       3
       1
       6
       0
       2
       2
       4
       3
       1
       1
       0
       1
       2
       0
       2
       2
       1
       2
       3
       1
       1
       1
       7
       5
       5
       3
       1
       0
       4
       0
       1
       4
       1
       1
       0
       3
       1
       0
       1
       0
       2
       3
       3
       1
       2
       3
       1
       1
       1
       1
       0
       2
       2
       3
       2
       1
       1
       1
       1
       1
       1
       1
       2
       1
       2
       1
       1
       5
       2
       2
       2
       2
       4
       0
       0
       2
       0
       1
       2
       1
       3
       3
       1
       3
       0
       3
       1
       0
       0
       2
       0
       0
       1
       1
       1
       0
       1
       3
       3
       3
       3
       1
       1
       0
       1
       1
       1
       0
       2
       0
       1
       2
       0
       1
       3
       3
       0
       1
       1
       1
       2
       2
       1
       2
       3
       2
       1
       1
       1
       3
       2
       0
       0
       0
       2
       1
       2
       3
       1
       2
       1
       2
       1
       2
       1
       1
       1
       2
       0
       3
       1
       0
       4
       0
       5
       1
       0
       0
       3
       2
       1
       2
       1
       2
       4
       4
       3
       2
       4
       1
       0
       4
       2
       5
       3
       0
       2
       5
       4
       0
       1
       2
       4
       1
       2
       3
       3
       3
       1
       2
       3
       3
       3
       5
       2
       1
       0
       1
       1
       3
       0
       1
       1
       2
       2
       2
       2
       2
       1
       4
       2
       3
       4
       1
       2
       1
       1
       2
       3
       2
       3
       2
       3
       1
       0
       0
       5
       0
       1
       1
       3
       1
       2
       1
       0
       1
       3
       1
       3
       2
       0
       0
       1
       1
       1
       1
       4
       3
       0
       3
       2
       2
       2
       1
       0
       1
       2
       1
       1
       1
       1
       2
       1
       1
       5
       2
       4
       1
       1
       0
       2
       2
       1
       4
       3
       4
       1
       2
       2
       1
       3
       3
       2
       0
       2
       2
       2
       3
       1
       0
       1
       1
       2
       1
       0
       1
       0
       1
       0
       1
       1
       0
       0
       1
       3
       0
       2
       1
       2
       2
       0
       2
       1
       1
       0
       0
       1
       1
       1
       1
       0
       0
       3
       1
       1
       0
       1
       3
       0
       1
       1
       1
       0
       1
       0
       0
       2
       1
       0
       0
       1
       1
       1
       0
       1
       1
       1
       1
       0
       1
       1
       1
       1
       0
       0
       1
       1
       2
       0
       1
       1
       0
       0
       2
       0
       4
       0
       0
       0
       1
       0
       1
       1
       1
       0
       0
       0
       2
       1
       1
       1
       0
       0
       0
       0
       0
       1
       1
       0
       0
       0
       0
       0
       0
       1
       0
       1
       2
       2
       0
       0
       0
       1
       0
       1
       0
       1
       0
       1
       0
       1
       2
       0
       1
       0
       0
       0
       0
       0
       1
       1
       1
       1
       0
       0
       1
       2
       0
       0
       0
       1
       1
       1
       3
       1
       1
       1
       0
       1
       1
       1
       0
       1
       1
       3
       1
       1
       1
       0
       1
       0
       4
       1
       0
       0
       0
       2
       4
       0
       1
       0
       0
       0
       3
       1
       1
       3
       2
       1
       2
       4
       0
       1
       0
       0
       0
       0
       1
       2
       2
       0
       3
       2
       2
       1
       2
       0
       0
       0
       1
       2
       3
       1
       2
       2
       2
       3
       0
       2
       5
       2
       0
       0
       3
       2
       4
       2
       3
       1
       2
       3
       1
       0
       3
       4
       1
       2
       2
       0
       2
       1
       1
       5
       3
       4
       2
       2
       1
       1
       1
       2
       2
       2
       3
       0
       3
       4
       1
       0
       1
       2
       1
       3
       0
       3
       2
       2
       2
       0
       1
       1
       0
       3
       0
       0
       1
       2
       1
       3
       1
       2
       0
       0
       1
       1
       0
       0
       4
       1
       1
       1
       0
       2
       1
       0
       0
       1
       0
       0
       1
       0
       1
       3
       0
       0
       2
       1
       0
       0
       0
       0
       0
       0
       0
       1
       1
       1
       0
       0
       0
       1
       0
       0
       0
       0
       1
       1
       0
       0
       0
       1
       0
       0
       0
       0
       0
       0
       1
       0
       0
       0
       0
       0
       0
       0
       0
       0
       0
       0
       0
       0
       0
       0
       0
       0
       0
       0
       0
       0
       0
       0
       0
       0
       0
       0
       0
       0
       0
       0
       0
       0
       0
       0
       0
       0
       0
       0
       0
       0
       0
       0
       0
       0
       0
       0
       0
       0
       0
       0
       0
       0
       0
       0
       0
       0
       0
       0
       0
       0
       0
       0
       0
       0
       0
       0
       0
       0
       0
       0
       0
       0
       0
       0
$ROI:
3
802 910
919 1048
1812 1935
$PRESETS:
None
0
0
$ENER_FIT:
-43.015625 1.438746
$MCA_CAL:
3
-4.301563E+001 1.438746E+000 -3.635760E-005 keV
$SHAPE_CAL:
3
5.967719E+001 -6.308020E-002 3.454509E-005
