$SPEC_ID:
No sample description was entered.
$SPEC_REM:
DET# 4
DETDESC# RBS-D MCB 129 Input 2
AP# Maestro Version 6.08
$DATE_MEA:
01/01/2008 05:16:37
$MEAS_TIM:
36 37
$DATA:
0 2047
       0
       0
       0
       0
       0
      21
      13
      16
      12
      12
       9
      11
      15
      17
       9
      24
      22
      15
      19
      20
      19
      21
      23
      20
      13
      19
      20
      24
      22
      21
      16
      16
      18
      11
      24
      20
      14
      18
      22
      13
      35
      19
      27
      28
      26
      27
      23
      30
      32
      31
      33
      35
      35
      41
      40
      45
      48
      41
      44
      56
      50
      51
      56
      56
      57
      58
      50
      47
      67
      49
      56
      56
      64
      51
      58
      59
      55
      50
      59
      61
      45
      43
      55
      62
      61
      58
      70
      51
      75
      55
      51
      55
      51
      49
      49
      56
      63
      45
      52
      57
      57
      43
      44
      40
      56
      53
      57
      44
      43
      46
      46
      51
      47
      48
      48
      42
      40
      48
      51
      51
      51
      41
      50
      44
      53
      39
      50
      31
      44
      30
      46
      40
      34
      39
      24
      51
      42
      33
      41
      42
      37
      40
      26
      28
      38
      28
      36
      43
      37
      30
      27
      28
      27
      39
      36
      45
      39
      30
      40
      40
      33
      35
      32
      29
      38
      35
      46
      28
      33
      30
      22
      35
      30
      31
      27
      30
      47
      29
      36
      36
      32
      40
      32
      37
      25
      25
      26
      34
      36
      39
      22
      26
      29
      19
      23
      19
      34
      26
      12
      18
      25
      26
      28
      28
      23
      26
      29
      32
      20
      25
      25
      28
      26
      27
      29
      27
      28
      25
      23
      30
      23
      28
      26
      16
      26
      24
      26
      28
      25
      16
      27
      21
      22
      16
      16
      30
      21
      23
      15
      18
      24
      14
      21
      23
      25
      19
      23
      25
      24
      21
      22
      18
      12
      20
      12
      22
      19
      15
      22
      10
      15
      18
      19
      24
      12
      23
      10
      17
      12
      13
      11
      16
      11
      12
      18
      20
       9
      12
      18
      10
      16
      19
      15
      15
      19
      20
      16
      10
       9
       7
      12
      14
      19
      12
      20
      15
      13
      13
      12
      17
      14
      11
      11
      13
      15
      14
       9
      16
      17
      16
      10
      15
      16
       9
      16
      14
      11
      12
      13
      12
      20
       9
      16
       7
      13
      10
      16
      11
       9
       9
      13
       6
      13
      17
      14
      13
      15
       9
       9
      16
      10
      11
      10
       9
      14
      16
      21
       9
      17
      15
      11
      10
      17
       8
      18
      14
      20
       8
      13
       9
       7
      12
      13
       9
       6
       8
      15
       6
      16
       6
      12
      12
      12
      10
      16
       6
      14
      13
      13
      12
      14
       7
       9
      13
      15
      15
      17
      13
       9
      13
      11
      10
       7
      12
      18
      14
       9
       7
       7
      15
       8
       9
       8
      10
       8
       5
       9
      11
      15
      11
       9
       6
      13
      13
       8
       9
      13
       4
       9
      13
      16
      12
      11
       9
      15
      22
      10
      17
      12
       9
      14
       5
      19
      16
      10
      19
       9
       6
       6
       8
      11
       9
      14
      16
      11
      15
       8
       9
      10
      12
       9
      16
       6
      14
       8
      13
      10
      14
      17
      12
      10
      13
      12
       9
       9
      12
      11
      12
      14
      13
       9
       7
       9
       7
      11
       9
       8
      10
      10
      15
       5
      11
      10
      11
      13
      14
      11
      13
       9
       5
       8
      10
      12
      11
       5
       9
       6
       7
      14
      10
      11
      15
      16
       6
      16
      12
      14
      16
      12
      10
       9
      13
       9
      14
       7
       9
      16
      15
       9
      11
      13
      13
       9
       5
       7
       6
      11
      18
      14
      10
      10
      16
       8
      11
      12
       8
      10
       7
      14
      15
       8
       9
      15
       8
      13
      14
      13
      13
      12
      15
       4
      13
       5
       8
      11
      12
       9
       8
      13
      12
      14
       8
      14
      10
      10
      14
      16
      14
       9
      15
      11
      12
      16
      12
       7
      14
      14
       5
      18
       6
      11
       6
      16
      11
      10
       9
      10
       8
      12
      10
      16
      17
      11
      12
       8
      14
      11
      11
      12
      10
      15
      15
      12
      10
      10
       7
      11
      10
      19
      18
       7
       9
      10
      12
      11
      17
       6
      12
      14
      10
      11
      13
      13
       7
      13
       8
      11
      14
      11
      12
      15
      12
      13
       9
      10
      14
       9
      10
      11
       7
      16
       9
      14
      17
      11
       9
      13
      12
      20
      12
      12
      12
      11
      18
      16
       9
      14
       4
      17
       8
       9
       6
      21
      24
      16
      12
      13
      10
      14
      10
      14
      10
       6
      10
      12
       7
      11
      11
      17
       8
      16
       9
      12
      12
      12
      12
       8
      10
      15
      16
       9
      13
      12
      15
      16
      19
       7
      14
       7
       9
      10
      10
       6
      15
       6
      10
      13
       6
       8
       9
       8
      11
      12
      13
       8
       7
      11
       6
      13
       7
       9
      10
       9
       8
      14
       8
       9
       5
      10
      11
       6
       6
      14
       3
       7
       6
       6
      17
       4
       8
       8
      13
       7
       8
       8
       6
       8
       4
       6
       6
      11
       5
       2
       8
      10
       6
       5
      10
       8
       8
       8
      10
       7
      14
       9
       5
       8
       5
       6
       1
       6
       6
       7
       7
       6
      15
       9
       6
      10
       5
       3
       8
       3
       7
       8
       6
       6
       8
       5
       5
       5
       4
       6
       5
       8
       7
       5
       4
       6
       4
       5
       7
       6
       6
       5
      10
       5
       8
      11
      12
      13
       5
       7
       4
       9
       6
      13
       8
       4
      12
       6
      15
       4
       5
      11
      10
      15
      12
      10
      15
      12
       9
      10
      11
      13
      10
      16
      15
      15
      24
      20
      15
      27
      14
      17
      23
      21
      26
      26
      18
      21
      24
      23
      31
      19
      22
      25
      13
      26
      27
      27
      17
      24
      26
      29
      21
      26
      32
      27
      32
      28
      27
      24
      31
      22
      16
      26
      22
      19
      16
      23
      19
      18
      18
      14
      13
      19
      10
      23
       8
      11
       6
      11
      11
      12
       8
       8
       9
      19
       4
       4
       3
       7
       6
       6
       7
       7
       8
       6
       6
       4
       5
       4
       1
       4
       2
       3
       1
       7
       3
       1
       2
       4
       2
       8
       5
       3
       4
       2
       9
       4
       7
       8
       2
       4
       6
       8
       8
       6
      12
       6
       7
      12
       9
      13
      10
      11
      15
       8
       9
      14
      17
      14
      12
      15
      10
      15
      25
      21
      21
      16
      21
      15
      13
      19
      23
      15
      15
      17
      16
      22
      19
      15
      22
      14
      25
      17
      15
      17
      21
      19
      23
      20
      21
      21
      18
      16
      21
      23
      11
       7
      17
      19
      17
      20
      24
      15
      14
      13
       9
      19
      11
      11
       7
       7
      10
      12
       5
       4
       7
       7
       5
      10
       8
       6
      11
       7
       6
       7
       3
       2
       9
       2
       3
       3
       7
       2
       2
       7
       0
       0
       1
       3
       3
       1
       2
       1
       3
       0
       1
       3
       0
       4
       2
       2
       1
       0
       1
       1
       1
       0
       2
       2
       0
       3
       0
       5
       0
       0
       1
       1
       2
       1
       0
       2
       2
       1
       3
       0
       2
       0
       1
       2
       2
       2
       1
       1
       0
       0
       2
       1
       1
       0
       0
       1
       0
       0
       0
       1
       1
       1
       0
       1
       0
       0
       0
       2
       0
       1
       0
       1
       1
       1
       1
       2
       0
       0
       1
       0
       3
       0
       0
       0
       0
       3
       0
       1
       0
       1
       0
       0
       0
       1
       0
       1
       0
       0
       0
       1
       0
       0
       0
       0
       0
       0
       0
       0
       0
       1
       0
       0
       0
       0
       0
       0
       0
       1
       0
       0
       0
       0
       0
       0
       0
       0
       0
       0
       0
       0
       1
       0
       1
       0
       0
       0
       0
       0
       0
       0
       1
       0
       0
       0
       0
       0
       1
       0
       1
       0
       0
       0
       0
       0
       1
       1
       0
       1
       0
       0
       0
       0
       0
       0
       0
       0
       0
       0
       1
       0
       0
       1
       0
       0
       0
       2
       1
       0
       0
       0
       1
       2
       0
       1
       0
       0
       0
       0
       0
       0
       0
       0
       0
       0
       0
       1
       0
       0
       0
       0
       0
       0
       0
       0
       0
       1
       0
       0
       1
       2
       0
       0
       0
       0
       0
       0
       0
       0
       0
       1
       0
       0
       1
       0
       1
       0
       1
       0
       0
       0
       0
       0
       0
       1
       0
       1
       0
       2
       0
       0
       0
       0
       0
       0
       0
       0
       0
       0
       0
       0
       0
       0
       0
       0
       0
       0
       0
       0
       0
       1
       0
       0
       0
       0
       0
       1
       1
       0
       0
       0
       0
       2
       0
       0
       0
       0
       0
       0
       0
       1
       1
       0
       0
       0
       0
       0
       0
       0
       0
       1
       0
       0
       0
       0
       0
       0
       0
       0
       0
       0
       0
       0
       0
       0
       0
       0
       0
       0
       0
       0
       0
       0
       1
       0
       0
       0
       0
       1
       1
       0
       0
       0
       0
       0
       0
       0
       0
       0
       0
       0
       0
       0
       1
       0
       0
       0
       0
       1
       0
       0
       0
       0
       0
       0
       0
       0
       0
       0
       0
       0
       0
       0
       0
       1
       1
       2
       1
       1
       0
       0
       1
       0
       0
       0
       0
       0
       0
       1
       0
       0
       0
       1
       0
       0
       0
       1
       0
       0
       0
       1
       0
       0
       0
       1
       0
       0
       0
       0
       0
       0
       0
       0
       0
       0
       2
       0
       0
       0
       0
       0
       0
       0
       1
       0
       0
       0
       0
       0
       0
       1
       0
       0
       1
       0
       0
       0
       0
       0
       0
       0
       0
       0
       0
       0
       0
       0
       0
       0
       0
       0
       0
       0
       0
       0
       0
       0
       1
       0
       0
       0
       0
       0
       0
       0
       0
       0
       0
       0
       0
       0
       0
       0
       0
       0
       0
       0
       0
       1
       1
       0
       0
       0
       0
       0
       0
       0
       0
       0
       0
       0
       0
       0
       0
       0
       0
       0
       0
       0
       2
       0
       0
       0
       1
       1
       0
       1
       0
       0
       0
       0
       0
       0
       0
       0
       0
       0
       0
       0
       1
       0
       1
       0
       0
       0
       1
       1
       1
       0
       0
       0
       0
       0
       0
       1
       0
       0
       0
       0
       0
       1
       0
       0
       0
       0
       2
       0
       0
       1
       0
       1
       0
       2
       0
       0
       1
       0
       0
       1
       1
       0
       2
       0
       0
       0
       0
       0
       0
       0
       0
       0
       0
       0
       0
       0
       1
       0
       2
       0
       0
       0
       0
       0
       0
       0
       0
       0
       0
       1
       0
       0
       0
       0
       0
       0
       1
       1
       0
       0
       1
       0
       0
       0
       0
       0
       0
       0
       1
       0
       0
       1
       0
       1
       0
       0
       0
       0
       0
       0
       0
       1
       1
       0
       0
       1
       0
       1
       0
       0
       0
       0
       0
       0
       0
       0
       0
       0
       1
       0
       0
       1
       0
       0
       0
       0
       0
       1
       0
       1
       0
       0
       0
       0
       0
       0
       0
       0
       0
       0
       0
       0
       0
       0
       0
       0
       0
       0
       0
       0
       1
       0
       0
       0
       1
       0
       0
       0
       0
       0
       0
       0
       1
       0
       1
       0
       0
       0
       0
       0
       0
       0
       0
       0
       0
       0
       0
       0
       0
       0
       0
       0
       0
       0
       0
       0
       0
       1
       0
       0
       0
       0
       0
       0
       0
       0
       0
       0
       0
       0
       0
       0
       0
       0
       0
       0
       0
       1
       0
       0
       0
       0
       1
       0
       0
       0
       0
       0
       0
       1
       0
       0
       0
       0
       0
       0
       0
       0
       0
       0
       0
       0
       0
       0
       0
       0
       0
       0
       0
       0
       0
       1
       0
       0
       1
       0
       0
       0
       0
       0
       0
       1
       0
       0
       0
       0
       0
       0
       0
       0
       0
       0
       0
       0
       0
       0
       0
       0
       0
       0
       0
       0
       0
       0
       0
       0
       0
       0
       0
       0
       0
       0
       0
       0
       0
       0
       0
       0
       0
       0
       0
       0
       0
       0
       0
       0
       0
       0
       0
       0
       1
       0
       0
       0
       0
       0
       0
       0
       0
       0
       0
       0
       0
       0
       1
       1
       0
       1
       0
       0
       0
       0
       0
       0
       0
       0
       0
       0
       0
       0
       1
       0
       0
       0
       0
       0
       0
       0
       0
       0
       0
       1
       0
       0
       0
       0
       1
       0
       0
       0
       1
       0
       0
       0
       0
       1
       0
       0
       0
       0
       1
       1
       0
       1
       0
       0
       0
       0
       0
       0
       1
       0
       0
       0
       0
       1
       0
       0
       0
       0
       0
       0
       1
       0
       0
       0
       0
       0
       0
       0
       0
       0
       0
       0
       1
       0
       0
       0
       0
       0
       0
       0
       0
       0
       0
       0
       0
       0
       0
       0
       0
       0
       0
       0
       0
       0
       1
       0
       0
       0
       0
       0
       0
       0
       0
       0
       0
       0
       0
       0
       0
       0
       0
       0
       0
       0
       0
       0
       0
       0
       0
       0
       0
       0
       0
       0
       0
       1
       0
       0
       0
       1
       0
       0
       0
       0
       0
       0
       0
       0
       0
       0
       0
       0
       0
       0
       0
       0
       0
       0
       0
       0
       0
       0
       0
       0
       0
       0
       0
       0
       0
       0
       0
       0
       0
       0
       0
       0
       0
       0
       0
       0
       0
       0
       0
       0
       0
       0
       0
       0
       0
       0
       0
       0
       0
       0
       0
       0
       0
       0
       0
       0
       0
       0
       0
       0
       0
       0
       0
       0
       0
$ROI:
3
765 917
921 1051
1769 1939
$PRESETS:
None
0
0
$ENER_FIT:
-43.015625 1.438746
$MCA_CAL:
3
-4.301563E+001 1.438746E+000 -3.635760E-005 keV
$SHAPE_CAL:
3
5.967719E+001 -6.308020E-002 3.454509E-005
