$SPEC_ID:
No sample description was entered.
$SPEC_REM:
DET# 4
DETDESC# RBS-D MCB 129 Input 2
AP# Maestro Version 6.08
$DATE_MEA:
01/01/2008 05:41:04
$MEAS_TIM:
806 824
$DATA:
0 2047
       0
       0
       0
       0
       0
     478
     276
     306
     315
     321
     330
     300
     344
     347
     313
     353
     371
     353
     367
     370
     397
     384
     382
     434
     431
     430
     450
     439
     447
     415
     402
     407
     464
     390
     414
     438
     485
     495
     494
     516
     541
     559
     614
     612
     588
     636
     644
     678
     762
     754
     798
     798
     860
     889
     918
     938
     994
    1039
     976
    1032
    1102
    1117
    1193
    1101
    1170
    1176
    1249
    1166
    1202
    1224
    1239
    1203
    1226
    1228
    1248
    1246
    1273
    1233
    1209
    1214
    1238
    1191
    1199
    1275
    1184
    1186
    1265
    1223
    1189
    1177
    1176
    1236
    1185
    1185
    1144
    1193
    1173
    1134
    1195
    1166
    1132
    1150
    1112
    1135
    1058
    1128
    1086
    1046
    1003
    1124
    1087
    1075
    1067
    1061
    1013
    1052
    1008
    1004
     981
     964
     973
     968
    1022
     939
     900
     943
     885
     900
     952
     899
     884
     890
     823
     831
     888
     820
     833
     777
     785
     788
     839
     790
     842
     804
     851
     715
     778
     753
     762
     786
     742
     769
     762
     749
     740
     720
     715
     753
     773
     792
     771
     774
     758
     770
     794
     711
     756
     760
     769
     804
     793
     783
     764
     775
     765
     745
     739
     773
     756
     708
     731
     755
     704
     766
     737
     652
     688
     624
     672
     651
     712
     674
     640
     628
     581
     556
     613
     575
     582
     584
     536
     542
     550
     531
     562
     558
     532
     536
     528
     556
     557
     532
     487
     486
     497
     478
     471
     493
     472
     523
     461
     514
     504
     504
     493
     505
     509
     487
     486
     495
     486
     486
     466
     532
     465
     437
     457
     421
     437
     450
     478
     439
     449
     417
     455
     418
     392
     451
     436
     427
     432
     422
     388
     395
     420
     414
     412
     420
     435
     398
     427
     364
     388
     415
     374
     365
     360
     398
     394
     404
     387
     372
     358
     385
     352
     329
     348
     356
     390
     352
     363
     325
     389
     299
     326
     328
     322
     325
     320
     293
     335
     321
     323
     316
     291
     326
     297
     331
     266
     302
     325
     320
     293
     312
     302
     302
     272
     285
     314
     316
     286
     300
     309
     309
     266
     312
     276
     312
     317
     275
     255
     253
     280
     282
     258
     294
     304
     263
     264
     231
     272
     278
     286
     266
     268
     283
     277
     258
     290
     287
     243
     257
     253
     284
     260
     266
     275
     250
     252
     271
     246
     277
     260
     266
     282
     270
     253
     300
     267
     250
     249
     241
     253
     248
     273
     277
     235
     268
     228
     229
     274
     233
     229
     226
     247
     232
     253
     249
     259
     242
     237
     260
     243
     233
     301
     246
     241
     287
     262
     280
     247
     247
     287
     239
     258
     250
     275
     250
     262
     227
     248
     244
     207
     223
     219
     227
     249
     227
     232
     236
     239
     235
     236
     233
     250
     242
     263
     263
     235
     241
     231
     221
     255
     250
     246
     237
     232
     240
     231
     221
     235
     238
     243
     241
     271
     211
     251
     242
     232
     260
     259
     247
     223
     244
     228
     271
     236
     299
     256
     227
     262
     230
     253
     274
     235
     240
     258
     253
     249
     223
     241
     234
     267
     250
     280
     248
     256
     227
     254
     238
     252
     238
     229
     222
     256
     203
     209
     242
     237
     225
     229
     215
     236
     234
     235
     246
     218
     226
     240
     220
     233
     223
     205
     239
     249
     218
     263
     216
     213
     251
     227
     210
     249
     240
     235
     251
     205
     227
     212
     228
     205
     245
     242
     227
     236
     220
     199
     245
     236
     206
     245
     258
     239
     214
     234
     205
     241
     206
     248
     233
     223
     232
     241
     240
     231
     240
     225
     230
     233
     235
     235
     233
     205
     225
     213
     267
     251
     242
     227
     256
     235
     234
     271
     238
     215
     227
     231
     250
     255
     227
     215
     256
     238
     243
     217
     241
     254
     238
     237
     258
     227
     249
     237
     240
     236
     228
     269
     228
     236
     233
     239
     254
     243
     241
     239
     236
     238
     240
     239
     205
     241
     247
     240
     244
     248
     236
     240
     266
     250
     229
     252
     269
     248
     216
     223
     255
     236
     227
     267
     274
     252
     257
     249
     251
     274
     255
     246
     279
     277
     272
     265
     252
     255
     265
     259
     266
     257
     273
     253
     247
     264
     286
     249
     271
     276
     260
     277
     277
     242
     276
     293
     234
     263
     271
     298
     268
     281
     288
     258
     274
     264
     285
     305
     237
     255
     265
     259
     293
     283
     300
     252
     267
     287
     270
     250
     270
     272
     254
     238
     259
     245
     299
     258
     242
     265
     249
     259
     272
     273
     228
     247
     281
     251
     257
     283
     239
     281
     274
     244
     228
     246
     230
     256
     258
     224
     259
     223
     230
     258
     214
     260
     229
     238
     223
     222
     254
     231
     235
     212
     204
     219
     215
     217
     208
     187
     190
     193
     205
     202
     174
     168
     157
     211
     178
     187
     183
     172
     223
     205
     205
     210
     194
     183
     150
     179
     172
     185
     195
     161
     179
     182
     194
     171
     194
     168
     165
     171
     201
     154
     195
     163
     163
     152
     171
     176
     174
     169
     173
     161
     163
     182
     183
     159
     151
     149
     168
     180
     151
     170
     170
     174
     174
     159
     174
     172
     166
     151
     161
     167
     159
     155
     150
     140
     153
     146
     146
     128
     175
     164
     165
     161
     158
     136
     141
     148
     146
     135
     142
     153
     125
     133
     134
     147
     150
     161
     143
     144
     173
     154
     166
     148
     149
     153
     145
     161
     163
     176
     181
     190
     187
     199
     173
     184
     215
     200
     223
     227
     229
     278
     259
     273
     281
     290
     331
     329
     328
     338
     327
     365
     368
     384
     405
     416
     438
     399
     451
     440
     466
     462
     523
     502
     517
     536
     517
     541
     547
     608
     569
     561
     622
     583
     522
     572
     554
     553
     522
     554
     593
     542
     529
     533
     520
     499
     492
     490
     459
     457
     476
     468
     399
     415
     397
     357
     383
     356
     308
     341
     295
     281
     304
     261
     253
     247
     236
     224
     214
     205
     178
     185
     178
     158
     158
     158
     142
     119
     118
     121
     108
      85
     123
      98
      74
      86
      85
      80
      87
      86
      98
      78
      84
      86
      86
      88
      84
      84
      88
      95
     112
     104
     102
      99
     110
     122
     116
     136
     116
     135
     115
     155
     153
     148
     179
     175
     197
     197
     239
     223
     192
     244
     250
     281
     248
     308
     302
     307
     333
     294
     352
     357
     338
     384
     375
     361
     415
     420
     367
     388
     388
     395
     387
     434
     453
     412
     446
     439
     427
     418
     430
     422
     409
     408
     423
     416
     392
     396
     370
     389
     410
     347
     341
     383
     377
     345
     361
     322
     359
     296
     282
     304
     251
     245
     250
     232
     238
     242
     220
     187
     211
     189
     186
     162
     162
     169
     155
     122
     125
     130
     109
     110
     106
      74
      96
     106
     102
      78
      80
      56
      69
      59
      59
      60
      60
      57
      67
      71
      43
      45
      42
      35
      40
      47
      48
      47
      27
      32
      45
      35
      33
      31
      35
      17
      50
      42
      33
      32
      32
      23
      32
      36
      31
      34
      24
      23
      27
      30
      33
      28
      31
      25
      35
      28
      25
      29
      20
      22
      25
      28
      20
      23
      16
      28
      23
      24
      25
      25
      24
      23
      18
      20
      20
      14
      15
      14
      19
      18
      14
      24
       9
      19
       9
      15
      14
      12
      11
      14
      11
       7
       8
      18
      15
      15
       8
      10
       5
       7
      16
       9
       7
       7
       4
      15
       7
       8
      10
      12
       8
       7
       5
       9
       5
       7
      10
       5
       6
       9
       4
       5
       6
       6
       5
       7
       4
       6
       7
       9
       6
       8
       8
       7
       9
       5
       9
       3
       6
       8
       5
       8
       3
       9
      10
       7
       9
       7
       7
       4
       5
       7
       6
       5
       7
       4
       6
       5
       6
       4
       3
       3
       4
       4
       4
       2
       5
       7
       3
       3
       3
       4
      10
       5
       4
       4
       7
       7
       5
       3
       2
       6
       2
       6
       7
       8
       5
       5
       7
       4
       3
       3
       5
       5
       2
       5
       8
       0
       6
       6
       3
       5
       4
       3
       5
       3
       3
       2
      10
       9
       3
       4
       3
       2
       4
       5
       9
       6
       5
       8
       3
       1
       4
       8
       6
       6
       6
       7
       2
       5
       7
       5
       4
       4
       6
       5
       3
       5
       8
       5
       2
       2
       2
       8
       8
       4
       5
       9
       6
       7
       5
       6
       8
       4
       6
       9
       4
       4
       6
       5
       9
       3
       8
       8
       6
       8
      10
       6
       6
       3
       9
       5
       7
       5
       3
       5
       3
       4
      10
       9
       4
       6
       7
      10
       5
       2
       8
       7
       5
       7
       2
       3
       8
       4
       4
       4
       9
       1
       6
       1
       7
       8
       3
       5
       1
       4
       3
       4
       5
       2
       2
       4
       4
       4
       5
       4
       4
       7
       3
       3
       3
       5
       2
       8
       2
       4
       6
       5
       6
       4
       2
       4
       5
       4
       7
       3
       4
       5
       3
       3
       7
       3
       7
       2
       5
       4
       9
       6
       3
       5
       2
       4
       2
       3
       2
       4
       2
       4
       4
       3
       3
       3
      10
       6
       5
       9
       3
       0
       4
       4
       1
       5
       4
       3
       1
       6
       3
       2
       1
       0
       3
       4
       6
       3
       3
       4
       3
       1
       4
       2
       2
       5
       3
       5
       9
       2
       5
       1
       1
       1
       4
       2
       4
       2
       2
       2
       8
       7
       3
       3
       2
       4
       5
       0
       1
       5
       1
       2
       4
       3
       4
       4
       6
       7
       3
       6
       2
       0
       3
       3
       1
       3
       1
       3
       1
       2
       3
       3
       4
       4
       3
       2
       2
       1
       2
       6
       3
       1
       3
       1
       3
       3
       1
       3
       3
       3
       2
       3
       1
       3
       4
       3
       2
       3
       3
       5
       1
       1
       3
       3
       5
       3
       1
       1
       3
       2
       4
       4
       2
       3
       2
       5
       4
       3
       6
       4
       2
       6
       1
       4
       3
       5
       6
       1
       7
       2
       0
       2
       3
       7
       2
       4
       6
       4
       5
       6
       4
       3
       5
       1
       1
       5
       3
       6
       6
       0
       3
       6
       4
       3
       2
       5
       6
       2
       2
       3
       3
       4
       2
       4
       6
       5
       6
       5
       3
       2
       2
       2
       4
       4
       0
       2
       3
       5
       2
       3
       4
       3
       2
       5
       4
       7
       6
       1
       5
       4
       4
       3
       5
       4
       7
       4
       5
       4
       1
       1
       5
       1
       1
       1
       5
       1
       2
       3
       4
       2
       4
       3
       5
       3
       1
       2
       4
       2
       1
       3
       6
       6
       2
       4
       3
       3
       3
       4
       0
       1
       3
       1
       2
       4
       4
       3
       2
       2
       7
       5
       6
       5
       3
       4
       4
       4
       5
       5
       4
       6
       5
       2
       4
       4
       4
       3
       4
       0
       4
       3
       3
       7
       3
       1
       3
       4
       3
       2
       0
       2
       0
       3
       1
       2
       3
       1
       1
       4
       5
       1
       4
       2
       3
       2
       1
       2
       2
       2
       0
       2
       1
       3
       2
       1
       0
       1
       4
       2
       1
       2
       3
       5
       0
       2
       2
       4
       2
       1
       2
       3
       2
       1
       0
       1
       3
       2
       1
       1
       2
       1
       2
       1
       1
       3
       1
       1
       2
       1
       1
       2
       3
       4
       0
       2
       2
       0
       1
       3
       0
       4
       1
       2
       1
       1
       0
       1
       2
       2
       2
       0
       0
       2
       1
       1
       1
       0
       1
       0
       1
       0
       2
       1
       1
       0
       0
       0
       1
       1
       5
       0
       1
       4
       3
       0
       1
       0
       2
       0
       2
       2
       2
       0
       1
       0
       1
       3
       0
       1
       0
       1
       2
       0
       0
       1
       1
       1
       1
       0
       0
       1
       3
       0
       0
       1
       2
       1
       2
       4
       2
       1
       1
       0
       1
       2
       3
       1
       1
       1
       3
       2
       3
       2
       0
       2
       2
       4
       1
       0
       1
       1
       2
       4
       2
       1
       0
       1
       2
       3
       1
       1
       3
       3
       1
       3
       5
       1
       3
       1
       2
       1
       1
       2
       3
       5
       3
       6
       4
       5
       2
       6
       1
       3
       2
       1
       3
       5
       1
       8
       4
       3
       6
       2
       3
       7
       6
       1
       1
       6
       4
       6
       3
       5
       3
       4
       6
       1
       0
       5
       6
       1
       3
       7
       2
       3
       2
       2
       7
       6
       6
       4
       8
       1
       2
       3
       5
       4
       2
       5
       3
       5
       4
       2
       3
       2
       2
       3
       5
       1
       6
       4
       6
       2
       1
       1
       1
       0
       3
       1
       1
       3
       2
       1
       3
       2
       3
       0
       2
       2
       1
       0
       2
       5
       2
       3
       1
       0
       4
       2
       1
       1
       2
       0
       0
       1
       0
       1
       3
       0
       0
       2
       1
       1
       0
       0
       1
       2
       0
       0
       1
       2
       1
       1
       1
       0
       2
       0
       0
       0
       0
       2
       1
       0
       0
       0
       1
       0
       1
       0
       1
       0
       0
       2
       0
       1
       0
       0
       0
       0
       0
       0
       0
       0
       0
       1
       0
       0
       1
       0
       1
       0
       0
       0
       0
       0
       0
       0
       0
       0
       0
       0
       1
       0
       0
       0
       0
       0
       0
       0
       0
       0
       0
       0
       0
       0
       0
       0
       0
       0
       0
       0
       0
       0
       0
       0
       0
       0
       0
       0
       0
       0
       0
       0
       0
       0
       0
       0
       0
       0
       0
       0
       0
       0
       0
       0
       0
       0
       0
$ROI:
3
802 910
919 1048
1812 1935
$PRESETS:
None
0
0
$ENER_FIT:
-43.015625 1.438746
$MCA_CAL:
3
-4.301563E+001 1.438746E+000 -3.635760E-005 keV
$SHAPE_CAL:
3
5.967719E+001 -6.308020E-002 3.454509E-005
