$SPEC_ID:
No sample description was entered.
$SPEC_REM:
DET# 4
DETDESC# RBS-D MCB 129 Input 2
AP# Maestro Version 6.08
$DATE_MEA:
01/01/2008 05:35:31
$MEAS_TIM:
604 617
$DATA:
0 2047
       0
       0
       0
       0
       0
     350
     210
     231
     237
     239
     245
     223
     260
     257
     241
     276
     282
     255
     274
     298
     294
     282
     276
     326
     338
     313
     337
     327
     328
     314
     308
     319
     359
     275
     307
     324
     354
     377
     386
     403
     391
     427
     471
     471
     442
     479
     489
     504
     591
     573
     595
     586
     653
     667
     697
     712
     745
     777
     748
     777
     833
     858
     920
     816
     868
     860
     954
     868
     892
     918
     897
     883
     932
     941
     949
     935
     952
     922
     884
     880
     923
     890
     911
     961
     888
     894
     956
     951
     929
     848
     873
     949
     878
     913
     862
     893
     861
     843
     887
     869
     832
     875
     839
     858
     814
     823
     812
     805
     769
     846
     802
     790
     810
     797
     770
     788
     750
     762
     749
     711
     723
     719
     793
     702
     680
     698
     677
     687
     704
     682
     639
     646
     609
     614
     674
     639
     645
     573
     598
     581
     625
     581
     630
     603
     629
     536
     593
     561
     545
     616
     562
     571
     562
     544
     556
     518
     539
     576
     595
     614
     592
     571
     582
     568
     597
     535
     561
     567
     556
     584
     593
     575
     585
     580
     583
     558
     549
     576
     575
     515
     544
     560
     521
     571
     567
     475
     524
     462
     493
     489
     534
     498
     491
     457
     440
     433
     466
     431
     444
     440
     409
     417
     416
     410
     414
     435
     407
     417
     407
     420
     412
     406
     360
     361
     393
     366
     351
     383
     351
     372
     332
     381
     384
     368
     366
     377
     392
     375
     363
     393
     357
     383
     346
     394
     357
     333
     345
     317
     330
     343
     349
     335
     350
     324
     351
     302
     293
     331
     330
     326
     316
     318
     299
     285
     318
     317
     301
     317
     337
     292
     325
     292
     290
     308
     279
     290
     265
     305
     305
     292
     274
     276
     267
     288
     257
     251
     245
     250
     290
     269
     271
     258
     299
     214
     242
     259
     243
     237
     238
     224
     250
     239
     250
     223
     225
     234
     224
     247
     192
     232
     224
     254
     218
     230
     224
     223
     208
     224
     248
     246
     221
     221
     242
     234
     198
     230
     211
     231
     245
     210
     190
     185
     201
     224
     193
     226
     236
     205
     197
     168
     192
     207
     227
     191
     202
     213
     206
     194
     212
     210
     183
     191
     190
     224
     215
     193
     211
     181
     188
     204
     178
     210
     197
     191
     203
     192
     184
     211
     211
     191
     193
     177
     188
     187
     212
     202
     177
     196
     175
     163
     204
     183
     172
     166
     179
     169
     196
     178
     194
     178
     173
     198
     185
     155
     214
     174
     180
     211
     199
     218
     174
     196
     226
     182
     189
     188
     212
     201
     202
     175
     187
     172
     154
     169
     158
     170
     192
     166
     167
     183
     185
     169
     179
     182
     205
     182
     201
     198
     181
     176
     169
     168
     198
     198
     178
     188
     176
     172
     179
     162
     173
     173
     177
     183
     200
     156
     191
     182
     170
     202
     194
     188
     181
     165
     168
     208
     174
     229
     188
     173
     195
     180
     189
     200
     175
     181
     196
     190
     183
     176
     184
     168
     207
     189
     228
     186
     195
     179
     179
     175
     176
     184
     170
     157
     185
     151
     148
     183
     179
     172
     168
     165
     167
     175
     174
     190
     149
     173
     178
     156
     176
     177
     153
     180
     183
     164
     208
     158
     168
     179
     157
     170
     198
     183
     179
     188
     159
     170
     158
     186
     157
     186
     176
     163
     167
     165
     151
     192
     165
     158
     184
     190
     169
     157
     172
     148
     184
     152
     199
     176
     161
     177
     182
     173
     173
     185
     174
     178
     176
     172
     163
     167
     153
     173
     160
     200
     169
     184
     163
     192
     185
     170
     207
     175
     173
     175
     177
     187
     189
     171
     164
     209
     195
     178
     161
     175
     195
     178
     172
     193
     176
     194
     180
     175
     186
     166
     207
     160
     180
     161
     172
     198
     187
     176
     158
     182
     162
     168
     187
     146
     173
     180
     180
     189
     183
     166
     179
     195
     183
     169
     193
     203
     200
     154
     165
     190
     172
     161
     203
     191
     188
     184
     191
     189
     201
     186
     190
     222
     209
     202
     201
     192
     202
     197
     200
     208
     191
     199
     193
     187
     199
     228
     189
     203
     203
     197
     217
     199
     179
     199
     206
     176
     194
     196
     222
     198
     197
     217
     207
     201
     210
     219
     221
     177
     195
     202
     201
     226
     211
     222
     188
     218
     219
     209
     184
     183
     204
     198
     186
     197
     180
     227
     185
     177
     201
     188
     196
     213
     205
     169
     185
     216
     194
     200
     207
     181
     203
     203
     177
     177
     182
     170
     204
     188
     165
     188
     168
     166
     197
     162
     187
     178
     182
     165
     171
     189
     182
     182
     149
     154
     171
     162
     153
     152
     131
     149
     150
     156
     151
     135
     128
     120
     154
     129
     146
     139
     126
     186
     156
     142
     159
     144
     144
     104
     134
     135
     136
     151
     127
     131
     132
     153
     131
     141
     128
     127
     122
     163
     116
     149
     109
     127
     104
     130
     141
     145
     120
     130
     118
     120
     133
     135
     121
     115
     115
     124
     122
     118
     137
     124
     132
     123
     126
     138
     129
     124
     114
     117
     119
     120
     114
     114
      97
     112
     110
     103
      91
     132
     122
     116
     117
     119
      92
     113
     109
     113
      90
     111
     114
     101
      98
      98
     111
     100
     116
     109
     113
     125
     133
     122
     108
     116
     105
     120
     117
     129
     129
     130
     141
     137
     140
     132
     135
     158
     153
     183
     172
     183
     203
     191
     207
     216
     216
     230
     244
     241
     259
     253
     285
     289
     276
     310
     309
     327
     294
     338
     330
     369
     346
     388
     383
     379
     399
     366
     416
     410
     446
     420
     426
     464
     433
     384
     408
     415
     427
     399
     399
     438
     399
     405
     394
     383
     378
     354
     365
     352
     348
     342
     365
     303
     297
     305
     267
     276
     270
     223
     254
     220
     212
     227
     205
     188
     171
     181
     177
     158
     160
     136
     136
     137
     113
     116
     117
     103
      80
      90
      95
      84
      63
      88
      81
      46
      62
      64
      54
      61
      66
      79
      64
      72
      65
      64
      60
      65
      68
      66
      77
      82
      77
      79
      69
      81
      98
      86
     103
      90
     100
      87
     112
     100
     113
     127
     138
     140
     151
     184
     170
     143
     191
     189
     193
     175
     230
     221
     220
     253
     209
     260
     286
     251
     293
     289
     278
     308
     306
     251
     299
     309
     277
     280
     340
     340
     297
     327
     328
     319
     310
     320
     307
     304
     301
     278
     325
     291
     293
     270
     302
     314
     272
     258
     282
     284
     262
     275
     242
     260
     233
     203
     234
     199
     181
     174
     179
     183
     178
     164
     128
     161
     140
     145
     118
     121
     125
     116
      90
     102
      91
      82
      81
      85
      60
      73
      85
      81
      63
      63
      38
      55
      47
      39
      47
      44
      47
      47
      57
      32
      34
      32
      26
      32
      32
      32
      33
      18
      25
      34
      26
      25
      21
      26
      13
      36
      33
      20
      25
      19
      17
      26
      27
      24
      30
      18
      17
      20
      24
      28
      18
      24
      20
      27
      24
      18
      19
      16
      18
      14
      18
      16
      21
      11
      19
      18
      19
      21
      22
      20
      15
      14
      18
      15
      13
       8
       9
      12
      16
      12
      17
       9
      18
       9
      13
      11
       5
       7
      11
       9
       4
       5
      13
      13
      11
       7
       7
       4
       5
      14
       4
       5
       4
       4
      11
       4
       4
       9
       7
       8
       5
       5
       8
       4
       4
       8
       3
       6
       3
       4
       4
       3
       4
       2
       3
       3
       5
       4
       4
       3
       6
       6
       6
       8
       4
       8
       3
       3
       7
       5
       4
       1
       6
       7
       5
       7
       4
       6
       4
       4
       4
       4
       4
       6
       2
       4
       5
       4
       4
       3
       2
       3
       4
       3
       2
       4
       6
       2
       2
       2
       2
       6
       5
       4
       3
       6
       5
       3
       3
       1
       6
       1
       5
       5
       6
       3
       5
       6
       3
       2
       3
       4
       5
       1
       4
       8
       0
       3
       5
       2
       4
       1
       3
       4
       2
       2
       1
       8
       6
       1
       4
       3
       0
       3
       3
       8
       6
       3
       5
       3
       1
       3
       4
       3
       5
       4
       6
       1
       5
       5
       4
       3
       3
       5
       3
       3
       4
       6
       4
       2
       1
       2
       5
       5
       2
       2
       5
       6
       4
       5
       3
       6
       4
       4
       6
       4
       3
       5
       4
       4
       2
       5
       6
       5
       7
       7
       5
       3
       1
       7
       4
       5
       2
       2
       2
       2
       3
       9
       7
       4
       4
       2
       8
       2
       2
       5
       7
       4
       5
       2
       2
       8
       4
       2
       3
       6
       1
       4
       1
       7
       6
       2
       4
       1
       3
       3
       4
       2
       2
       2
       4
       3
       2
       3
       3
       4
       4
       2
       3
       2
       2
       1
       6
       1
       3
       5
       5
       4
       4
       2
       3
       4
       2
       6
       3
       2
       4
       2
       3
       6
       1
       6
       0
       4
       3
       4
       4
       3
       2
       2
       3
       2
       3
       2
       2
       1
       3
       4
       3
       1
       3
       8
       6
       5
       7
       3
       0
       4
       2
       1
       4
       2
       2
       0
       4
       1
       2
       1
       0
       3
       4
       3
       1
       3
       4
       2
       1
       1
       2
       2
       4
       3
       3
       4
       2
       3
       1
       1
       1
       1
       2
       3
       2
       2
       1
       3
       6
       2
       3
       2
       4
       5
       0
       1
       3
       1
       2
       2
       1
       4
       4
       4
       4
       1
       3
       1
       0
       2
       2
       1
       2
       1
       2
       1
       1
       1
       3
       3
       3
       3
       1
       2
       1
       2
       1
       2
       1
       3
       1
       2
       3
       1
       2
       3
       3
       1
       3
       1
       2
       3
       3
       2
       2
       3
       3
       1
       1
       2
       3
       5
       2
       0
       1
       3
       2
       3
       3
       2
       3
       1
       3
       2
       2
       3
       3
       1
       2
       0
       3
       3
       2
       4
       1
       6
       2
       0
       2
       3
       4
       1
       3
       2
       3
       4
       6
       3
       3
       5
       1
       0
       5
       2
       5
       4
       0
       3
       6
       4
       3
       1
       3
       6
       1
       2
       3
       3
       3
       2
       4
       5
       4
       5
       5
       3
       1
       2
       2
       1
       4
       0
       2
       1
       2
       2
       3
       4
       3
       1
       4
       2
       4
       5
       1
       4
       2
       3
       3
       3
       4
       3
       3
       4
       3
       0
       1
       5
       0
       1
       1
       5
       1
       2
       2
       1
       1
       4
       2
       5
       2
       1
       1
       2
       2
       1
       3
       6
       6
       0
       3
       3
       2
       2
       4
       0
       1
       2
       1
       2
       3
       4
       2
       1
       1
       6
       4
       5
       3
       2
       2
       3
       2
       2
       5
       3
       4
       4
       2
       3
       3
       4
       3
       3
       0
       4
       2
       2
       4
       2
       1
       2
       1
       2
       2
       0
       1
       0
       2
       1
       2
       2
       1
       0
       3
       4
       0
       3
       2
       2
       2
       1
       2
       1
       1
       0
       1
       1
       1
       1
       1
       0
       0
       3
       1
       1
       1
       3
       5
       0
       2
       2
       3
       0
       1
       1
       1
       2
       1
       0
       1
       2
       1
       1
       1
       1
       1
       1
       1
       1
       2
       1
       1
       1
       1
       0
       1
       3
       2
       0
       2
       2
       0
       0
       2
       0
       4
       0
       1
       1
       1
       0
       1
       2
       1
       1
       0
       0
       2
       1
       1
       1
       0
       1
       0
       0
       0
       1
       1
       1
       0
       0
       0
       0
       0
       4
       0
       1
       2
       3
       0
       0
       0
       2
       0
       2
       1
       1
       0
       1
       0
       1
       3
       0
       1
       0
       1
       0
       0
       0
       1
       1
       1
       1
       0
       0
       1
       2
       0
       0
       1
       2
       1
       2
       4
       2
       1
       1
       0
       1
       1
       2
       0
       1
       1
       3
       1
       2
       1
       0
       2
       1
       4
       1
       0
       0
       1
       2
       4
       0
       1
       0
       0
       1
       3
       1
       1
       3
       3
       1
       2
       5
       1
       2
       1
       0
       1
       0
       1
       2
       4
       0
       3
       3
       4
       2
       5
       0
       1
       0
       1
       2
       4
       1
       8
       3
       3
       5
       2
       3
       6
       5
       0
       0
       6
       4
       6
       2
       4
       2
       3
       4
       1
       0
       4
       5
       1
       2
       4
       1
       2
       2
       1
       7
       5
       5
       3
       6
       1
       1
       2
       3
       3
       2
       5
       1
       4
       4
       1
       1
       1
       2
       2
       4
       1
       4
       4
       6
       2
       1
       1
       1
       0
       3
       0
       0
       2
       2
       1
       3
       2
       2
       0
       2
       1
       1
       0
       2
       5
       1
       2
       1
       0
       2
       1
       1
       0
       2
       0
       0
       1
       0
       1
       3
       0
       0
       2
       1
       1
       0
       0
       0
       1
       0
       0
       1
       2
       1
       1
       1
       0
       1
       0
       0
       0
       0
       2
       1
       0
       0
       0
       1
       0
       1
       0
       0
       0
       0
       2
       0
       0
       0
       0
       0
       0
       0
       0
       0
       0
       0
       1
       0
       0
       1
       0
       0
       0
       0
       0
       0
       0
       0
       0
       0
       0
       0
       0
       0
       0
       0
       0
       0
       0
       0
       0
       0
       0
       0
       0
       0
       0
       0
       0
       0
       0
       0
       0
       0
       0
       0
       0
       0
       0
       0
       0
       0
       0
       0
       0
       0
       0
       0
       0
       0
       0
       0
       0
       0
       0
       0
       0
       0
       0
       0
$ROI:
3
802 910
919 1048
1812 1935
$PRESETS:
None
0
0
$ENER_FIT:
-43.015625 1.438746
$MCA_CAL:
3
-4.301563E+001 1.438746E+000 -3.635760E-005 keV
$SHAPE_CAL:
3
5.967719E+001 -6.308020E-002 3.454509E-005
