$SPEC_ID:
No sample description was entered.
$SPEC_REM:
DET# 4
DETDESC# RBS-D MCB 129 Input 2
AP# Maestro Version 6.08
$DATE_MEA:
01/01/2008 05:25:27
$MEAS_TIM:
301 307
$DATA:
0 2047
       0
       0
       0
       0
       0
     183
     105
     115
     125
     118
     112
     114
     124
     133
     115
     136
     136
     119
     117
     137
     146
     141
     141
     167
     163
     151
     176
     167
     162
     145
     150
     167
     180
     140
     160
     177
     178
     184
     207
     204
     195
     223
     231
     224
     240
     237
     252
     248
     279
     288
     300
     272
     333
     339
     361
     362
     383
     377
     390
     391
     424
     462
     454
     401
     432
     427
     457
     440
     437
     445
     434
     454
     507
     471
     479
     470
     473
     436
     460
     398
     435
     443
     449
     480
     449
     475
     469
     474
     475
     427
     442
     473
     469
     454
     441
     422
     426
     407
     444
     435
     421
     438
     406
     414
     412
     394
     403
     428
     379
     430
     403
     388
     394
     375
     376
     391
     365
     401
     393
     348
     372
     356
     401
     346
     336
     351
     332
     347
     334
     350
     313
     316
     302
     306
     340
     313
     318
     295
     284
     289
     310
     309
     319
     301
     313
     261
     279
     303
     279
     312
     275
     267
     289
     252
     276
     255
     245
     307
     299
     319
     300
     303
     306
     285
     291
     264
     301
     288
     265
     289
     278
     280
     262
     280
     296
     292
     270
     259
     303
     247
     267
     278
     248
     285
     298
     226
     277
     253
     249
     249
     254
     243
     244
     236
     215
     229
     240
     203
     233
     217
     206
     206
     197
     197
     215
     213
     200
     209
     207
     219
     206
     197
     205
     154
     192
     181
     179
     214
     187
     175
     180
     181
     206
     166
     169
     198
     186
     187
     166
     219
     185
     190
     162
     193
     172
     166
     175
     166
     173
     181
     170
     174
     177
     178
     164
     139
     141
     176
     165
     153
     181
     166
     150
     139
     170
     155
     152
     154
     161
     156
     166
     144
     148
     168
     142
     139
     125
     155
     154
     143
     125
     139
     147
     144
     128
     124
     123
     117
     143
     129
     135
     123
     155
     118
     104
     115
     134
     114
     122
     104
     128
     124
     126
     106
     109
     112
     113
     117
      95
     109
     103
     114
     105
     120
     112
     104
     110
     108
     132
     125
     109
     113
     119
     116
      88
     104
     102
     118
     127
     106
     101
      88
      92
     110
      97
     118
     108
     102
     102
      86
     106
      95
      92
      94
     105
     109
     105
      95
     105
      96
      67
      97
      96
     100
     102
      92
     106
      84
      97
     112
      98
     101
      97
      92
      93
      95
     100
     108
      90
      95
      99
      82
      90
      87
     107
     110
      93
      91
      84
      82
      94
      88
      83
      74
     101
      88
      90
      81
      95
      98
      88
      94
      95
      80
      99
      83
      82
     105
      98
     105
      91
     100
     111
      86
     100
      97
     107
     103
     104
      87
      91
      82
      75
      80
      78
      90
      89
      88
      87
      99
      96
      92
      94
      90
     105
      96
     102
      99
      99
     102
      72
      94
     101
     104
      92
      86
      79
      75
      87
      77
      76
      92
      89
      96
     103
      79
     103
      90
      96
      92
     100
     100
      81
      80
      72
     104
      89
     127
      91
      82
     102
      85
     101
     110
      91
      87
      95
      97
      94
      84
      94
      86
     104
      94
     125
      96
      90
      81
      91
      85
      78
      90
      81
      75
      88
      79
      69
      81
      88
      98
      95
      93
      87
      89
      90
      98
      74
      83
      92
      86
      87
      91
      78
      91
      87
      89
      93
      85
      84
      83
      80
      83
      94
      98
      96
      95
      81
      80
      82
     103
      81
      91
      97
      83
      85
      84
      68
      98
      91
      75
      94
     103
      81
      83
      78
      78
      95
      69
     102
      79
      86
      88
      84
      86
      90
     100
      91
      86
      86
      84
      75
      82
      75
      79
      74
     100
      81
      92
      82
      95
     101
      79
      99
      95
      98
      72
      91
      96
      97
      81
      71
      95
      95
      83
      84
      90
      97
      76
      91
      98
      82
     102
      83
      79
      99
      74
      96
      77
      87
      75
      72
      93
     104
      81
      87
      93
      73
      88
      90
      83
      81
      79
      74
      94
      80
      83
      94
      93
      95
      78
      88
      97
     116
      68
      92
      94
      97
      76
     111
      92
      85
      91
      99
      97
     101
      88
      98
     105
     115
     115
      88
      89
     105
      87
      95
      95
      98
     104
     101
     109
      96
     111
      87
      97
     103
     102
     108
      94
      90
      94
      94
      94
     112
      98
      98
      97
      94
     105
     103
     106
     108
     103
     116
      86
     109
      98
     102
     116
      99
     116
      93
     130
     101
      92
     103
      97
     101
     108
     102
      96
      90
     101
      88
      78
      97
      88
      93
      97
     101
      79
      90
      90
      88
      99
     116
      82
     110
     117
      93
      96
      93
      92
     105
      94
      75
      97
     100
      84
      94
      82
      95
      94
     100
      86
      90
      91
      90
      84
      71
      78
      96
      65
      73
      76
      67
      75
      70
      81
      72
      70
      70
      62
      77
      71
      75
      76
      77
      94
      78
      70
      80
      80
      77
      56
      67
      64
      74
      83
      60
      59
      66
      90
      70
      69
      71
      64
      54
      79
      49
      76
      55
      59
      48
      69
      65
      88
      61
      70
      56
      63
      61
      66
      59
      50
      64
      59
      57
      63
      65
      71
      70
      54
      66
      66
      54
      63
      50
      64
      68
      53
      50
      66
      46
      53
      61
      44
      45
      61
      64
      55
      63
      57
      51
      55
      45
      64
      49
      59
      62
      52
      50
      49
      53
      52
      57
      55
      54
      66
      62
      62
      47
      59
      62
      65
      58
      67
      63
      65
      85
      65
      71
      65
      71
      74
      77
      93
      85
      92
      99
      99
     102
     107
     113
     118
     122
     115
     137
     126
     149
     144
     142
     161
     147
     160
     143
     158
     159
     184
     164
     204
     173
     194
     193
     177
     214
     203
     220
     205
     222
     241
     221
     205
     204
     197
     217
     211
     199
     214
     196
     177
     206
     182
     180
     174
     191
     158
     177
     181
     180
     161
     146
     149
     142
     144
     137
     111
     124
     105
     103
     101
     113
      95
      88
      99
      98
      76
      77
      59
      64
      66
      56
      57
      54
      56
      41
      46
      41
      35
      31
      36
      49
      24
      35
      32
      32
      30
      37
      34
      35
      35
      34
      37
      40
      32
      41
      39
      36
      41
      40
      32
      36
      34
      47
      49
      57
      41
      52
      45
      62
      45
      62
      63
      65
      81
      54
      87
      84
      75
      94
      87
     100
      97
     108
     105
     101
     119
     103
     136
     132
     131
     136
     147
     143
     157
     146
     124
     150
     138
     139
     138
     158
     148
     151
     184
     138
     154
     159
     168
     152
     128
     148
     126
     172
     146
     140
     134
     155
     167
     146
     126
     138
     128
     146
     132
     119
     114
     113
      88
     116
      86
      83
      82
      92
      86
      79
      80
      59
      77
      74
      83
      60
      51
      70
      57
      44
      49
      46
      43
      33
      45
      30
      43
      43
      38
      31
      31
      21
      23
      25
      23
      24
      21
      31
      26
      24
      17
      11
      15
      10
      13
      16
      17
      17
       6
      12
      20
      18
       8
      11
      10
       4
      19
      17
       8
      13
       9
       7
      16
      16
      10
      18
      10
       7
      10
      13
      19
       8
      10
      12
      19
      13
      11
      10
      10
       6
       5
       8
       9
      12
       6
      12
       7
       9
       6
       7
      10
       6
       8
       5
       4
       5
       5
       4
       5
       8
       5
      11
       7
       9
       2
       7
       7
       2
       4
       5
       6
       0
       2
       6
       6
       6
       3
       4
       2
       3
      10
       3
       4
       0
       1
       7
       1
       2
       6
       4
       8
       3
       2
       4
       3
       2
       2
       3
       3
       0
       2
       1
       2
       1
       2
       1
       2
       2
       2
       2
       1
       2
       3
       3
       4
       2
       5
       3
       2
       2
       4
       0
       0
       4
       4
       4
       2
       1
       1
       1
       2
       3
       1
       3
       3
       1
       3
       1
       3
       3
       1
       0
       1
       4
       1
       2
       2
       3
       0
       1
       0
       1
       1
       2
       4
       0
       4
       2
       3
       1
       0
       3
       0
       2
       3
       2
       3
       3
       3
       1
       1
       2
       1
       5
       1
       3
       4
       0
       2
       1
       1
       1
       0
       3
       2
       2
       1
       1
       6
       3
       0
       1
       2
       0
       2
       3
       3
       5
       2
       2
       0
       0
       0
       2
       2
       3
       2
       3
       1
       4
       1
       1
       3
       1
       3
       2
       3
       4
       3
       2
       1
       0
       0
       1
       4
       1
       2
       1
       3
       0
       2
       3
       3
       1
       2
       2
       0
       1
       0
       2
       1
       1
       2
       3
       3
       2
       1
       2
       1
       1
       3
       2
       2
       0
       2
       1
       1
       1
       3
       4
       3
       2
       1
       2
       0
       2
       3
       3
       2
       1
       2
       1
       4
       2
       2
       1
       4
       1
       0
       0
       2
       2
       1
       1
       1
       2
       3
       0
       0
       1
       0
       0
       3
       2
       1
       1
       2
       3
       1
       0
       2
       0
       0
       4
       1
       3
       2
       4
       1
       2
       1
       3
       2
       1
       1
       3
       1
       3
       1
       0
       1
       1
       5
       0
       1
       1
       4
       2
       0
       1
       0
       0
       0
       0
       1
       1
       1
       2
       3
       1
       0
       1
       5
       4
       4
       2
       1
       0
       3
       0
       1
       3
       1
       1
       0
       2
       1
       0
       1
       0
       2
       2
       2
       1
       2
       1
       1
       1
       1
       1
       0
       1
       1
       2
       2
       1
       0
       1
       1
       1
       1
       1
       2
       1
       2
       0
       0
       5
       2
       2
       1
       1
       4
       0
       0
       2
       0
       1
       2
       1
       3
       2
       1
       3
       0
       1
       0
       0
       0
       1
       0
       0
       1
       1
       1
       0
       1
       3
       3
       3
       2
       1
       1
       0
       0
       0
       1
       0
       1
       0
       1
       1
       0
       1
       2
       2
       0
       0
       1
       1
       2
       0
       1
       0
       2
       1
       1
       1
       1
       3
       2
       0
       0
       0
       1
       1
       1
       1
       1
       2
       1
       2
       1
       1
       1
       1
       1
       1
       0
       2
       1
       0
       3
       0
       4
       0
       0
       0
       3
       1
       1
       2
       1
       1
       2
       4
       3
       1
       2
       0
       0
       2
       1
       5
       1
       0
       1
       3
       3
       0
       1
       2
       1
       1
       1
       1
       3
       1
       0
       1
       3
       2
       1
       3
       2
       1
       0
       1
       0
       3
       0
       1
       0
       1
       0
       1
       2
       1
       1
       4
       2
       3
       4
       0
       2
       1
       1
       1
       3
       1
       3
       2
       2
       1
       0
       0
       5
       0
       1
       1
       0
       0
       2
       1
       0
       1
       2
       0
       2
       2
       0
       0
       1
       1
       1
       1
       3
       2
       0
       3
       2
       1
       1
       1
       0
       1
       2
       1
       1
       0
       1
       2
       1
       1
       3
       2
       4
       0
       1
       0
       1
       1
       1
       3
       3
       3
       1
       1
       1
       1
       2
       3
       1
       0
       2
       2
       2
       2
       1
       0
       1
       1
       2
       1
       0
       1
       0
       1
       0
       1
       1
       0
       0
       0
       2
       0
       2
       0
       1
       2
       0
       0
       0
       1
       0
       0
       1
       0
       0
       1
       0
       0
       3
       0
       1
       0
       1
       2
       0
       1
       1
       0
       0
       0
       0
       0
       2
       0
       0
       0
       1
       1
       0
       0
       1
       1
       1
       1
       0
       1
       1
       1
       1
       0
       0
       0
       1
       1
       0
       1
       0
       0
       0
       1
       0
       4
       0
       0
       0
       1
       0
       0
       1
       1
       0
       0
       0
       1
       1
       1
       1
       0
       0
       0
       0
       0
       1
       0
       0
       0
       0
       0
       0
       0
       1
       0
       1
       1
       1
       0
       0
       0
       1
       0
       1
       0
       1
       0
       1
       0
       1
       2
       0
       1
       0
       0
       0
       0
       0
       1
       0
       0
       1
       0
       0
       0
       2
       0
       0
       0
       0
       0
       1
       3
       1
       1
       1
       0
       0
       1
       0
       0
       0
       1
       2
       0
       1
       1
       0
       1
       0
       3
       0
       0
       0
       0
       2
       4
       0
       0
       0
       0
       0
       1
       0
       1
       3
       2
       1
       2
       3
       0
       1
       0
       0
       0
       0
       0
       2
       2
       0
       1
       2
       1
       1
       2
       0
       0
       0
       1
       2
       2
       0
       2
       1
       1
       1
       0
       2
       2
       1
       0
       0
       2
       0
       4
       1
       2
       0
       1
       1
       0
       0
       3
       4
       0
       1
       2
       0
       1
       1
       0
       4
       3
       4
       2
       2
       1
       1
       1
       1
       2
       2
       2
       0
       3
       4
       1
       0
       1
       2
       0
       2
       0
       3
       2
       2
       1
       0
       1
       1
       0
       3
       0
       0
       1
       1
       1
       2
       1
       1
       0
       0
       1
       1
       0
       0
       0
       1
       0
       1
       0
       1
       1
       0
       0
       0
       0
       0
       1
       0
       1
       3
       0
       0
       1
       1
       0
       0
       0
       0
       0
       0
       0
       1
       1
       1
       0
       0
       0
       1
       0
       0
       0
       0
       0
       1
       0
       0
       0
       1
       0
       0
       0
       0
       0
       0
       1
       0
       0
       0
       0
       0
       0
       0
       0
       0
       0
       0
       0
       0
       0
       0
       0
       0
       0
       0
       0
       0
       0
       0
       0
       0
       0
       0
       0
       0
       0
       0
       0
       0
       0
       0
       0
       0
       0
       0
       0
       0
       0
       0
       0
       0
       0
       0
       0
       0
       0
       0
       0
       0
       0
       0
       0
       0
       0
       0
       0
       0
       0
       0
       0
       0
       0
       0
       0
       0
       0
       0
       0
       0
       0
       0
$ROI:
3
802 910
919 1048
1812 1935
$PRESETS:
None
0
0
$ENER_FIT:
-43.015625 1.438746
$MCA_CAL:
3
-4.301563E+001 1.438746E+000 -3.635760E-005 keV
$SHAPE_CAL:
3
5.967719E+001 -6.308020E-002 3.454509E-005
