$SPEC_ID:
No sample description was entered.
$SPEC_REM:
DET# 4
DETDESC# RBS-D MCB 129 Input 2
AP# Maestro Version 6.08
$DATE_MEA:
01/01/2008 05:17:41
$MEAS_TIM:
99 101
$DATA:
0 2047
       0
       0
       0
       0
       0
      57
      29
      37
      38
      43
      19
      31
      36
      38
      36
      55
      50
      46
      55
      51
      56
      51
      63
      62
      41
      48
      72
      60
      55
      61
      45
      55
      54
      60
      61
      58
      47
      57
      56
      53
      76
      56
      68
      70
      92
      77
      77
      80
      87
      74
      94
      90
     100
     113
     116
     121
     121
     121
     112
     142
     132
     131
     153
     139
     142
     152
     138
     134
     156
     151
     153
     167
     173
     141
     165
     173
     141
     149
     169
     172
     135
     129
     158
     163
     157
     165
     150
     141
     167
     142
     124
     143
     143
     144
     137
     130
     154
     135
     159
     140
     168
     131
     155
     126
     130
     136
     148
     114
     109
     113
     142
     120
     124
     137
     135
     134
     108
     125
     121
     135
     137
     107
     122
     127
     124
     109
     126
     112
     125
     110
     138
     112
     102
     124
      92
     105
      98
      97
     103
     103
     105
     112
      91
      85
     121
      83
     103
     104
      94
      84
      92
      88
      78
     108
      95
     104
     105
      88
     111
      93
      89
      91
      97
      89
      86
      91
     100
      87
     100
     102
      84
      95
      96
      94
     102
      95
     104
      92
      98
      90
     103
      94
      81
      93
      75
      91
      88
      89
      83
      92
      80
      89
      81
      67
      74
      64
      80
      71
      56
      60
      69
      70
      83
      67
      65
      86
      72
      66
      65
      59
      71
      68
      60
      77
      86
      59
      59
      69
      62
      81
      53
      70
      74
      63
      63
      48
      59
      70
      50
      57
      72
      59
      58
      51
      49
      59
      67
      61
      48
      53
      67
      52
      69
      61
      61
      57
      53
      53
      51
      54
      50
      46
      37
      48
      45
      62
      52
      51
      49
      55
      56
      45
      48
      51
      35
      60
      42
      44
      31
      46
      35
      47
      41
      39
      46
      48
      28
      42
      40
      31
      41
      48
      40
      45
      54
      43
      32
      39
      33
      25
      35
      40
      51
      34
      43
      43
      34
      41
      37
      36
      38
      43
      45
      32
      35
      28
      40
      38
      45
      34
      30
      37
      46
      22
      33
      46
      32
      35
      29
      27
      50
      29
      39
      27
      36
      30
      47
      38
      29
      32
      31
      26
      37
      40
      30
      34
      31
      24
      33
      33
      31
      27
      34
      31
      31
      36
      47
      26
      33
      29
      37
      33
      35
      27
      47
      34
      43
      27
      35
      19
      33
      34
      28
      27
      19
      25
      40
      28
      39
      29
      31
      28
      34
      26
      37
      26
      42
      37
      42
      33
      29
      32
      23
      30
      30
      33
      39
      39
      32
      36
      32
      27
      31
      29
      33
      37
      28
      18
      24
      34
      23
      29
      21
      30
      24
      25
      28
      35
      32
      27
      28
      25
      24
      31
      28
      25
      29
      23
      25
      34
      35
      29
      30
      26
      29
      45
      27
      31
      30
      22
      29
      21
      43
      41
      28
      37
      24
      24
      31
      26
      29
      31
      36
      31
      37
      39
      31
      24
      21
      33
      21
      33
      32
      33
      27
      28
      26
      41
      37
      30
      27
      38
      31
      32
      27
      32
      29
      32
      35
      30
      36
      22
      20
      26
      42
      26
      29
      31
      26
      26
      15
      35
      34
      32
      33
      30
      26
      34
      16
      22
      25
      27
      29
      26
      22
      32
      26
      18
      32
      30
      22
      36
      30
      30
      32
      32
      25
      38
      25
      26
      25
      29
      27
      36
      32
      24
      32
      35
      31
      27
      31
      35
      25
      27
      21
      23
      26
      32
      32
      28
      26
      31
      27
      30
      18
      25
      28
      26
      38
      38
      26
      22
      34
      24
      27
      35
      40
      36
      31
      41
      20
      33
      32
      24
      27
      34
      32
      26
      37
      37
      32
      28
      26
      32
      31
      32
      29
      30
      27
      29
      33
      37
      31
      31
      22
      39
      32
      22
      33
      21
      24
      18
      43
      26
      31
      28
      26
      31
      42
      30
      31
      31
      31
      38
      26
      29
      33
      30
      29
      33
      29
      26
      27
      27
      28
      28
      32
      29
      40
      43
      24
      31
      27
      37
      28
      35
      28
      32
      24
      30
      32
      26
      30
      18
      36
      31
      31
      24
      39
      24
      36
      35
      33
      31
      32
      34
      29
      31
      36
      24
      38
      30
      31
      33
      24
      27
      39
      34
      35
      44
      34
      41
      39
      40
      33
      28
      32
      27
      34
      23
      35
      25
      43
      51
      37
      38
      35
      31
      40
      29
      40
      36
      30
      29
      30
      23
      34
      29
      39
      28
      32
      28
      35
      39
      36
      36
      34
      28
      35
      38
      32
      25
      32
      36
      30
      36
      25
      33
      24
      36
      33
      28
      20
      35
      16
      29
      22
      18
      20
      26
      23
      24
      26
      25
      28
      20
      28
      24
      27
      20
      21
      24
      28
      21
      23
      26
      22
      14
      23
      25
      17
      24
      29
      25
      30
      17
      10
      25
      16
      25
      19
      25
      20
      24
      24
      21
      21
      17
      17
      12
      24
      21
      23
      21
      21
      16
      15
      30
      22
      22
      23
      27
      17
      23
      15
      18
      32
      17
      14
      19
      18
      20
      21
      15
      15
      29
      21
      13
      22
      18
      15
      21
      16
      21
      19
      17
      18
      20
      19
      13
      11
      14
      12
      11
      19
      18
      15
      19
      13
      18
      13
      17
      17
      17
      14
      22
      15
      16
      17
      20
      22
      16
      18
      20
      24
      19
      28
      22
      29
      27
      23
      36
      22
      16
      31
      29
      29
      37
      32
      38
      31
      39
      37
      35
      45
      38
      47
      49
      47
      47
      57
      52
      61
      52
      47
      67
      58
      65
      58
      62
      61
      66
      77
      75
      75
      65
      70
      67
      63
      71
      75
      63
      69
      63
      79
      73
      66
      79
      66
      71
      65
      70
      71
      68
      66
      51
      53
      54
      47
      48
      53
      52
      43
      45
      39
      38
      45
      33
      57
      24
      25
      30
      35
      30
      31
      26
      26
      25
      34
      20
      15
      13
      17
      13
      16
      11
      20
      19
      19
      14
      13
      14
      12
       9
      11
       6
       8
       5
      11
       5
       7
      12
      10
      11
      17
      15
      10
      11
       8
      19
      12
      17
      12
      10
      13
      17
      14
      19
      23
      33
      17
      22
      21
      22
      29
      23
      32
      39
      24
      26
      37
      33
      33
      27
      40
      36
      41
      47
      52
      51
      40
      61
      47
      43
      58
      54
      52
      47
      54
      57
      65
      57
      48
      42
      54
      60
      62
      53
      52
      53
      61
      51
      51
      52
      53
      60
      51
      47
      44
      37
      32
      45
      45
      49
      46
      49
      34
      47
      37
      31
      40
      28
      30
      23
      23
      29
      23
      17
      18
      19
      19
      18
      27
      14
      19
      16
      18
      16
      15
      14
      15
      17
      14
      11
      12
      12
       6
       7
       9
       3
       6
       8
      10
       8
       4
       5
       4
       4
       3
       4
       6
       3
       5
       5
       3
       7
       3
       2
       3
       4
       3
       4
       4
       3
       6
       5
       8
       1
       5
       4
       2
       3
       5
       0
       4
       5
       4
       8
       1
       5
       0
       2
       4
       5
       2
       7
       1
       1
       4
       5
       1
       1
       0
       1
       3
       3
       2
       1
       1
       3
       3
       2
       1
       1
       1
       0
       3
       3
       2
       1
       2
       1
       1
       3
       2
       1
       2
       2
       0
       4
       1
       0
       0
       1
       4
       1
       2
       0
       1
       2
       0
       0
       1
       0
       1
       1
       0
       0
       3
       0
       2
       0
       0
       1
       0
       0
       0
       0
       2
       0
       0
       0
       1
       0
       1
       0
       3
       0
       1
       1
       0
       0
       0
       0
       0
       0
       0
       0
       1
       1
       1
       2
       0
       0
       1
       0
       0
       0
       1
       2
       0
       2
       1
       1
       2
       1
       0
       1
       1
       0
       1
       1
       1
       1
       1
       0
       3
       0
       0
       0
       0
       1
       1
       1
       1
       0
       1
       1
       0
       0
       2
       0
       0
       0
       3
       2
       0
       0
       2
       2
       2
       0
       1
       0
       0
       0
       1
       0
       1
       1
       0
       1
       0
       1
       1
       0
       2
       0
       0
       1
       0
       0
       1
       0
       1
       1
       1
       1
       2
       1
       0
       0
       0
       0
       0
       0
       0
       0
       1
       1
       0
       1
       0
       2
       0
       1
       0
       0
       2
       0
       0
       0
       2
       0
       2
       1
       3
       0
       1
       2
       0
       0
       0
       0
       1
       0
       0
       0
       0
       1
       0
       0
       1
       0
       1
       2
       0
       0
       2
       1
       0
       1
       1
       1
       1
       1
       0
       0
       0
       0
       3
       0
       1
       1
       0
       0
       0
       0
       2
       2
       0
       0
       1
       1
       0
       0
       0
       1
       1
       0
       0
       1
       0
       1
       0
       1
       0
       1
       0
       0
       0
       1
       1
       1
       0
       1
       0
       0
       1
       1
       1
       2
       0
       0
       0
       0
       1
       2
       0
       0
       0
       0
       0
       1
       0
       0
       0
       0
       1
       1
       0
       1
       0
       1
       0
       0
       2
       1
       0
       1
       2
       1
       1
       1
       0
       0
       0
       0
       1
       0
       0
       1
       2
       2
       2
       1
       1
       0
       0
       1
       0
       0
       1
       0
       2
       0
       3
       0
       2
       0
       2
       1
       0
       2
       1
       0
       0
       0
       2
       1
       0
       0
       1
       0
       0
       0
       0
       0
       0
       0
       1
       0
       1
       2
       1
       2
       0
       1
       1
       0
       1
       1
       0
       0
       0
       0
       0
       0
       1
       0
       0
       1
       0
       0
       0
       0
       2
       3
       0
       0
       0
       0
       0
       0
       0
       0
       0
       0
       0
       0
       0
       0
       0
       0
       0
       1
       1
       0
       0
       0
       1
       0
       0
       0
       0
       0
       1
       0
       0
       0
       0
       1
       1
       1
       0
       0
       1
       1
       0
       0
       0
       0
       0
       0
       0
       1
       1
       0
       0
       1
       0
       0
       0
       0
       0
       0
       0
       2
       0
       0
       0
       1
       1
       0
       1
       0
       0
       0
       1
       0
       0
       1
       0
       0
       0
       0
       0
       1
       2
       1
       0
       0
       0
       1
       1
       1
       0
       2
       0
       0
       1
       0
       1
       0
       0
       0
       0
       1
       1
       1
       1
       0
       0
       3
       0
       0
       2
       0
       2
       0
       2
       0
       0
       1
       0
       0
       2
       1
       0
       2
       1
       0
       0
       1
       0
       0
       1
       2
       0
       0
       1
       0
       0
       1
       1
       3
       1
       1
       1
       0
       0
       0
       0
       0
       1
       1
       2
       1
       0
       1
       0
       0
       1
       1
       1
       0
       0
       1
       0
       2
       1
       0
       0
       1
       1
       1
       0
       0
       1
       0
       1
       0
       0
       0
       1
       1
       0
       0
       1
       1
       0
       0
       2
       1
       1
       1
       0
       1
       0
       0
       0
       0
       0
       0
       0
       1
       0
       1
       1
       2
       0
       0
       0
       1
       1
       0
       1
       0
       1
       0
       0
       0
       0
       1
       0
       0
       0
       0
       0
       0
       0
       0
       0
       1
       0
       0
       2
       1
       1
       0
       1
       1
       0
       0
       0
       0
       0
       0
       0
       1
       0
       2
       0
       0
       0
       0
       1
       0
       0
       0
       0
       0
       0
       0
       0
       0
       0
       0
       0
       0
       0
       0
       1
       0
       1
       0
       0
       0
       0
       0
       0
       0
       0
       0
       0
       0
       0
       0
       0
       0
       0
       1
       0
       0
       1
       1
       0
       0
       0
       2
       0
       0
       0
       0
       0
       0
       1
       0
       0
       0
       0
       0
       0
       0
       0
       0
       0
       0
       0
       0
       0
       0
       0
       0
       0
       0
       0
       0
       1
       0
       0
       1
       0
       0
       1
       0
       0
       0
       1
       0
       0
       0
       0
       0
       0
       0
       0
       1
       0
       0
       0
       0
       0
       1
       0
       0
       1
       0
       0
       0
       0
       0
       0
       0
       1
       0
       0
       0
       0
       0
       0
       0
       0
       0
       0
       0
       0
       0
       1
       0
       0
       0
       1
       0
       0
       0
       0
       1
       0
       0
       0
       1
       0
       0
       1
       0
       1
       0
       1
       0
       0
       4
       1
       0
       1
       2
       0
       0
       0
       1
       0
       1
       0
       0
       0
       0
       1
       1
       0
       0
       0
       1
       0
       0
       0
       2
       0
       0
       1
       0
       1
       1
       0
       1
       0
       0
       1
       1
       0
       0
       0
       0
       1
       0
       1
       1
       0
       1
       1
       0
       2
       0
       0
       1
       0
       0
       2
       1
       0
       1
       0
       0
       1
       0
       0
       0
       0
       0
       0
       1
       1
       1
       0
       0
       0
       0
       1
       0
       0
       0
       1
       1
       0
       0
       0
       0
       0
       0
       1
       0
       0
       0
       0
       0
       0
       0
       0
       0
       0
       0
       0
       0
       1
       1
       0
       0
       0
       0
       0
       0
       0
       0
       0
       0
       0
       0
       0
       0
       0
       1
       0
       0
       0
       0
       0
       1
       0
       0
       0
       0
       0
       0
       0
       0
       1
       0
       1
       0
       1
       0
       0
       0
       0
       0
       0
       0
       0
       0
       0
       0
       0
       0
       0
       0
       0
       0
       0
       0
       0
       0
       0
       0
       0
       0
       0
       0
       0
       0
       0
       0
       0
       0
       0
       0
       0
       0
       0
       0
       0
       0
       0
       0
       0
       0
       0
       0
       0
       0
       0
       0
       0
       0
       0
       0
       0
       0
       0
       0
       0
       0
       0
       0
       0
       0
       0
       0
       0
       0
$ROI:
3
765 917
921 1051
1769 1939
$PRESETS:
None
0
0
$ENER_FIT:
-43.015625 1.438746
$MCA_CAL:
3
-4.301563E+001 1.438746E+000 -3.635760E-005 keV
$SHAPE_CAL:
3
5.967719E+001 -6.308020E-002 3.454509E-005
