$SPEC_ID:
No sample description was entered.
$SPEC_REM:
DET# 4
DETDESC# RBS-D MCB 129 Input 2
AP# Maestro Version 6.08
$DATE_MEA:
01/01/2008 05:18:45
$MEAS_TIM:
196 200
$DATA:
0 2047
       0
       0
       0
       0
       0
     132
      65
      65
      72
      82
      54
      63
      86
      75
      72
      99
      94
      88
     102
     101
     121
      84
     126
     108
      91
      95
     121
     116
     105
     102
     108
     102
     104
     107
     112
     113
     101
     107
     109
     119
     143
     124
     142
     149
     164
     136
     165
     170
     178
     157
     175
     187
     205
     212
     230
     219
     233
     241
     233
     260
     264
     279
     294
     277
     274
     324
     281
     269
     300
     284
     290
     332
     313
     298
     322
     329
     288
     307
     325
     327
     274
     250
     294
     301
     293
     315
     300
     279
     308
     290
     261
     278
     289
     272
     301
     280
     295
     255
     287
     272
     320
     256
     281
     272
     257
     269
     286
     258
     237
     222
     286
     242
     252
     279
     264
     246
     228
     250
     242
     245
     256
     221
     235
     248
     228
     230
     237
     232
     231
     216
     256
     209
     213
     223
     184
     206
     223
     188
     208
     204
     206
     219
     187
     177
     227
     184
     203
     203
     191
     182
     171
     185
     175
     201
     183
     201
     207
     186
     223
     182
     174
     171
     182
     178
     179
     183
     197
     188
     189
     178
     181
     197
     196
     181
     199
     200
     203
     194
     179
     180
     168
     169
     167
     191
     164
     183
     161
     166
     173
     169
     166
     173
     150
     153
     138
     141
     158
     143
     123
     130
     138
     146
     147
     134
     134
     144
     121
     124
     127
     128
     145
     129
     126
     136
     142
     122
     115
     131
     102
     139
     112
     138
     130
     124
     126
     114
     127
     123
     120
     109
     126
     126
     109
     100
     110
     108
     124
     108
     108
     113
     128
      99
     136
     117
     105
     100
     105
     100
     103
      99
     100
     102
      84
      95
      82
     106
     101
     106
     109
      97
     102
     107
      84
     109
      82
     103
      88
      98
      74
      77
      74
      84
      93
      80
      89
      93
      73
      80
      87
      64
      82
      90
      74
      88
      95
      79
      71
      68
      68
      62
      75
      87
      90
      62
      77
      85
      75
      81
      73
      65
      72
      79
      88
      82
      71
      65
      75
      67
      91
      73
      57
      63
      68
      49
      57
      74
      69
      63
      51
      53
      82
      57
      66
      58
      80
      54
      74
      74
      66
      64
      79
      54
      68
      79
      68
      67
      70
      55
      58
      68
      58
      54
      66
      66
      61
      70
      79
      60
      58
      53
      75
      61
      66
      57
      75
      67
      77
      60
      67
      48
      66
      60
      64
      61
      45
      57
      71
      64
      72
      57
      57
      63
      75
      57
      72
      51
      82
      61
      74
      60
      65
      56
      58
      74
      70
      60
      74
      59
      71
      73
      63
      66
      58
      62
      69
      71
      55
      45
      67
      57
      62
      60
      51
      60
      52
      52
      53
      59
      69
      60
      53
      51
      48
      60
      66
      42
      57
      43
      55
      55
      67
      57
      64
      50
      48
      72
      54
      61
      61
      58
      63
      59
      66
      71
      57
      77
      53
      64
      68
      58
      59
      49
      68
      69
      66
      66
      58
      51
      48
      63
      46
      68
      67
      63
      55
      55
      52
      59
      62
      64
      52
      60
      63
      63
      53
      65
      51
      70
      69
      64
      66
      49
      52
      48
      62
      47
      61
      51
      56
      56
      45
      60
      61
      64
      51
      58
      52
      65
      33
      44
      50
      49
      59
      51
      48
      61
      54
      47
      62
      64
      45
      55
      51
      59
      60
      54
      43
      69
      59
      49
      49
      60
      65
      79
      62
      50
      59
      65
      59
      61
      64
      60
      54
      50
      53
      46
      62
      61
      67
      49
      54
      65
      58
      62
      37
      65
      47
      47
      63
      61
      51
      58
      59
      51
      52
      67
      63
      72
      51
      68
      40
      65
      50
      54
      62
      62
      58
      52
      65
      62
      56
      55
      64
      66
      58
      58
      55
      54
      48
      51
      72
      65
      67
      62
      40
      66
      61
      46
      58
      51
      47
      47
      65
      63
      61
      64
      66
      67
      74
      59
      52
      61
      61
      69
      55
      60
      71
      68
      63
      70
      46
      52
      52
      60
      61
      56
      67
      53
      67
      90
      45
      56
      63
      62
      48
      65
      56
      61
      53
      67
      54
      50
      65
      51
      68
      66
      57
      52
      72
      60
      66
      72
      63
      66
      70
      57
      63
      69
      84
      68
      74
      62
      56
      69
      58
      51
      69
      65
      65
      82
      64
      65
      71
      70
      71
      63
      59
      62
      62
      50
      67
      57
      78
      89
      63
      74
      64
      77
      76
      58
      58
      67
      64
      59
      75
      50
      75
      53
      72
      56
      73
      58
      63
      69
      69
      71
      68
      55
      70
      64
      60
      46
      50
      64
      60
      67
      57
      59
      51
      60
      59
      59
      57
      62
      42
      53
      57
      41
      49
      57
      49
      49
      52
      55
      55
      43
      48
      54
      49
      48
      47
      50
      45
      49
      50
      51
      40
      37
      49
      44
      41
      51
      52
      50
      52
      39
      37
      49
      40
      49
      48
      56
      40
      44
      44
      39
      47
      34
      39
      30
      46
      49
      42
      41
      36
      37
      40
      58
      46
      37
      40
      43
      33
      38
      34
      40
      54
      36
      34
      36
      39
      40
      40
      33
      30
      51
      52
      33
      43
      33
      32
      42
      33
      52
      31
      31
      39
      44
      38
      28
      26
      32
      22
      33
      33
      36
      26
      30
      21
      30
      31
      32
      38
      30
      27
      43
      29
      32
      33
      43
      37
      37
      41
      37
      41
      40
      53
      47
      52
      53
      55
      59
      44
      36
      69
      56
      55
      58
      65
      74
      58
      72
      76
      81
      83
      74
      89
      97
      96
      96
     102
      94
     102
      95
     107
     127
     137
     123
     133
     122
     123
     129
     143
     140
     149
     137
     152
     137
     137
     148
     147
     121
     127
     155
     152
     137
     128
     149
     129
     143
     115
     135
     134
     152
     120
     126
     117
     113
      94
      89
     103
      90
      89
      85
      84
      83
      86
      86
      89
      60
      53
      48
      62
      57
      66
      56
      45
      46
      54
      41
      34
      27
      38
      36
      34
      26
      32
      30
      37
      29
      25
      33
      22
      18
      18
      13
      18
      12
      16
      13
      16
      24
      17
      24
      32
      22
      16
      20
      16
      30
      24
      31
      29
      22
      21
      35
      31
      49
      39
      49
      41
      35
      36
      40
      57
      44
      48
      68
      45
      66
      64
      67
      64
      60
      91
      73
      87
      85
      87
      94
      80
     113
      91
      94
     115
     105
     109
     107
     109
     115
     117
     102
      97
     102
     107
     100
     110
     102
     109
     104
     113
      95
      99
      95
     104
     104
      93
      85
      92
      68
      64
      93
      86
      84
      83
      85
      68
      73
      79
      68
      69
      57
      50
      47
      53
      51
      46
      45
      38
      42
      40
      35
      45
      33
      42
      34
      26
      29
      28
      27
      20
      26
      33
      27
      25
      22
      19
      19
      16
       9
      13
      15
      16
      10
      10
      11
       6
      10
       6
       9
      12
       9
      14
       7
       6
       9
       9
       7
       9
       7
       6
       9
       8
       8
      11
      13
      10
       4
       6
       8
       8
       6
       8
       4
       4
       7
       8
      11
       8
       9
       6
       5
       9
       7
       6
      11
       3
       4
       5
       8
       5
       5
       4
       4
       8
       3
       4
       3
       3
       6
       5
       2
       2
       2
       4
       1
       5
       8
       2
       2
       3
       1
       2
       6
       4
       3
       3
       4
       1
       5
       1
       1
       0
       1
       5
       2
       3
       2
       2
       3
       0
       2
       1
       1
       2
       2
       0
       1
       3
       1
       3
       1
       1
       1
       1
       2
       1
       2
       3
       0
       0
       0
       1
       1
       1
       0
       4
       2
       2
       1
       0
       2
       1
       1
       1
       1
       1
       1
       3
       4
       2
       3
       2
       0
       1
       0
       2
       0
       2
       4
       3
       2
       1
       2
       3
       1
       1
       3
       2
       1
       2
       1
       1
       1
       2
       0
       4
       0
       0
       0
       0
       4
       2
       1
       2
       0
       1
       2
       1
       0
       2
       1
       0
       0
       3
       3
       1
       0
       2
       2
       3
       2
       3
       0
       1
       1
       1
       1
       3
       2
       0
       2
       1
       2
       1
       0
       2
       0
       0
       1
       1
       0
       1
       2
       1
       3
       3
       1
       4
       2
       1
       1
       0
       2
       0
       3
       0
       0
       3
       1
       0
       1
       0
       2
       0
       1
       2
       3
       2
       0
       1
       1
       5
       1
       2
       3
       4
       2
       1
       3
       1
       1
       2
       0
       1
       0
       0
       0
       0
       2
       0
       0
       4
       0
       2
       4
       0
       0
       2
       3
       1
       1
       1
       1
       2
       2
       0
       1
       0
       0
       4
       2
       2
       2
       1
       1
       0
       0
       2
       2
       0
       0
       2
       2
       0
       1
       1
       1
       1
       0
       0
       3
       0
       2
       0
       2
       0
       2
       3
       2
       0
       2
       2
       2
       0
       2
       0
       0
       1
       2
       2
       3
       0
       1
       1
       0
       2
       2
       0
       0
       0
       0
       0
       1
       0
       0
       1
       0
       1
       2
       0
       1
       0
       4
       0
       0
       3
       1
       1
       1
       2
       1
       2
       1
       1
       1
       0
       1
       1
       0
       0
       3
       2
       2
       3
       1
       1
       1
       0
       1
       0
       0
       1
       1
       4
       0
       3
       0
       3
       1
       3
       1
       0
       4
       1
       0
       0
       0
       2
       3
       0
       0
       1
       0
       0
       1
       0
       2
       0
       0
       1
       0
       1
       2
       1
       2
       0
       1
       1
       0
       1
       1
       1
       0
       0
       1
       0
       0
       1
       0
       1
       1
       1
       0
       1
       0
       2
       3
       1
       0
       1
       0
       0
       1
       0
       0
       0
       0
       0
       1
       0
       0
       1
       0
       0
       3
       1
       0
       0
       0
       1
       0
       0
       0
       1
       0
       1
       0
       0
       0
       0
       2
       1
       1
       1
       1
       1
       1
       0
       0
       0
       1
       1
       1
       1
       1
       1
       1
       1
       1
       0
       2
       1
       0
       0
       0
       0
       2
       0
       0
       0
       1
       1
       0
       2
       0
       0
       2
       1
       0
       0
       2
       0
       0
       1
       0
       0
       2
       3
       1
       0
       0
       2
       2
       2
       3
       2
       4
       1
       1
       1
       1
       1
       0
       0
       1
       0
       2
       1
       2
       1
       0
       1
       3
       1
       0
       4
       1
       2
       1
       2
       0
       1
       1
       1
       0
       4
       3
       0
       3
       1
       0
       1
       1
       0
       0
       1
       2
       0
       1
       1
       0
       1
       2
       1
       4
       1
       1
       1
       1
       1
       2
       0
       0
       1
       1
       4
       3
       0
       2
       0
       0
       1
       3
       1
       0
       0
       1
       0
       2
       1
       0
       0
       1
       2
       2
       1
       1
       1
       1
       1
       0
       1
       1
       1
       2
       2
       1
       1
       1
       0
       0
       2
       2
       1
       1
       0
       1
       0
       0
       0
       0
       0
       0
       0
       1
       0
       1
       1
       2
       1
       0
       1
       1
       1
       0
       2
       0
       1
       0
       0
       0
       0
       2
       1
       0
       1
       0
       0
       1
       0
       0
       1
       1
       0
       0
       2
       1
       1
       0
       3
       1
       0
       0
       0
       0
       0
       0
       0
       1
       0
       2
       0
       0
       0
       0
       1
       1
       0
       2
       0
       0
       0
       0
       0
       0
       0
       0
       0
       0
       0
       0
       1
       0
       2
       2
       0
       0
       0
       0
       1
       0
       0
       0
       0
       0
       0
       1
       1
       0
       0
       1
       1
       0
       1
       1
       0
       0
       0
       2
       0
       0
       0
       0
       0
       0
       1
       0
       1
       0
       0
       0
       0
       0
       0
       0
       0
       0
       0
       0
       0
       0
       0
       0
       0
       0
       1
       0
       1
       0
       0
       1
       0
       1
       1
       0
       1
       0
       1
       0
       0
       0
       0
       0
       0
       0
       0
       2
       1
       0
       0
       0
       1
       1
       0
       0
       1
       0
       1
       0
       0
       0
       0
       0
       2
       0
       1
       0
       0
       0
       0
       0
       0
       0
       0
       2
       1
       0
       1
       0
       0
       0
       1
       0
       0
       0
       0
       3
       0
       1
       0
       1
       0
       0
       3
       1
       2
       0
       1
       0
       1
       4
       1
       1
       1
       3
       1
       0
       0
       1
       1
       1
       0
       0
       0
       0
       2
       1
       0
       0
       1
       1
       0
       0
       1
       2
       1
       1
       1
       1
       2
       1
       0
       2
       0
       1
       3
       2
       0
       0
       0
       0
       2
       0
       1
       1
       0
       1
       1
       1
       3
       0
       1
       2
       0
       0
       4
       1
       0
       3
       1
       0
       1
       1
       0
       0
       0
       0
       0
       1
       2
       1
       1
       0
       0
       0
       1
       0
       1
       1
       2
       1
       0
       0
       0
       0
       0
       0
       2
       0
       0
       0
       0
       0
       1
       0
       0
       0
       1
       0
       0
       0
       1
       1
       0
       0
       0
       1
       0
       0
       0
       0
       0
       0
       0
       0
       0
       0
       0
       1
       0
       0
       0
       0
       0
       1
       0
       0
       0
       0
       0
       0
       0
       0
       1
       0
       2
       0
       2
       0
       0
       0
       0
       0
       0
       0
       0
       0
       0
       0
       0
       0
       0
       0
       0
       0
       0
       0
       0
       0
       0
       0
       0
       0
       0
       0
       0
       0
       0
       0
       0
       0
       0
       0
       0
       0
       0
       0
       0
       0
       0
       0
       0
       0
       0
       0
       0
       0
       0
       0
       0
       0
       0
       0
       0
       0
       0
       0
       0
       0
       0
       0
       0
       0
       0
       0
       0
       0
$ROI:
3
789 916
921 1051
1769 1939
$PRESETS:
None
0
0
$ENER_FIT:
-43.015625 1.438746
$MCA_CAL:
3
-4.301563E+001 1.438746E+000 -3.635760E-005 keV
$SHAPE_CAL:
3
5.967719E+001 -6.308020E-002 3.454509E-005
