$SPEC_ID:
No sample description was entered.
$SPEC_REM:
DET# 4
DETDESC# RBS-D MCB 129 Input 2
AP# Maestro Version 6.08
$DATE_MEA:
01/01/2008 05:47:56
$MEAS_TIM:
20 20
$DATA:
0 2047
       0
       0
       0
       0
       0
       8
       6
      10
       3
       3
       7
       5
       3
      10
       7
       5
      10
       6
      12
       8
       4
       4
      11
       8
      10
       5
       3
       4
       9
       8
      11
      11
      10
       8
       6
       9
       9
       6
      15
       7
      12
      14
      12
       6
      10
      11
      12
      16
      19
      13
      20
      16
      13
      26
      22
      24
      19
      22
      21
      23
      20
      19
      24
      26
      37
      31
      27
      26
      29
      28
      27
      28
      35
      24
      24
      20
      30
      32
      35
      29
      30
      31
      25
      22
      19
      34
      22
      29
      18
      30
      36
      27
      21
      28
      29
      19
      32
      24
      15
      25
      18
      21
      21
      26
      22
      31
      27
      26
      29
      38
      19
      26
      23
      22
      23
      27
      27
      23
      17
      38
      31
      23
      21
      16
      13
      29
      20
      26
      18
      23
      18
      32
      15
      16
      19
      18
      16
      16
      13
      29
      13
      26
      14
      14
      16
      17
      25
      17
      17
      15
      12
      20
      13
      14
       9
      11
      16
      10
      14
      11
      13
      12
      25
      26
       9
      22
      16
      14
      20
      21
      17
      26
      14
      17
      13
      13
      17
      17
      15
      17
      13
      11
      14
      14
      10
      17
      16
      25
      13
       9
       8
      10
      10
      12
       8
       9
      10
      13
       9
       9
      14
      12
      11
      11
       8
      11
      16
      18
       9
      10
       9
      10
       7
      11
      13
      13
      10
       9
       5
       5
      16
      13
      12
       6
      12
       9
       4
       6
       8
       8
      12
      10
       6
       9
       8
       6
       6
       9
      11
       7
       4
       4
       6
       5
       6
       8
       8
       9
       6
       8
      14
       8
       7
      10
       8
       5
       3
       8
      10
       5
       8
      12
      11
       8
       4
       8
       6
       6
       6
       4
       7
       9
      10
       5
       2
       5
       7
       8
       2
       9
       5
       8
       5
       6
       7
       5
       8
       5
       3
       5
       2
       5
       2
       7
       4
       3
       7
       6
       5
       5
       3
       3
       6
       7
       7
       1
       4
       4
       5
       5
       7
       5
       4
       7
       2
       4
       5
       7
       3
       5
       3
       5
       4
       2
       0
       5
       4
       3
       3
       9
       4
       4
       5
       4
       2
       2
       7
       5
       4
       3
       5
       5
       5
       5
       1
       5
       3
       5
       5
       6
       7
       7
       3
       5
       3
       4
       7
       5
       4
       3
       6
       4
       2
       4
       3
       5
       2
       6
       6
       5
       5
       3
       7
       7
       2
       8
       4
       5
       0
       6
       4
       2
       3
       1
       1
      11
       2
       6
       3
       4
       3
       9
       1
       5
       2
       4
       4
       3
       5
       5
       3
       5
       1
       5
       2
       2
       6
       6
       4
       7
       6
       2
       4
       0
       1
       3
       3
       3
       7
       3
       4
       0
       4
       2
       1
       2
       5
       6
       2
       4
       4
       0
       4
       0
       3
       0
       7
       6
       2
       7
       6
       3
       4
       1
       3
       6
       3
       5
       7
       3
       4
       3
       7
       4
       5
       6
       3
       3
       3
       4
       4
       3
       4
       1
       5
       7
       4
       1
       2
       2
       5
       5
       6
       3
       2
       3
       2
       4
       3
       4
       2
       3
       4
       2
       5
       2
       1
       3
       6
       1
       4
       1
       1
       5
       4
       3
       4
       2
       1
       3
       6
       9
       6
       4
       5
       2
       0
       3
       4
       4
       4
       3
       2
       2
       7
       6
       1
       3
       3
       6
       6
       1
       2
       7
       2
       2
       4
       1
       1
       3
       6
       1
       3
       2
       1
       3
       5
       1
       4
       2
       5
       0
       6
       6
       1
       3
       3
       3
       5
       5
       3
       2
       5
       1
       4
       1
       2
       3
       6
       3
       3
       3
       4
       4
       1
       2
       5
       5
       0
       3
       5
       7
       4
       0
       4
       6
       6
       2
       4
       3
       3
       4
       3
       3
       5
       3
       4
       6
       6
       2
       6
       3
       1
       3
       4
       4
       1
       3
       0
       4
       4
       4
       7
       7
       3
       2
       3
       4
       3
       6
       1
       4
       4
       4
       7
       5
       2
       2
       3
       5
       6
       4
       2
       5
       3
       4
       6
       3
       2
       5
       4
       6
       5
       2
       5
       1
       2
       2
       5
       4
       4
       5
       2
       3
       3
       1
       2
      10
       4
       4
       7
       4
       4
       8
       4
       3
       4
       4
       2
       6
       2
       7
       1
       9
       4
       5
       4
       2
       3
       3
       2
       5
       2
       7
       3
       1
       3
       4
       6
       4
       3
       6
       4
       4
       4
       2
       4
       7
       4
       7
       4
       4
       3
       3
       5
       1
       1
       5
       3
       1
       4
       1
       2
       3
       3
       3
       2
       4
       3
       6
       2
       2
       2
       1
       6
       2
       5
       5
       1
       3
       5
       4
       3
       0
       0
       3
       1
       1
       1
       0
       2
       1
       1
       5
       3
       0
       2
       4
       5
       1
       3
       3
       1
       1
       5
       1
       2
       3
       1
       4
       5
       0
       1
       0
       4
       2
       2
       2
       3
       4
       2
       1
       7
       3
       0
       3
       1
       2
       1
       5
       5
       2
       2
       2
       0
       1
       3
       3
       2
       2
       2
       1
       1
       3
       2
       1
       3
       1
       1
       1
       2
       1
       3
       1
       2
       2
       2
       1
       3
       1
       4
       1
       2
       3
       2
       1
       1
       1
       2
       4
       1
       0
       1
       1
       0
       3
       1
       6
       1
       1
       5
       5
       0
       4
       3
       3
       3
       3
       3
       3
       2
       5
       1
       5
       7
       2
       2
       5
       7
       4
       3
       6
       4
       7
       0
       7
       9
       7
       4
       9
       9
       3
       7
       3
       6
       7
       7
      10
       7
       8
      12
       6
       7
      11
       5
       7
      14
       6
       5
       7
       3
       7
      10
       5
       8
       4
       6
       1
       4
       7
       4
      10
       4
       2
       3
       3
       7
       4
       4
       3
       2
       4
       6
       2
       2
       4
       3
       3
       4
       3
       3
       3
       2
       6
       1
       1
       3
       0
       3
       3
       2
       0
       2
       1
       1
       1
       2
       0
       1
       0
       1
       1
       1
       3
       3
       0
       1
       2
       0
       1
       1
       2
       2
       0
       2
       1
       1
       2
       1
       1
       0
       3
       1
       5
       3
       4
       4
       7
       2
       5
       2
       3
       4
       2
       5
       3
       7
       5
       2
       4
       3
       4
       4
       5
       4
       4
       6
       5
       3
       6
       3
       9
       7
       8
       4
       4
       7
       5
      15
       5
       3
       8
       6
       8
       3
       2
       7
       3
       5
       3
       6
       6
       3
       3
       5
       2
       2
       2
       6
       2
       3
       1
       5
       4
       2
       4
       3
       3
       2
       3
       0
       1
       2
       1
       1
       4
       3
       2
       1
       3
       3
       4
       1
       0
       2
       0
       1
       2
       1
       2
       1
       0
       3
       0
       2
       0
       3
       2
       1
       0
       0
       1
       0
       1
       2
       0
       0
       0
       0
       1
       0
       1
       0
       0
       0
       0
       0
       0
       1
       0
       1
       1
       0
       1
       2
       0
       0
       2
       0
       2
       1
       1
       0
       0
       0
       0
       1
       2
       0
       0
       0
       0
       1
       0
       0
       0
       1
       0
       2
       0
       1
       3
       0
       0
       0
       0
       0
       1
       1
       0
       1
       1
       1
       0
       0
       3
       1
       0
       1
       1
       0
       0
       0
       0
       0
       0
       0
       1
       0
       0
       1
       2
       0
       0
       0
       0
       0
       0
       0
       0
       0
       0
       0
       0
       0
       0
       1
       0
       1
       1
       0
       0
       0
       0
       0
       0
       0
       0
       0
       0
       0
       0
       0
       0
       1
       2
       0
       1
       0
       0
       0
       1
       1
       0
       0
       0
       0
       0
       0
       0
       1
       0
       0
       0
       0
       0
       0
       1
       0
       0
       0
       0
       0
       0
       0
       0
       0
       0
       0
       0
       0
       0
       1
       0
       0
       0
       0
       0
       0
       0
       0
       0
       0
       1
       0
       0
       0
       0
       0
       0
       0
       0
       0
       0
       0
       0
       0
       0
       0
       0
       1
       0
       0
       0
       0
       0
       0
       0
       0
       0
       0
       0
       0
       0
       0
       0
       1
       0
       0
       0
       0
       0
       0
       0
       0
       0
       0
       0
       0
       0
       0
       0
       0
       0
       0
       0
       1
       0
       0
       0
       0
       1
       0
       0
       0
       0
       0
       0
       0
       0
       0
       0
       2
       0
       0
       0
       0
       0
       0
       0
       0
       0
       1
       0
       0
       0
       0
       0
       0
       0
       0
       0
       0
       0
       0
       0
       0
       1
       0
       0
       0
       0
       0
       0
       0
       0
       0
       0
       0
       0
       0
       0
       0
       0
       0
       0
       0
       0
       0
       0
       0
       0
       0
       0
       0
       0
       0
       0
       0
       0
       0
       0
       0
       0
       0
       0
       0
       0
       0
       0
       0
       0
       0
       0
       0
       1
       1
       0
       0
       0
       0
       0
       0
       0
       0
       0
       1
       0
       0
       0
       0
       0
       0
       1
       0
       0
       0
       0
       0
       0
       0
       0
       0
       0
       0
       0
       0
       0
       0
       0
       0
       0
       0
       0
       0
       0
       0
       0
       0
       0
       0
       0
       0
       0
       0
       0
       0
       0
       0
       0
       0
       1
       0
       0
       0
       0
       0
       0
       0
       0
       0
       0
       0
       0
       0
       0
       1
       0
       0
       0
       0
       0
       0
       0
       0
       0
       0
       0
       0
       0
       0
       0
       0
       0
       0
       0
       0
       0
       0
       0
       0
       0
       0
       0
       0
       0
       1
       0
       1
       0
       0
       0
       0
       0
       0
       0
       0
       0
       0
       0
       0
       0
       0
       0
       1
       0
       0
       0
       0
       0
       0
       0
       0
       1
       0
       0
       0
       0
       1
       0
       0
       0
       0
       0
       1
       0
       0
       0
       0
       0
       0
       0
       0
       0
       0
       0
       0
       0
       0
       0
       0
       0
       0
       0
       0
       0
       0
       0
       0
       0
       0
       0
       0
       0
       0
       0
       0
       0
       0
       0
       0
       0
       0
       0
       0
       0
       0
       0
       0
       0
       0
       0
       0
       1
       0
       0
       0
       0
       0
       0
       0
       1
       0
       0
       0
       0
       0
       0
       0
       0
       0
       0
       0
       0
       0
       0
       0
       0
       0
       0
       0
       0
       0
       0
       1
       0
       0
       0
       0
       0
       0
       0
       0
       1
       0
       0
       0
       0
       0
       0
       1
       0
       0
       0
       0
       0
       0
       0
       0
       0
       0
       0
       0
       0
       0
       0
       0
       0
       0
       0
       1
       0
       0
       1
       0
       0
       0
       0
       0
       0
       0
       0
       0
       0
       0
       0
       0
       0
       0
       0
       0
       0
       0
       0
       0
       0
       0
       0
       0
       0
       0
       0
       0
       0
       0
       0
       0
       0
       0
       0
       1
       0
       0
       0
       0
       0
       1
       0
       0
       0
       0
       0
       0
       0
       0
       0
       0
       0
       0
       0
       0
       0
       0
       0
       0
       1
       0
       0
       0
       0
       0
       0
       0
       0
       0
       0
       0
       0
       0
       0
       0
       0
       0
       0
       0
       0
       0
       0
       0
       0
       0
       0
       0
       1
       0
       0
       0
       0
       0
       0
       0
       0
       0
       0
       0
       0
       0
       0
       0
       0
       0
       0
       0
       0
       0
       0
       1
       0
       0
       0
       0
       0
       0
       0
       0
       0
       0
       0
       0
       0
       0
       0
       0
       0
       0
       0
       0
       0
       0
       0
       0
       0
       0
       0
       0
       0
       0
       0
       0
       0
       0
       0
       0
       0
       0
       0
       0
       0
       0
       1
       0
       0
       0
       0
       0
       0
       0
       0
       0
       0
       0
       1
       0
       0
       0
       0
       0
       0
       0
       0
       0
       0
       0
       0
       0
       0
       0
       0
       0
       0
       0
       0
       0
       0
       0
       0
       0
       0
       0
       0
       0
       0
       0
       0
       1
       0
       0
       0
       0
       0
       0
       0
       0
       0
       0
       0
       0
       0
       0
       0
       0
       0
       0
       0
       0
       0
       0
       1
       0
       0
       0
       0
       0
       0
       0
       0
       0
       0
       1
       0
       0
       0
       0
       0
       0
       0
       0
       0
       0
       0
       0
       0
       0
       0
       0
       0
       0
       0
       0
       0
       0
       0
       0
       0
       0
       0
       0
       0
       0
       0
       0
       0
       0
       0
       0
       0
       0
       0
       0
       0
       0
       0
       1
       0
       0
       0
       0
       0
       0
       0
       0
       0
       0
       0
       0
       0
       0
       0
       1
       0
       0
       0
       0
       0
       1
       0
       0
       0
       0
       0
       0
       0
       0
       0
       0
       0
       0
       0
       0
       0
       0
       0
       0
       0
       0
       0
       0
       0
       0
       0
       0
       0
       0
       0
       0
       0
       0
       0
       0
       0
       0
       0
       0
       0
       0
       0
       0
       0
       0
       0
       0
       0
       0
       0
       0
       0
       0
       0
       0
       0
       0
       0
       0
       0
       0
       0
       0
       0
       0
       0
       0
       0
       0
       0
       0
       0
       0
       0
       0
       0
       0
       0
       0
       0
       0
       0
       0
       0
       0
       0
       0
       0
       0
       0
       0
       0
       0
       0
       0
       0
       0
       0
       0
       0
       0
       0
       0
       0
       0
       0
       0
       0
       0
       0
       0
       0
       0
       0
       0
       0
       0
       0
       0
       0
       0
       0
       0
       0
       0
       0
       0
       0
       0
       0
       0
       0
       0
       0
       0
       0
       0
       0
       0
       0
       0
       0
       0
       0
$ROI:
3
802 910
919 1048
1812 1935
$PRESETS:
None
0
0
$ENER_FIT:
-43.015625 1.438746
$MCA_CAL:
3
-4.301563E+001 1.438746E+000 -3.635760E-005 keV
$SHAPE_CAL:
3
5.967719E+001 -6.308020E-002 3.454509E-005
