$SPEC_ID:
No sample description was entered.
$SPEC_REM:
DET# 4
DETDESC# RBS-D MCB 129 Input 2
AP# Maestro Version 6.08
$DATE_MEA:
01/01/2008 05:47:28
$MEAS_TIM:
13 14
$DATA:
0 2047
       0
       0
       0
       0
       0
       7
       3
       8
       2
       3
       4
       3
       3
       8
       5
       5
       9
       5
       8
       5
       2
       3
       9
       5
       6
       3
       2
       2
       4
       5
       6
       9
       5
       8
       4
       6
       7
       2
      10
       5
       7
      10
      10
       6
       6
       5
       7
       9
      13
      10
      16
      13
      10
      19
      16
      16
      14
      12
      14
      22
      11
      13
      13
      20
      28
      17
      16
      17
      19
      17
      19
      18
      24
      17
      15
      15
      22
      21
      30
      16
      25
      25
      16
      12
      13
      26
      18
      19
      13
      22
      23
      18
      16
      17
      23
      14
      24
      17
       9
      16
      11
      15
      13
      20
      14
      20
      20
      17
      21
      24
       7
      20
      14
      13
      13
      21
      17
      19
      14
      24
      26
      18
      13
      11
       8
      20
       9
      22
      13
      10
      10
      22
      11
      12
      10
      14
       9
      11
       9
      18
       7
      16
       9
       7
      11
      12
      16
      14
      13
      11
       7
      12
       9
      10
       7
       5
       9
       8
      10
       8
       6
       8
      19
      17
       7
      11
      12
       9
      15
      15
      14
      15
      10
      12
       7
       9
      12
      13
      10
       9
       8
       6
      10
      13
       8
      12
      10
      21
       7
       5
       7
       8
       7
       6
       4
       6
       3
       8
       8
       7
      10
       9
       7
       8
       6
       8
      12
      16
       7
       8
       5
       7
       6
       9
       9
       8
       7
       8
       4
       2
       9
       6
       9
       5
      10
       7
       4
       4
       7
       6
      10
       8
       4
       5
       4
       4
       4
       7
       6
       3
       2
       2
       5
       2
       4
       6
       6
       6
       4
       6
      10
       5
       6
       5
       6
       3
       2
       4
       7
       3
       7
       9
       6
       7
       4
       6
       4
       4
       6
       3
       5
       8
       7
       2
       0
       4
       5
       4
       2
       4
       4
       6
       3
       4
       5
       4
       6
       4
       2
       2
       1
       3
       2
       5
       4
       1
       6
       3
       3
       3
       3
       2
       3
       4
       2
       1
       3
       1
       3
       2
       6
       4
       3
       5
       2
       3
       3
       4
       1
       5
       3
       3
       1
       2
       0
       4
       4
       3
       2
       6
       3
       3
       5
       3
       1
       2
       7
       3
       4
       3
       3
       3
       3
       4
       0
       4
       3
       4
       4
       5
       6
       5
       2
       3
       2
       3
       7
       3
       2
       2
       5
       2
       2
       2
       2
       4
       2
       2
       4
       4
       5
       3
       6
       4
       1
       6
       3
       4
       0
       3
       2
       2
       2
       1
       1
       7
       1
       4
       3
       2
       3
       7
       1
       3
       2
       3
       1
       1
       5
       4
       3
       2
       1
       2
       2
       1
       3
       4
       2
       4
       4
       1
       4
       0
       0
       3
       3
       2
       3
       2
       1
       0
       3
       2
       1
       2
       4
       1
       2
       3
       2
       0
       3
       0
       1
       0
       4
       3
       2
       4
       4
       2
       3
       0
       2
       4
       1
       2
       5
       3
       2
       2
       4
       3
       1
       3
       3
       0
       1
       0
       2
       2
       3
       1
       5
       4
       1
       1
       0
       0
       3
       2
       5
       3
       2
       3
       1
       3
       2
       2
       2
       2
       2
       1
       3
       1
       0
       1
       5
       0
       4
       0
       0
       3
       3
       3
       3
       2
       1
       2
       3
       8
       3
       1
       1
       0
       0
       1
       1
       3
       4
       2
       1
       1
       7
       5
       1
       3
       1
       5
       3
       1
       1
       4
       2
       2
       3
       1
       0
       2
       4
       1
       1
       1
       1
       0
       4
       1
       3
       1
       4
       0
       4
       3
       1
       3
       1
       3
       3
       4
       3
       0
       4
       1
       2
       0
       2
       1
       4
       2
       2
       1
       2
       3
       1
       2
       3
       2
       0
       2
       2
       6
       4
       0
       2
       5
       4
       2
       2
       2
       2
       2
       2
       2
       4
       2
       4
       6
       3
       2
       5
       2
       1
       1
       4
       3
       1
       3
       0
       1
       4
       4
       6
       3
       2
       1
       3
       1
       2
       3
       0
       4
       2
       3
       5
       4
       2
       2
       1
       3
       5
       3
       2
       4
       1
       3
       4
       3
       2
       4
       3
       4
       4
       2
       5
       1
       1
       2
       4
       3
       1
       4
       1
       3
       2
       0
       0
       8
       3
       3
       5
       4
       3
       7
       4
       0
       4
       3
       1
       5
       0
       5
       0
       9
       3
       4
       0
       2
       1
       1
       1
       4
       2
       4
       2
       1
       3
       2
       4
       2
       1
       3
       1
       4
       3
       2
       1
       5
       2
       4
       3
       3
       2
       2
       4
       1
       1
       3
       1
       0
       3
       1
       1
       3
       2
       2
       2
       3
       2
       5
       1
       2
       2
       1
       4
       1
       4
       1
       0
       3
       4
       2
       2
       0
       0
       3
       0
       0
       0
       0
       2
       1
       0
       4
       1
       0
       1
       3
       3
       1
       1
       3
       0
       1
       4
       1
       1
       2
       0
       3
       3
       0
       1
       0
       3
       0
       1
       2
       2
       3
       1
       0
       5
       2
       0
       3
       0
       2
       1
       4
       5
       2
       1
       2
       0
       1
       2
       2
       2
       2
       2
       1
       1
       2
       2
       1
       3
       1
       1
       1
       1
       1
       2
       1
       2
       2
       2
       1
       3
       1
       4
       1
       2
       3
       1
       0
       0
       1
       2
       2
       1
       0
       1
       1
       0
       2
       1
       2
       1
       0
       3
       4
       0
       3
       1
       0
       2
       3
       3
       2
       1
       2
       0
       2
       4
       2
       1
       3
       5
       4
       2
       5
       3
       2
       0
       3
       6
       4
       3
       7
       6
       2
       6
       1
       5
       3
       5
       7
       5
       4
       7
       3
       2
       8
       2
       6
      10
       4
       4
       5
       3
       4
       9
       4
       7
       3
       5
       1
       1
       5
       4
       8
       4
       1
       1
       1
       5
       4
       2
       2
       2
       4
       4
       2
       1
       3
       2
       3
       2
       2
       3
       3
       2
       4
       1
       0
       1
       0
       3
       3
       2
       0
       1
       1
       0
       0
       1
       0
       0
       0
       1
       1
       1
       0
       2
       0
       1
       1
       0
       1
       1
       2
       2
       0
       1
       1
       1
       2
       1
       1
       0
       3
       0
       4
       2
       3
       4
       5
       1
       1
       2
       1
       2
       1
       2
       2
       3
       3
       2
       3
       3
       4
       1
       2
       3
       3
       5
       5
       3
       4
       2
       7
       2
       7
       2
       3
       6
       2
      13
       2
       3
       7
       4
       4
       3
       0
       6
       2
       2
       3
       4
       5
       2
       2
       5
       1
       2
       1
       2
       0
       2
       1
       2
       2
       2
       1
       2
       0
       2
       1
       0
       1
       2
       0
       1
       3
       3
       1
       1
       2
       3
       2
       1
       0
       2
       0
       1
       1
       0
       2
       1
       0
       2
       0
       2
       0
       2
       1
       1
       0
       0
       1
       0
       0
       2
       0
       0
       0
       0
       0
       0
       1
       0
       0
       0
       0
       0
       0
       0
       0
       1
       0
       0
       1
       1
       0
       0
       0
       0
       0
       0
       0
       0
       0
       0
       0
       1
       1
       0
       0
       0
       0
       1
       0
       0
       0
       0
       0
       1
       0
       1
       2
       0
       0
       0
       0
       0
       1
       1
       0
       1
       1
       1
       0
       0
       1
       0
       0
       1
       1
       0
       0
       0
       0
       0
       0
       0
       1
       0
       0
       1
       2
       0
       0
       0
       0
       0
       0
       0
       0
       0
       0
       0
       0
       0
       0
       1
       0
       0
       1
       0
       0
       0
       0
       0
       0
       0
       0
       0
       0
       0
       0
       0
       0
       1
       1
       0
       1
       0
       0
       0
       0
       0
       0
       0
       0
       0
       0
       0
       0
       0
       0
       0
       0
       0
       0
       0
       1
       0
       0
       0
       0
       0
       0
       0
       0
       0
       0
       0
       0
       0
       0
       1
       0
       0
       0
       0
       0
       0
       0
       0
       0
       0
       1
       0
       0
       0
       0
       0
       0
       0
       0
       0
       0
       0
       0
       0
       0
       0
       0
       0
       0
       0
       0
       0
       0
       0
       0
       0
       0
       0
       0
       0
       0
       0
       0
       0
       0
       0
       0
       0
       0
       0
       0
       0
       0
       0
       0
       0
       0
       0
       0
       0
       0
       0
       0
       0
       0
       0
       0
       0
       1
       0
       0
       0
       0
       0
       0
       0
       0
       0
       0
       2
       0
       0
       0
       0
       0
       0
       0
       0
       0
       1
       0
       0
       0
       0
       0
       0
       0
       0
       0
       0
       0
       0
       0
       0
       1
       0
       0
       0
       0
       0
       0
       0
       0
       0
       0
       0
       0
       0
       0
       0
       0
       0
       0
       0
       0
       0
       0
       0
       0
       0
       0
       0
       0
       0
       0
       0
       0
       0
       0
       0
       0
       0
       0
       0
       0
       0
       0
       0
       0
       0
       0
       0
       1
       0
       0
       0
       0
       0
       0
       0
       0
       0
       0
       1
       0
       0
       0
       0
       0
       0
       0
       0
       0
       0
       0
       0
       0
       0
       0
       0
       0
       0
       0
       0
       0
       0
       0
       0
       0
       0
       0
       0
       0
       0
       0
       0
       0
       0
       0
       0
       0
       0
       0
       0
       0
       0
       0
       0
       1
       0
       0
       0
       0
       0
       0
       0
       0
       0
       0
       0
       0
       0
       0
       0
       0
       0
       0
       0
       0
       0
       0
       0
       0
       0
       0
       0
       0
       0
       0
       0
       0
       0
       0
       0
       0
       0
       0
       0
       0
       0
       0
       0
       0
       1
       0
       1
       0
       0
       0
       0
       0
       0
       0
       0
       0
       0
       0
       0
       0
       0
       0
       0
       0
       0
       0
       0
       0
       0
       0
       0
       1
       0
       0
       0
       0
       1
       0
       0
       0
       0
       0
       0
       0
       0
       0
       0
       0
       0
       0
       0
       0
       0
       0
       0
       0
       0
       0
       0
       0
       0
       0
       0
       0
       0
       0
       0
       0
       0
       0
       0
       0
       0
       0
       0
       0
       0
       0
       0
       0
       0
       0
       0
       0
       0
       0
       0
       0
       0
       0
       0
       0
       0
       0
       0
       0
       0
       0
       0
       1
       0
       0
       0
       0
       0
       0
       0
       0
       0
       0
       0
       0
       0
       0
       0
       0
       0
       0
       0
       0
       0
       0
       0
       0
       0
       0
       0
       0
       0
       0
       0
       0
       0
       0
       0
       0
       0
       0
       1
       0
       0
       0
       0
       0
       0
       0
       0
       0
       0
       0
       0
       0
       0
       0
       0
       0
       0
       0
       0
       0
       0
       1
       0
       0
       0
       0
       0
       0
       0
       0
       0
       0
       0
       0
       0
       0
       0
       0
       0
       0
       0
       0
       0
       0
       0
       0
       0
       0
       0
       0
       0
       0
       0
       0
       0
       0
       0
       0
       1
       0
       0
       0
       0
       0
       1
       0
       0
       0
       0
       0
       0
       0
       0
       0
       0
       0
       0
       0
       0
       0
       0
       0
       0
       1
       0
       0
       0
       0
       0
       0
       0
       0
       0
       0
       0
       0
       0
       0
       0
       0
       0
       0
       0
       0
       0
       0
       0
       0
       0
       0
       0
       1
       0
       0
       0
       0
       0
       0
       0
       0
       0
       0
       0
       0
       0
       0
       0
       0
       0
       0
       0
       0
       0
       0
       1
       0
       0
       0
       0
       0
       0
       0
       0
       0
       0
       0
       0
       0
       0
       0
       0
       0
       0
       0
       0
       0
       0
       0
       0
       0
       0
       0
       0
       0
       0
       0
       0
       0
       0
       0
       0
       0
       0
       0
       0
       0
       0
       1
       0
       0
       0
       0
       0
       0
       0
       0
       0
       0
       0
       1
       0
       0
       0
       0
       0
       0
       0
       0
       0
       0
       0
       0
       0
       0
       0
       0
       0
       0
       0
       0
       0
       0
       0
       0
       0
       0
       0
       0
       0
       0
       0
       0
       0
       0
       0
       0
       0
       0
       0
       0
       0
       0
       0
       0
       0
       0
       0
       0
       0
       0
       0
       0
       0
       0
       0
       1
       0
       0
       0
       0
       0
       0
       0
       0
       0
       0
       1
       0
       0
       0
       0
       0
       0
       0
       0
       0
       0
       0
       0
       0
       0
       0
       0
       0
       0
       0
       0
       0
       0
       0
       0
       0
       0
       0
       0
       0
       0
       0
       0
       0
       0
       0
       0
       0
       0
       0
       0
       0
       0
       0
       1
       0
       0
       0
       0
       0
       0
       0
       0
       0
       0
       0
       0
       0
       0
       0
       1
       0
       0
       0
       0
       0
       0
       0
       0
       0
       0
       0
       0
       0
       0
       0
       0
       0
       0
       0
       0
       0
       0
       0
       0
       0
       0
       0
       0
       0
       0
       0
       0
       0
       0
       0
       0
       0
       0
       0
       0
       0
       0
       0
       0
       0
       0
       0
       0
       0
       0
       0
       0
       0
       0
       0
       0
       0
       0
       0
       0
       0
       0
       0
       0
       0
       0
       0
       0
       0
       0
       0
       0
       0
       0
       0
       0
       0
       0
       0
       0
       0
       0
       0
       0
       0
       0
       0
       0
       0
       0
       0
       0
       0
       0
       0
       0
       0
       0
       0
       0
       0
       0
       0
       0
       0
       0
       0
       0
       0
       0
       0
       0
       0
       0
       0
       0
       0
       0
       0
       0
       0
       0
       0
       0
       0
       0
       0
       0
       0
       0
       0
       0
       0
       0
       0
       0
       0
       0
       0
       0
       0
       0
       0
       0
       0
       0
       0
       0
       0
$ROI:
3
802 910
919 1048
1812 1935
$PRESETS:
None
0
0
$ENER_FIT:
-43.015625 1.438746
$MCA_CAL:
3
-4.301563E+001 1.438746E+000 -3.635760E-005 keV
$SHAPE_CAL:
3
5.967719E+001 -6.308020E-002 3.454509E-005
