$SPEC_ID:
No sample description was entered.
$SPEC_REM:
DET# 4
DETDESC# RBS-D MCB 129 Input 2
AP# Maestro Version 6.08
$DATE_MEA:
01/01/2008 05:46:59
$MEAS_TIM:
9 9
$DATA:
0 2047
       0
       0
       0
       0
       0
       4
       2
       6
       1
       3
       3
       2
       1
       4
       2
       4
       5
       4
       6
       5
       2
       1
       7
       2
       5
       3
       1
       1
       1
       5
       4
       5
       4
       4
       4
       3
       4
       2
       9
       0
       5
       6
       5
       5
       5
       4
       6
       5
      11
       6
      12
       6
       8
      12
      11
      13
       9
       8
       9
      13
       6
      10
       9
      14
      17
      10
      12
      13
      16
      13
      12
       8
      18
      13
      11
      10
      13
      18
      22
       9
      13
      19
      12
       7
       9
      19
      13
      18
       9
      15
      18
      10
      12
       9
      13
      11
      15
      10
       8
       9
       9
      10
       9
      10
       9
      16
      14
      13
      15
      13
       3
      15
      10
      10
       9
      18
      12
      15
       8
      16
      16
      16
      10
      10
       5
      16
       8
      16
       8
       5
       8
      16
       7
       9
       6
       9
       6
       7
       4
      13
       6
       9
       7
       7
       8
      10
      15
       9
       6
       7
       4
       7
       5
       8
       5
       4
       4
       4
       7
       7
       4
       7
      13
      13
       4
       7
      11
       4
      13
      11
      11
       9
       7
       8
       5
       3
       7
      10
       6
       3
       6
       4
       7
       9
       6
       7
       6
      14
       5
       2
       6
       6
       4
       4
       4
       3
       1
       2
       6
       4
       8
       7
       6
       7
       4
       6
       9
      12
       3
       5
       5
       6
       6
       6
       6
       5
       3
       5
       2
       2
       6
       4
       9
       4
       7
       4
       2
       2
       2
       1
       6
       6
       3
       4
       2
       3
       2
       4
       4
       2
       0
       1
       4
       1
       4
       3
       4
       5
       4
       4
       5
       5
       2
       3
       4
       3
       1
       3
       6
       3
       5
       6
       3
       4
       4
       3
       1
       3
       5
       1
       5
       4
       3
       1
       0
       2
       2
       3
       0
       2
       2
       5
       2
       4
       4
       3
       3
       1
       2
       2
       1
       1
       2
       4
       1
       1
       4
       3
       1
       3
       0
       2
       3
       3
       0
       1
       2
       1
       2
       2
       6
       3
       3
       5
       1
       3
       2
       3
       1
       5
       3
       2
       1
       2
       0
       4
       3
       1
       1
       4
       1
       2
       3
       3
       1
       0
       5
       2
       4
       2
       3
       3
       2
       4
       0
       3
       2
       2
       3
       4
       5
       5
       1
       2
       2
       1
       5
       3
       2
       2
       4
       2
       0
       2
       1
       3
       1
       2
       4
       3
       3
       3
       4
       2
       1
       4
       1
       4
       0
       2
       2
       1
       2
       1
       1
       5
       1
       3
       3
       2
       2
       7
       1
       2
       2
       2
       0
       0
       3
       2
       1
       2
       0
       2
       1
       1
       2
       2
       2
       1
       2
       0
       2
       0
       0
       3
       2
       2
       1
       2
       1
       0
       2
       2
       1
       2
       3
       1
       1
       2
       0
       0
       3
       0
       0
       0
       3
       2
       0
       3
       2
       2
       2
       0
       2
       2
       1
       1
       4
       0
       1
       2
       1
       2
       0
       2
       1
       0
       0
       0
       1
       2
       1
       1
       5
       0
       0
       1
       0
       0
       2
       1
       3
       3
       1
       3
       1
       1
       0
       1
       1
       2
       2
       1
       2
       1
       0
       1
       4
       0
       2
       0
       0
       2
       2
       3
       2
       2
       1
       2
       3
       5
       1
       1
       0
       0
       0
       1
       0
       2
       2
       1
       1
       1
       4
       2
       0
       2
       1
       3
       2
       1
       1
       3
       2
       1
       1
       1
       0
       2
       2
       0
       1
       0
       1
       0
       2
       0
       1
       1
       2
       0
       3
       2
       0
       1
       1
       1
       2
       4
       3
       0
       2
       1
       1
       0
       1
       1
       3
       1
       2
       1
       1
       3
       0
       1
       1
       2
       0
       2
       1
       6
       2
       0
       2
       5
       4
       1
       2
       1
       2
       2
       2
       2
       3
       1
       2
       3
       1
       1
       1
       1
       1
       1
       1
       1
       1
       2
       0
       1
       4
       2
       3
       3
       1
       1
       3
       0
       1
       3
       0
       3
       1
       3
       4
       4
       1
       2
       1
       1
       2
       1
       1
       3
       1
       3
       3
       3
       0
       4
       2
       4
       0
       2
       4
       1
       0
       1
       3
       2
       0
       4
       0
       3
       1
       0
       0
       7
       1
       2
       3
       4
       3
       4
       3
       0
       1
       2
       1
       1
       0
       2
       0
       6
       2
       4
       0
       2
       1
       1
       0
       3
       2
       4
       2
       1
       2
       1
       2
       1
       1
       2
       0
       3
       3
       2
       0
       4
       1
       2
       3
       2
       2
       1
       3
       0
       1
       2
       1
       0
       3
       0
       0
       3
       2
       1
       1
       3
       2
       5
       0
       1
       1
       0
       3
       1
       3
       1
       0
       3
       4
       1
       1
       0
       0
       2
       0
       0
       0
       0
       0
       1
       0
       1
       0
       0
       1
       3
       3
       0
       0
       2
       0
       0
       3
       1
       1
       0
       0
       2
       2
       0
       0
       0
       3
       0
       0
       1
       2
       2
       1
       0
       5
       1
       0
       2
       0
       2
       0
       2
       4
       1
       0
       2
       0
       1
       2
       2
       1
       2
       1
       0
       1
       1
       1
       0
       2
       0
       1
       1
       0
       0
       2
       1
       1
       2
       0
       1
       2
       1
       3
       1
       2
       2
       1
       0
       0
       1
       0
       1
       0
       0
       1
       1
       0
       1
       1
       1
       0
       0
       3
       3
       0
       3
       1
       0
       2
       1
       2
       0
       1
       2
       0
       1
       2
       0
       1
       3
       1
       1
       2
       5
       0
       1
       0
       1
       4
       1
       2
       3
       4
       0
       4
       0
       2
       2
       4
       6
       4
       2
       4
       3
       1
       5
       2
       5
       8
       2
       2
       2
       3
       4
       5
       3
       6
       1
       3
       1
       1
       3
       2
       5
       3
       1
       1
       1
       4
       4
       1
       1
       2
       1
       2
       0
       1
       3
       2
       2
       1
       2
       3
       2
       2
       3
       1
       0
       1
       0
       2
       3
       1
       0
       0
       1
       0
       0
       1
       0
       0
       0
       0
       1
       0
       0
       1
       0
       1
       1
       0
       0
       1
       1
       1
       0
       1
       1
       1
       2
       1
       1
       0
       1
       0
       4
       1
       2
       4
       4
       1
       1
       2
       1
       1
       1
       2
       0
       1
       2
       2
       3
       2
       4
       0
       2
       2
       2
       3
       4
       2
       2
       1
       3
       1
       5
       0
       3
       4
       2
      11
       2
       2
       5
       3
       3
       3
       0
       3
       2
       1
       1
       3
       5
       2
       1
       3
       1
       2
       0
       1
       0
       2
       0
       1
       2
       2
       1
       2
       0
       1
       1
       0
       0
       1
       0
       1
       3
       2
       0
       1
       2
       3
       1
       1
       0
       2
       0
       1
       1
       0
       1
       1
       0
       1
       0
       2
       0
       2
       1
       0
       0
       0
       1
       0
       0
       0
       0
       0
       0
       0
       0
       0
       1
       0
       0
       0
       0
       0
       0
       0
       0
       1
       0
       0
       1
       1
       0
       0
       0
       0
       0
       0
       0
       0
       0
       0
       0
       1
       0
       0
       0
       0
       0
       1
       0
       0
       0
       0
       0
       1
       0
       1
       1
       0
       0
       0
       0
       0
       1
       1
       0
       1
       1
       0
       0
       0
       1
       0
       0
       1
       1
       0
       0
       0
       0
       0
       0
       0
       0
       0
       0
       1
       2
       0
       0
       0
       0
       0
       0
       0
       0
       0
       0
       0
       0
       0
       0
       0
       0
       0
       1
       0
       0
       0
       0
       0
       0
       0
       0
       0
       0
       0
       0
       0
       0
       1
       0
       0
       1
       0
       0
       0
       0
       0
       0
       0
       0
       0
       0
       0
       0
       0
       0
       0
       0
       0
       0
       0
       1
       0
       0
       0
       0
       0
       0
       0
       0
       0
       0
       0
       0
       0
       0
       1
       0
       0
       0
       0
       0
       0
       0
       0
       0
       0
       1
       0
       0
       0
       0
       0
       0
       0
       0
       0
       0
       0
       0
       0
       0
       0
       0
       0
       0
       0
       0
       0
       0
       0
       0
       0
       0
       0
       0
       0
       0
       0
       0
       0
       0
       0
       0
       0
       0
       0
       0
       0
       0
       0
       0
       0
       0
       0
       0
       0
       0
       0
       0
       0
       0
       0
       0
       0
       1
       0
       0
       0
       0
       0
       0
       0
       0
       0
       0
       2
       0
       0
       0
       0
       0
       0
       0
       0
       0
       1
       0
       0
       0
       0
       0
       0
       0
       0
       0
       0
       0
       0
       0
       0
       1
       0
       0
       0
       0
       0
       0
       0
       0
       0
       0
       0
       0
       0
       0
       0
       0
       0
       0
       0
       0
       0
       0
       0
       0
       0
       0
       0
       0
       0
       0
       0
       0
       0
       0
       0
       0
       0
       0
       0
       0
       0
       0
       0
       0
       0
       0
       0
       0
       0
       0
       0
       0
       0
       0
       0
       0
       0
       0
       0
       0
       0
       0
       0
       0
       0
       0
       0
       0
       0
       0
       0
       0
       0
       0
       0
       0
       0
       0
       0
       0
       0
       0
       0
       0
       0
       0
       0
       0
       0
       0
       0
       0
       0
       0
       0
       0
       0
       0
       0
       0
       0
       0
       0
       1
       0
       0
       0
       0
       0
       0
       0
       0
       0
       0
       0
       0
       0
       0
       0
       0
       0
       0
       0
       0
       0
       0
       0
       0
       0
       0
       0
       0
       0
       0
       0
       0
       0
       0
       0
       0
       0
       0
       0
       0
       0
       0
       0
       0
       0
       0
       1
       0
       0
       0
       0
       0
       0
       0
       0
       0
       0
       0
       0
       0
       0
       0
       0
       0
       0
       0
       0
       0
       0
       0
       0
       0
       0
       0
       0
       0
       1
       0
       0
       0
       0
       0
       0
       0
       0
       0
       0
       0
       0
       0
       0
       0
       0
       0
       0
       0
       0
       0
       0
       0
       0
       0
       0
       0
       0
       0
       0
       0
       0
       0
       0
       0
       0
       0
       0
       0
       0
       0
       0
       0
       0
       0
       0
       0
       0
       0
       0
       0
       0
       0
       0
       0
       0
       0
       0
       0
       0
       0
       0
       1
       0
       0
       0
       0
       0
       0
       0
       0
       0
       0
       0
       0
       0
       0
       0
       0
       0
       0
       0
       0
       0
       0
       0
       0
       0
       0
       0
       0
       0
       0
       0
       0
       0
       0
       0
       0
       0
       0
       1
       0
       0
       0
       0
       0
       0
       0
       0
       0
       0
       0
       0
       0
       0
       0
       0
       0
       0
       0
       0
       0
       0
       1
       0
       0
       0
       0
       0
       0
       0
       0
       0
       0
       0
       0
       0
       0
       0
       0
       0
       0
       0
       0
       0
       0
       0
       0
       0
       0
       0
       0
       0
       0
       0
       0
       0
       0
       0
       0
       1
       0
       0
       0
       0
       0
       1
       0
       0
       0
       0
       0
       0
       0
       0
       0
       0
       0
       0
       0
       0
       0
       0
       0
       0
       1
       0
       0
       0
       0
       0
       0
       0
       0
       0
       0
       0
       0
       0
       0
       0
       0
       0
       0
       0
       0
       0
       0
       0
       0
       0
       0
       0
       0
       0
       0
       0
       0
       0
       0
       0
       0
       0
       0
       0
       0
       0
       0
       0
       0
       0
       0
       0
       0
       0
       0
       1
       0
       0
       0
       0
       0
       0
       0
       0
       0
       0
       0
       0
       0
       0
       0
       0
       0
       0
       0
       0
       0
       0
       0
       0
       0
       0
       0
       0
       0
       0
       0
       0
       0
       0
       0
       0
       0
       0
       0
       0
       0
       0
       1
       0
       0
       0
       0
       0
       0
       0
       0
       0
       0
       0
       1
       0
       0
       0
       0
       0
       0
       0
       0
       0
       0
       0
       0
       0
       0
       0
       0
       0
       0
       0
       0
       0
       0
       0
       0
       0
       0
       0
       0
       0
       0
       0
       0
       0
       0
       0
       0
       0
       0
       0
       0
       0
       0
       0
       0
       0
       0
       0
       0
       0
       0
       0
       0
       0
       0
       0
       1
       0
       0
       0
       0
       0
       0
       0
       0
       0
       0
       1
       0
       0
       0
       0
       0
       0
       0
       0
       0
       0
       0
       0
       0
       0
       0
       0
       0
       0
       0
       0
       0
       0
       0
       0
       0
       0
       0
       0
       0
       0
       0
       0
       0
       0
       0
       0
       0
       0
       0
       0
       0
       0
       0
       0
       0
       0
       0
       0
       0
       0
       0
       0
       0
       0
       0
       0
       0
       0
       0
       1
       0
       0
       0
       0
       0
       0
       0
       0
       0
       0
       0
       0
       0
       0
       0
       0
       0
       0
       0
       0
       0
       0
       0
       0
       0
       0
       0
       0
       0
       0
       0
       0
       0
       0
       0
       0
       0
       0
       0
       0
       0
       0
       0
       0
       0
       0
       0
       0
       0
       0
       0
       0
       0
       0
       0
       0
       0
       0
       0
       0
       0
       0
       0
       0
       0
       0
       0
       0
       0
       0
       0
       0
       0
       0
       0
       0
       0
       0
       0
       0
       0
       0
       0
       0
       0
       0
       0
       0
       0
       0
       0
       0
       0
       0
       0
       0
       0
       0
       0
       0
       0
       0
       0
       0
       0
       0
       0
       0
       0
       0
       0
       0
       0
       0
       0
       0
       0
       0
       0
       0
       0
       0
       0
       0
       0
       0
       0
       0
       0
       0
       0
       0
       0
       0
       0
       0
       0
       0
       0
       0
       0
       0
       0
       0
       0
       0
       0
       0
       0
$ROI:
3
802 910
919 1048
1812 1935
$PRESETS:
None
0
0
$ENER_FIT:
-43.015625 1.438746
$MCA_CAL:
3
-4.301563E+001 1.438746E+000 -3.635760E-005 keV
$SHAPE_CAL:
3
5.967719E+001 -6.308020E-002 3.454509E-005
