$SPEC_ID:
No sample description was entered.
$SPEC_REM:
DET# 4
DETDESC# RBS-D MCB 129 Input 2
AP# Maestro Version 6.08
$DATE_MEA:
01/01/2008 05:46:35
$MEAS_TIM:
6 7
$DATA:
0 2047
       0
       0
       0
       0
       0
       3
       2
       4
       0
       3
       3
       2
       1
       3
       1
       3
       4
       2
       3
       2
       2
       1
       5
       0
       3
       1
       1
       0
       0
       4
       3
       4
       2
       2
       4
       0
       2
       1
       6
       0
       4
       6
       5
       4
       4
       4
       5
       4
       8
       2
       6
       6
       7
       8
       8
      13
       7
       7
       5
       8
       5
       8
       6
      10
       8
      10
       9
       9
      10
      10
      11
       7
      11
       9
       9
       8
      12
      14
      16
       7
       9
      17
       5
       4
       8
      14
       7
      14
       6
       9
      15
       6
       8
       6
      11
       8
      13
       7
       6
       5
       5
       6
       6
       6
       7
      10
      10
      11
       9
       6
       2
      10
       9
       7
       6
      14
      12
      12
       5
      13
      12
      12
       9
       5
       5
      12
       5
      12
       7
       5
       6
      11
       6
       7
       6
       7
       5
       3
       4
       9
       4
       6
       5
       7
       7
       8
      12
       8
       3
       5
       3
       4
       5
       6
       5
       1
       4
       3
       6
       6
       2
       5
       9
      12
       4
       5
       7
       4
      10
      10
      10
       9
       5
       6
       4
       3
       5
       8
       2
       2
       2
       3
       5
       7
       2
       4
       4
       8
       3
       2
       5
       4
       1
       2
       3
       2
       0
       2
       4
       4
       5
       7
       4
       5
       3
       4
       5
      11
       1
       2
       4
       5
       2
       4
       5
       2
       3
       5
       2
       1
       6
       2
       7
       4
       6
       1
       2
       2
       1
       0
       5
       3
       3
       1
       2
       2
       1
       2
       0
       1
       0
       0
       1
       1
       3
       2
       3
       4
       3
       3
       5
       5
       1
       3
       2
       1
       0
       3
       5
       2
       1
       5
       2
       3
       2
       3
       0
       2
       3
       1
       1
       4
       2
       0
       0
       0
       1
       2
       0
       1
       1
       3
       1
       4
       2
       2
       3
       1
       2
       2
       1
       1
       1
       3
       1
       1
       3
       2
       1
       2
       0
       2
       2
       2
       0
       1
       2
       1
       2
       2
       4
       3
       2
       5
       1
       3
       2
       3
       1
       4
       3
       1
       1
       2
       0
       2
       1
       1
       1
       4
       1
       2
       2
       3
       1
       0
       3
       1
       4
       1
       2
       3
       2
       3
       0
       1
       1
       1
       2
       3
       5
       4
       1
       2
       1
       1
       3
       2
       1
       2
       4
       1
       0
       1
       1
       3
       1
       2
       4
       3
       3
       3
       4
       2
       1
       2
       1
       2
       0
       2
       1
       0
       0
       0
       1
       1
       1
       3
       1
       1
       2
       7
       1
       1
       2
       2
       0
       0
       3
       2
       0
       2
       0
       2
       1
       1
       0
       2
       2
       0
       2
       0
       1
       0
       0
       1
       2
       2
       1
       2
       1
       0
       2
       1
       0
       1
       3
       1
       0
       1
       0
       0
       1
       0
       0
       0
       2
       2
       0
       3
       1
       2
       2
       0
       2
       1
       0
       1
       2
       0
       1
       2
       0
       0
       0
       2
       1
       0
       0
       0
       0
       0
       0
       1
       4
       0
       0
       0
       0
       0
       2
       1
       3
       3
       1
       2
       1
       1
       0
       1
       1
       1
       2
       1
       2
       0
       0
       1
       3
       0
       2
       0
       0
       2
       2
       3
       1
       1
       0
       1
       3
       4
       1
       1
       0
       0
       0
       0
       0
       2
       2
       0
       1
       0
       3
       2
       0
       1
       1
       2
       2
       1
       1
       3
       1
       1
       1
       1
       0
       2
       2
       0
       0
       0
       1
       0
       1
       0
       1
       0
       1
       0
       1
       1
       0
       1
       0
       0
       2
       2
       3
       0
       2
       0
       1
       0
       1
       1
       3
       1
       1
       1
       1
       3
       0
       0
       0
       2
       0
       2
       1
       6
       2
       0
       1
       3
       3
       1
       2
       1
       1
       2
       1
       2
       3
       0
       2
       2
       0
       1
       1
       0
       0
       1
       1
       1
       1
       1
       0
       0
       4
       0
       3
       2
       1
       1
       2
       0
       0
       1
       0
       1
       1
       2
       3
       3
       1
       2
       1
       1
       2
       1
       1
       2
       0
       1
       3
       2
       0
       3
       2
       4
       0
       1
       3
       1
       0
       1
       3
       2
       0
       2
       0
       2
       0
       0
       0
       6
       0
       1
       3
       2
       3
       4
       2
       0
       1
       1
       1
       1
       0
       2
       0
       6
       1
       3
       0
       2
       1
       1
       0
       2
       2
       2
       1
       1
       1
       1
       2
       0
       1
       1
       0
       2
       1
       1
       0
       2
       0
       2
       3
       1
       2
       1
       3
       0
       1
       2
       0
       0
       1
       0
       0
       1
       1
       0
       0
       3
       2
       4
       0
       1
       1
       0
       2
       1
       1
       1
       0
       1
       3
       1
       1
       0
       0
       0
       0
       0
       0
       0
       0
       0
       0
       1
       0
       0
       1
       2
       3
       0
       0
       1
       0
       0
       2
       1
       0
       0
       0
       2
       2
       0
       0
       0
       3
       0
       0
       1
       2
       1
       1
       0
       3
       1
       0
       2
       0
       1
       0
       1
       3
       1
       0
       1
       0
       1
       1
       1
       1
       2
       0
       0
       1
       0
       1
       0
       2
       0
       1
       0
       0
       0
       0
       1
       1
       1
       0
       1
       1
       0
       3
       1
       2
       2
       1
       0
       0
       1
       0
       1
       0
       0
       0
       0
       0
       1
       1
       1
       0
       0
       2
       2
       0
       2
       1
       0
       1
       1
       0
       0
       1
       1
       0
       1
       1
       0
       0
       2
       1
       0
       2
       2
       0
       1
       0
       1
       3
       0
       1
       2
       2
       0
       4
       0
       2
       1
       4
       5
       4
       1
       3
       3
       1
       5
       1
       2
       6
       1
       2
       2
       2
       2
       5
       1
       2
       1
       3
       1
       0
       3
       1
       4
       2
       1
       1
       0
       1
       3
       1
       0
       2
       1
       1
       0
       1
       2
       2
       2
       1
       1
       2
       1
       2
       1
       1
       0
       1
       0
       0
       2
       1
       0
       0
       1
       0
       0
       1
       0
       0
       0
       0
       1
       0
       0
       1
       0
       1
       1
       0
       0
       1
       1
       1
       0
       1
       1
       1
       1
       1
       0
       0
       0
       0
       1
       1
       1
       4
       3
       1
       1
       2
       1
       1
       1
       2
       0
       1
       2
       1
       3
       2
       3
       0
       2
       1
       2
       1
       4
       2
       2
       0
       1
       1
       4
       0
       3
       3
       1
       7
       2
       1
       3
       3
       3
       3
       0
       2
       2
       1
       1
       2
       4
       1
       1
       1
       1
       1
       0
       0
       0
       2
       0
       0
       1
       2
       1
       1
       0
       1
       0
       0
       0
       1
       0
       1
       2
       2
       0
       1
       0
       2
       0
       1
       0
       1
       0
       1
       1
       0
       1
       1
       0
       1
       0
       2
       0
       2
       1
       0
       0
       0
       1
       0
       0
       0
       0
       0
       0
       0
       0
       0
       0
       0
       0
       0
       0
       0
       0
       0
       0
       1
       0
       0
       1
       1
       0
       0
       0
       0
       0
       0
       0
       0
       0
       0
       0
       0
       0
       0
       0
       0
       0
       1
       0
       0
       0
       0
       0
       1
       0
       0
       1
       0
       0
       0
       0
       0
       1
       1
       0
       1
       1
       0
       0
       0
       0
       0
       0
       1
       1
       0
       0
       0
       0
       0
       0
       0
       0
       0
       0
       0
       2
       0
       0
       0
       0
       0
       0
       0
       0
       0
       0
       0
       0
       0
       0
       0
       0
       0
       1
       0
       0
       0
       0
       0
       0
       0
       0
       0
       0
       0
       0
       0
       0
       1
       0
       0
       0
       0
       0
       0
       0
       0
       0
       0
       0
       0
       0
       0
       0
       0
       0
       0
       0
       0
       0
       0
       0
       0
       0
       0
       0
       0
       0
       0
       0
       0
       0
       0
       0
       0
       0
       1
       0
       0
       0
       0
       0
       0
       0
       0
       0
       0
       1
       0
       0
       0
       0
       0
       0
       0
       0
       0
       0
       0
       0
       0
       0
       0
       0
       0
       0
       0
       0
       0
       0
       0
       0
       0
       0
       0
       0
       0
       0
       0
       0
       0
       0
       0
       0
       0
       0
       0
       0
       0
       0
       0
       0
       0
       0
       0
       0
       0
       0
       0
       0
       0
       0
       0
       0
       0
       1
       0
       0
       0
       0
       0
       0
       0
       0
       0
       0
       2
       0
       0
       0
       0
       0
       0
       0
       0
       0
       0
       0
       0
       0
       0
       0
       0
       0
       0
       0
       0
       0
       0
       0
       0
       0
       0
       0
       0
       0
       0
       0
       0
       0
       0
       0
       0
       0
       0
       0
       0
       0
       0
       0
       0
       0
       0
       0
       0
       0
       0
       0
       0
       0
       0
       0
       0
       0
       0
       0
       0
       0
       0
       0
       0
       0
       0
       0
       0
       0
       0
       0
       0
       0
       0
       0
       0
       0
       0
       0
       0
       0
       0
       0
       0
       0
       0
       0
       0
       0
       0
       0
       0
       0
       0
       0
       0
       0
       0
       0
       0
       0
       0
       0
       0
       0
       0
       0
       0
       0
       0
       0
       0
       0
       0
       0
       0
       0
       0
       0
       0
       0
       0
       0
       0
       0
       0
       0
       0
       0
       0
       0
       0
       0
       0
       0
       0
       0
       0
       0
       0
       0
       0
       0
       0
       0
       0
       0
       0
       0
       0
       0
       0
       0
       0
       0
       0
       0
       0
       0
       0
       0
       0
       0
       0
       0
       0
       0
       0
       0
       0
       0
       0
       0
       0
       0
       1
       0
       0
       0
       0
       0
       0
       0
       0
       0
       0
       0
       0
       0
       0
       0
       0
       0
       0
       0
       0
       0
       0
       0
       0
       0
       0
       0
       0
       0
       1
       0
       0
       0
       0
       0
       0
       0
       0
       0
       0
       0
       0
       0
       0
       0
       0
       0
       0
       0
       0
       0
       0
       0
       0
       0
       0
       0
       0
       0
       0
       0
       0
       0
       0
       0
       0
       0
       0
       0
       0
       0
       0
       0
       0
       0
       0
       0
       0
       0
       0
       0
       0
       0
       0
       0
       0
       0
       0
       0
       0
       0
       0
       1
       0
       0
       0
       0
       0
       0
       0
       0
       0
       0
       0
       0
       0
       0
       0
       0
       0
       0
       0
       0
       0
       0
       0
       0
       0
       0
       0
       0
       0
       0
       0
       0
       0
       0
       0
       0
       0
       0
       1
       0
       0
       0
       0
       0
       0
       0
       0
       0
       0
       0
       0
       0
       0
       0
       0
       0
       0
       0
       0
       0
       0
       0
       0
       0
       0
       0
       0
       0
       0
       0
       0
       0
       0
       0
       0
       0
       0
       0
       0
       0
       0
       0
       0
       0
       0
       0
       0
       0
       0
       0
       0
       0
       0
       0
       0
       0
       0
       0
       0
       0
       0
       0
       0
       0
       1
       0
       0
       0
       0
       0
       0
       0
       0
       0
       0
       0
       0
       0
       0
       0
       0
       0
       0
       1
       0
       0
       0
       0
       0
       0
       0
       0
       0
       0
       0
       0
       0
       0
       0
       0
       0
       0
       0
       0
       0
       0
       0
       0
       0
       0
       0
       0
       0
       0
       0
       0
       0
       0
       0
       0
       0
       0
       0
       0
       0
       0
       0
       0
       0
       0
       0
       0
       0
       0
       1
       0
       0
       0
       0
       0
       0
       0
       0
       0
       0
       0
       0
       0
       0
       0
       0
       0
       0
       0
       0
       0
       0
       0
       0
       0
       0
       0
       0
       0
       0
       0
       0
       0
       0
       0
       0
       0
       0
       0
       0
       0
       0
       1
       0
       0
       0
       0
       0
       0
       0
       0
       0
       0
       0
       1
       0
       0
       0
       0
       0
       0
       0
       0
       0
       0
       0
       0
       0
       0
       0
       0
       0
       0
       0
       0
       0
       0
       0
       0
       0
       0
       0
       0
       0
       0
       0
       0
       0
       0
       0
       0
       0
       0
       0
       0
       0
       0
       0
       0
       0
       0
       0
       0
       0
       0
       0
       0
       0
       0
       0
       1
       0
       0
       0
       0
       0
       0
       0
       0
       0
       0
       0
       0
       0
       0
       0
       0
       0
       0
       0
       0
       0
       0
       0
       0
       0
       0
       0
       0
       0
       0
       0
       0
       0
       0
       0
       0
       0
       0
       0
       0
       0
       0
       0
       0
       0
       0
       0
       0
       0
       0
       0
       0
       0
       0
       0
       0
       0
       0
       0
       0
       0
       0
       0
       0
       0
       0
       0
       0
       0
       0
       1
       0
       0
       0
       0
       0
       0
       0
       0
       0
       0
       0
       0
       0
       0
       0
       0
       0
       0
       0
       0
       0
       0
       0
       0
       0
       0
       0
       0
       0
       0
       0
       0
       0
       0
       0
       0
       0
       0
       0
       0
       0
       0
       0
       0
       0
       0
       0
       0
       0
       0
       0
       0
       0
       0
       0
       0
       0
       0
       0
       0
       0
       0
       0
       0
       0
       0
       0
       0
       0
       0
       0
       0
       0
       0
       0
       0
       0
       0
       0
       0
       0
       0
       0
       0
       0
       0
       0
       0
       0
       0
       0
       0
       0
       0
       0
       0
       0
       0
       0
       0
       0
       0
       0
       0
       0
       0
       0
       0
       0
       0
       0
       0
       0
       0
       0
       0
       0
       0
       0
       0
       0
       0
       0
       0
       0
       0
       0
       0
       0
       0
       0
       0
       0
       0
       0
       0
       0
       0
       0
       0
       0
       0
       0
       0
       0
       0
       0
       0
       0
$ROI:
3
802 910
919 1048
1812 1935
$PRESETS:
None
0
0
$ENER_FIT:
-43.015625 1.438746
$MCA_CAL:
3
-4.301563E+001 1.438746E+000 -3.635760E-005 keV
$SHAPE_CAL:
3
5.967719E+001 -6.308020E-002 3.454509E-005
