$SPEC_ID:
No sample description was entered.
$SPEC_REM:
DET# 4
DETDESC# RBS-D MCB 129 Input 2
AP# Maestro Version 6.08
$DATE_MEA:
01/01/2008 05:48:24
$MEAS_TIM:
27 28
$DATA:
0 2047
       0
       0
       0
       0
       0
      10
       7
      11
       4
       4
      10
       6
       6
      13
      10
       8
      12
       8
      15
      13
       5
       7
      19
      16
      10
       6
       6
       5
      10
      11
      12
      13
      12
      10
      10
      14
      11
       7
      18
      12
      17
      19
      15
      10
      13
      15
      18
      24
      25
      20
      23
      25
      21
      29
      28
      31
      26
      29
      29
      32
      31
      30
      33
      33
      52
      40
      38
      41
      40
      38
      42
      38
      49
      37
      31
      31
      37
      42
      42
      41
      42
      38
      38
      28
      25
      42
      30
      41
      25
      38
      44
      34
      31
      41
      38
      30
      38
      31
      24
      35
      27
      28
      28
      32
      29
      49
      31
      36
      39
      44
      30
      33
      31
      37
      30
      37
      32
      31
      29
      46
      36
      28
      33
      25
      19
      40
      31
      32
      25
      26
      31
      41
      23
      24
      24
      27
      21
      21
      19
      40
      18
      37
      19
      22
      21
      25
      32
      28
      20
      15
      18
      29
      23
      20
      15
      16
      20
      17
      22
      15
      17
      15
      33
      30
      14
      26
      20
      23
      24
      30
      23
      33
      16
      20
      18
      25
      23
      18
      23
      18
      17
      20
      22
      16
      16
      25
      21
      32
      15
      13
      12
      23
      19
      18
      14
      14
      14
      18
      11
      13
      16
      14
      13
      15
      12
      18
      19
      22
      12
      15
      10
      17
      12
      16
      17
      18
      13
      12
       8
       8
      18
      16
      19
       8
      16
      14
      11
       9
      13
      10
      13
      16
      11
      12
      11
      12
      14
      14
      12
      10
       6
       7
      11
       6
      13
      14
       9
      12
       7
      13
      17
      10
      10
      11
      11
       6
       7
      10
      13
       6
       9
      15
      11
      12
       8
      10
      11
       7
       8
       5
       9
      13
      15
       7
       2
       8
      11
      14
       5
      14
       5
      12
       5
       6
       7
       6
       9
       9
       3
       8
       3
       7
       4
      11
       7
       5
       8
      10
       7
       6
       4
       5
       6
      11
       8
       5
       6
       6
       5
       5
       9
       5
       5
      11
       4
       6
       7
       9
       4
       6
       4
       6
       6
       5
       4
       5
       5
       6
       3
      10
       4
       5
       9
       5
       2
       3
       9
       8
       4
       5
       8
       8
       6
       8
       5
       7
       5
       6
       8
       7
       7
       9
       5
       7
       3
       7
       8
       7
       6
       5
       9
       8
       6
       6
       4
       6
       8
       7
       7
       5
       9
       4
       9
      11
       3
       9
       7
       7
       1
       7
       5
       3
       5
       2
       1
      15
       4
       6
       6
       5
       5
      10
       2
       6
       2
       4
       5
       5
       8
       8
       6
       5
       3
       7
       3
       3
       6
       6
       5
       8
       7
       2
       5
       2
       3
       3
       3
       5
       8
       4
       5
       3
       5
       2
       3
       2
       7
       6
       3
       6
       4
       1
       5
       2
       3
       0
       7
       6
       4
       8
       8
       3
       8
       1
       3
       8
       5
       7
       8
       6
       4
       4
      12
       5
       5
       7
       3
       5
       3
       4
       7
       4
       4
       4
       5
       9
       4
       1
       4
       6
       5
       7
       8
       5
       2
       4
       4
       5
       4
       7
       2
       5
       5
       2
       5
       3
       1
       6
       6
       2
       4
       2
       3
       7
       4
       6
       8
       3
       2
       5
       6
      10
       8
       5
       6
       2
       1
       4
       4
       5
       6
       4
       3
       4
       8
       8
       6
       3
       3
       7
       7
       1
       3
       8
       3
       3
       5
       1
       2
       4
       6
       3
       5
       5
       1
       5
       6
       2
       4
       3
       5
       2
       8
       8
       4
       4
       5
       3
       7
       5
       5
       3
       6
       1
       6
       1
       6
       4
       7
       3
       3
       5
       6
       7
       3
       5
       5
       8
       0
       4
       8
       7
       4
       1
       5
       8
       6
       2
       6
       3
       6
       4
       3
       4
       8
       5
       6
       8
       6
       4
       7
       4
       4
       3
       5
       4
       2
       8
       1
       7
       5
       4
       7
       8
       7
       3
       6
       4
       4
       6
       2
       4
       5
       5
       9
       7
       6
       4
       6
       7
       8
       4
       3
       6
       7
       4
       7
       5
       2
       6
       5
       8
       7
       2
       5
       2
       6
       3
       7
       5
       4
       7
       4
       5
       4
       2
       5
      10
       5
       5
       7
       4
       6
      10
       5
       5
       4
       6
       3
       6
       2
       9
       1
      10
       8
       5
       4
       3
       7
       4
       3
       7
       4
       8
       4
       2
       6
       5
       7
       4
       5
       6
       6
       6
       5
       3
       5
       7
       8
       8
       4
       5
       4
       4
       6
       1
       5
       5
       5
       2
       5
       3
       5
       6
       5
       3
       2
       4
       4
       8
       3
       3
       2
       3
       6
       4
       6
       5
       2
       4
       5
       4
       4
       1
       0
       4
       2
       1
       1
       0
       4
       3
       1
       6
       4
       2
       2
       4
       7
       3
       3
       3
       2
       4
       5
       2
       2
       3
       2
       5
       7
       0
       2
       0
       5
       2
       4
       3
       4
       4
       3
       1
       7
       4
       1
       3
       1
       4
       1
       5
       5
       4
       5
       2
       1
       1
       5
       4
       3
       2
       3
       1
       1
       5
       2
       1
       4
       1
       4
       1
       3
       1
       6
       2
       2
       4
       3
       2
       3
       1
       4
       1
       3
       3
       4
       2
       2
       1
       3
       5
       2
       0
       1
       1
       0
       6
       3
       7
       2
       2
       8
       9
       1
       5
       4
       3
       4
       5
       3
       4
       4
       9
       2
       6
       9
       4
       4
       5
       9
       6
       7
       6
       4
       9
       1
       8
      14
       9
       9
       9
      13
       4
       8
       6
      10
      10
       9
      12
      10
      10
      19
       8
       8
      12
       5
       8
      16
       7
       6
       7
       7
      12
      12
       8
      14
       7
       9
       4
       5
       9
       4
      13
       7
       2
       4
       4
       7
       4
       6
       5
       3
       6
       7
       3
       4
       5
       5
       6
       5
       5
       4
       3
       2
       7
       2
       1
       3
       2
       3
       3
       3
       0
       4
       1
       2
       2
       2
       0
       1
       1
       2
       1
       1
       3
       3
       0
       2
       2
       0
       1
       1
       2
       3
       1
       2
       1
       3
       3
       1
       1
       0
       3
       1
       7
       4
       7
       6
       9
       3
       7
       3
       4
       5
       5
       6
       5
       8
       8
       2
       9
       6
       7
       4
       6
       5
       5
       6
       7
       3
       7
       3
      11
       9
       8
       5
       6
      10
       7
      17
       7
       4
      10
       6
       9
       6
       4
       9
       5
       8
       6
       7
       7
       4
       6
       8
       3
       2
       4
       8
       4
       3
       1
       5
       4
       3
       5
       3
       4
       3
       6
       0
       2
       2
       2
       2
       6
       3
       2
       2
       3
       3
       4
       2
       0
       2
       1
       1
       2
       1
       2
       1
       1
       3
       0
       2
       0
       3
       3
       1
       0
       0
       1
       0
       1
       2
       0
       0
       1
       0
       1
       0
       1
       0
       0
       0
       0
       1
       0
       1
       1
       1
       1
       0
       1
       2
       0
       0
       2
       1
       2
       2
       1
       0
       0
       0
       0
       1
       3
       0
       0
       0
       0
       2
       0
       1
       0
       1
       0
       2
       0
       2
       3
       0
       0
       0
       0
       0
       1
       1
       0
       1
       1
       2
       0
       0
       3
       1
       0
       1
       1
       0
       0
       0
       0
       1
       0
       0
       1
       0
       0
       1
       2
       0
       0
       0
       0
       0
       0
       0
       0
       0
       1
       0
       0
       1
       0
       1
       0
       1
       1
       0
       0
       0
       0
       0
       0
       0
       0
       0
       0
       0
       0
       0
       0
       1
       2
       0
       1
       0
       0
       0
       1
       1
       0
       0
       0
       0
       0
       1
       0
       1
       0
       0
       0
       0
       0
       0
       1
       0
       0
       0
       0
       1
       0
       0
       0
       0
       0
       0
       0
       0
       0
       1
       0
       0
       0
       0
       0
       0
       0
       0
       0
       0
       1
       0
       0
       0
       0
       0
       0
       0
       0
       0
       0
       0
       0
       0
       0
       0
       0
       1
       0
       0
       0
       0
       0
       0
       0
       0
       0
       0
       0
       0
       0
       0
       0
       1
       0
       0
       0
       0
       0
       0
       0
       1
       0
       0
       0
       0
       0
       0
       0
       0
       0
       0
       0
       1
       0
       0
       0
       0
       1
       0
       1
       0
       1
       0
       0
       0
       0
       2
       0
       2
       0
       0
       0
       0
       0
       0
       0
       0
       0
       1
       0
       0
       0
       0
       0
       0
       0
       0
       0
       0
       0
       0
       0
       0
       1
       0
       0
       0
       0
       0
       0
       0
       0
       0
       0
       0
       0
       0
       0
       0
       0
       0
       0
       0
       0
       0
       0
       0
       0
       0
       0
       0
       0
       0
       0
       0
       0
       0
       0
       0
       0
       0
       0
       0
       0
       0
       0
       0
       0
       0
       0
       0
       1
       1
       0
       0
       0
       0
       0
       0
       0
       0
       0
       1
       0
       0
       0
       0
       0
       0
       1
       0
       0
       0
       0
       0
       0
       0
       0
       0
       0
       0
       0
       0
       0
       0
       0
       0
       0
       0
       0
       0
       0
       0
       0
       0
       0
       0
       0
       0
       0
       0
       0
       0
       0
       0
       0
       0
       1
       0
       0
       0
       0
       0
       0
       0
       0
       0
       0
       0
       0
       0
       0
       1
       0
       0
       0
       0
       0
       0
       0
       0
       0
       0
       0
       0
       0
       0
       0
       0
       0
       0
       0
       0
       0
       0
       0
       0
       0
       0
       0
       0
       0
       1
       0
       1
       0
       0
       0
       0
       0
       0
       0
       0
       0
       0
       0
       0
       0
       0
       0
       1
       0
       0
       0
       0
       0
       0
       0
       0
       1
       0
       0
       0
       0
       1
       0
       0
       0
       0
       0
       1
       0
       0
       0
       0
       0
       0
       0
       0
       0
       0
       0
       0
       0
       0
       0
       0
       0
       0
       0
       0
       0
       0
       0
       0
       0
       0
       0
       0
       0
       0
       0
       0
       0
       0
       0
       0
       0
       0
       0
       0
       0
       0
       0
       0
       0
       0
       0
       0
       1
       0
       0
       0
       0
       0
       0
       0
       1
       0
       0
       0
       0
       0
       0
       0
       0
       0
       0
       0
       0
       0
       0
       0
       0
       0
       0
       0
       0
       0
       0
       1
       0
       0
       0
       0
       0
       0
       0
       0
       1
       0
       0
       0
       0
       0
       0
       1
       0
       0
       0
       0
       0
       0
       0
       0
       0
       0
       0
       0
       0
       0
       0
       0
       0
       0
       0
       1
       0
       0
       1
       0
       0
       0
       0
       0
       0
       0
       0
       0
       1
       0
       0
       0
       0
       0
       0
       0
       0
       0
       0
       0
       0
       0
       0
       0
       0
       0
       0
       0
       0
       0
       0
       0
       0
       0
       0
       1
       0
       0
       0
       0
       0
       1
       0
       1
       0
       0
       0
       0
       0
       0
       0
       0
       0
       0
       0
       0
       0
       0
       0
       0
       1
       0
       0
       0
       0
       0
       0
       0
       0
       0
       0
       0
       0
       0
       0
       0
       0
       0
       0
       0
       0
       0
       0
       0
       0
       0
       0
       0
       1
       0
       0
       0
       0
       0
       0
       0
       0
       0
       0
       0
       0
       0
       0
       0
       0
       0
       0
       0
       0
       0
       0
       1
       0
       0
       0
       0
       0
       0
       0
       0
       0
       0
       0
       0
       0
       0
       0
       0
       0
       0
       0
       0
       0
       0
       0
       0
       0
       0
       0
       0
       0
       0
       0
       0
       0
       0
       0
       0
       0
       0
       0
       0
       0
       0
       1
       0
       0
       0
       0
       0
       0
       0
       0
       0
       0
       0
       1
       0
       0
       0
       0
       0
       0
       0
       0
       0
       0
       0
       0
       0
       0
       0
       0
       0
       0
       0
       0
       0
       0
       0
       0
       0
       0
       0
       0
       0
       0
       0
       0
       1
       0
       0
       0
       0
       0
       0
       0
       0
       0
       0
       0
       0
       0
       0
       0
       0
       0
       0
       0
       0
       0
       0
       1
       0
       0
       0
       0
       0
       0
       0
       0
       0
       0
       1
       0
       0
       0
       0
       0
       0
       0
       0
       0
       0
       0
       0
       0
       0
       0
       0
       0
       0
       0
       0
       0
       0
       0
       0
       0
       0
       0
       0
       0
       0
       0
       0
       0
       0
       0
       0
       0
       0
       0
       0
       0
       1
       1
       1
       0
       0
       0
       0
       0
       0
       0
       0
       0
       0
       0
       0
       0
       0
       0
       1
       0
       0
       0
       0
       0
       1
       0
       0
       0
       0
       0
       0
       0
       0
       0
       0
       1
       0
       0
       0
       0
       0
       0
       0
       0
       0
       0
       0
       0
       0
       0
       0
       0
       0
       0
       0
       1
       0
       0
       0
       0
       0
       0
       0
       0
       0
       0
       0
       0
       0
       0
       0
       0
       0
       0
       0
       0
       0
       0
       0
       0
       0
       0
       0
       0
       0
       0
       0
       0
       0
       0
       0
       0
       0
       0
       0
       0
       0
       1
       0
       0
       0
       0
       0
       0
       0
       0
       0
       0
       0
       0
       0
       0
       0
       0
       0
       0
       0
       0
       0
       0
       0
       0
       0
       0
       0
       0
       0
       0
       0
       0
       0
       0
       0
       0
       0
       0
       0
       0
       0
       0
       0
       0
       0
       0
       0
       0
       0
       0
       0
       0
       0
       0
       0
       0
       0
       0
       0
       0
       0
       0
       0
       0
       0
       0
       0
       0
       0
       0
$ROI:
3
802 910
919 1048
1812 1935
$PRESETS:
None
0
0
$ENER_FIT:
-43.015625 1.438746
$MCA_CAL:
3
-4.301563E+001 1.438746E+000 -3.635760E-005 keV
$SHAPE_CAL:
3
5.967719E+001 -6.308020E-002 3.454509E-005
