$SPEC_ID:
No sample description was entered.
$SPEC_REM:
DET# 4
DETDESC# RBS-D MCB 129 Input 2
AP# Maestro Version 6.08
$DATE_MEA:
01/01/2008 05:41:36
$MEAS_TIM:
1023 1045
$DATA:
0 2047
       0
       0
       0
       0
       0
     597
     331
     395
     400
     412
     423
     401
     431
     441
     386
     433
     455
     441
     462
     485
     515
     495
     497
     536
     540
     540
     561
     534
     558
     546
     526
     527
     563
     545
     543
     564
     616
     635
     633
     674
     680
     713
     763
     778
     735
     790
     800
     862
     959
     946
    1015
     998
    1100
    1125
    1165
    1170
    1250
    1287
    1274
    1304
    1387
    1403
    1498
    1406
    1514
    1477
    1564
    1464
    1505
    1541
    1551
    1509
    1536
    1562
    1604
    1590
    1609
    1564
    1500
    1525
    1537
    1501
    1537
    1607
    1486
    1519
    1604
    1537
    1497
    1526
    1493
    1573
    1503
    1490
    1460
    1501
    1481
    1452
    1479
    1495
    1465
    1473
    1400
    1442
    1345
    1428
    1370
    1338
    1273
    1405
    1367
    1372
    1358
    1361
    1260
    1319
    1269
    1260
    1216
    1249
    1232
    1227
    1293
    1174
    1156
    1205
    1106
    1153
    1199
    1160
    1122
    1112
    1075
    1043
    1135
    1073
    1038
     969
    1019
    1003
    1059
    1018
    1040
    1029
    1077
     921
     980
     968
     980
     960
     933
     986
     968
     955
     942
     919
     948
     962
    1007
    1020
     979
     974
     951
     977
     983
     900
     974
     977
     990
     992
    1008
     998
     964
     972
     967
     938
     949
     994
     974
     911
     923
     938
     892
     961
     938
     830
     869
     799
     870
     821
     887
     856
     788
     787
     741
     716
     771
     710
     755
     738
     666
     683
     691
     690
     716
     708
     659
     689
     659
     704
     697
     666
     621
     620
     614
     592
     603
     630
     617
     668
     582
     652
     613
     638
     630
     638
     659
     595
     607
     632
     601
     609
     587
     663
     585
     550
     589
     526
     551
     580
     601
     567
     584
     525
     577
     523
     515
     571
     545
     541
     526
     542
     505
     485
     508
     500
     527
     524
     544
     502
     567
     459
     496
     524
     490
     472
     463
     519
     506
     513
     502
     474
     461
     480
     450
     421
     456
     475
     473
     446
     456
     428
     470
     388
     401
     416
     404
     403
     392
     382
     418
     420
     402
     400
     384
     428
     380
     427
     361
     383
     411
     412
     370
     399
     365
     377
     343
     375
     385
     406
     351
     391
     398
     378
     340
     393
     341
     397
     389
     359
     326
     326
     379
     360
     339
     370
     379
     324
     342
     290
     354
     341
     370
     347
     340
     355
     354
     342
     365
     357
     305
     336
     327
     340
     334
     330
     344
     340
     325
     358
     306
     341
     328
     328
     355
     351
     326
     372
     334
     322
     316
     309
     316
     301
     343
     340
     298
     330
     287
     295
     345
     305
     302
     308
     337
     309
     324
     307
     318
     312
     287
     330
     317
     289
     371
     310
     304
     346
     317
     349
     305
     316
     352
     312
     328
     317
     340
     304
     334
     292
     314
     313
     266
     290
     272
     285
     310
     290
     286
     307
     297
     311
     315
     291
     310
     318
     339
     331
     289
     303
     291
     291
     319
     323
     304
     295
     298
     311
     293
     289
     295
     321
     298
     302
     354
     293
     315
     312
     282
     346
     318
     307
     290
     299
     296
     337
     288
     381
     338
     293
     331
     296
     329
     347
     302
     301
     335
     318
     325
     295
     301
     292
     326
     315
     353
     315
     313
     290
     309
     307
     323
     303
     284
     285
     323
     273
     252
     307
     300
     298
     298
     278
     304
     306
     289
     299
     274
     291
     300
     286
     293
     279
     265
     309
     315
     270
     326
     280
     259
     313
     276
     288
     302
     313
     284
     325
     277
     291
     274
     294
     251
     292
     303
     290
     287
     279
     260
     297
     309
     265
     313
     311
     307
     267
     294
     269
     307
     270
     294
     307
     285
     295
     299
     292
     307
     308
     279
     287
     288
     296
     300
     298
     273
     299
     274
     325
     317
     309
     289
     314
     294
     289
     326
     307
     269
     290
     292
     316
     306
     297
     275
     310
     305
     309
     294
     297
     316
     305
     306
     326
     282
     311
     312
     297
     295
     298
     323
     290
     304
     301
     304
     328
     308
     301
     303
     298
     306
     312
     285
     268
     312
     299
     296
     307
     323
     292
     317
     324
     305
     289
     322
     335
     320
     285
     293
     319
     286
     304
     316
     324
     350
     341
     319
     325
     345
     324
     301
     345
     347
     348
     325
     308
     316
     312
     316
     325
     332
     332
     335
     318
     319
     367
     315
     350
     368
     343
     335
     344
     315
     351
     365
     296
     326
     328
     373
     336
     341
     354
     336
     336
     344
     349
     383
     316
     321
     334
     320
     376
     343
     383
     317
     327
     372
     349
     316
     353
     345
     330
     305
     327
     340
     372
     331
     327
     337
     311
     330
     332
     341
     302
     311
     352
     307
     330
     343
     299
     365
     334
     305
     289
     313
     294
     323
     329
     289
     321
     280
     296
     322
     268
     323
     287
     297
     283
     285
     315
     287
     299
     276
     258
     277
     276
     273
     265
     240
     249
     252
     270
     265
     226
     217
     210
     256
     236
     248
     246
     230
     280
     248
     255
     266
     248
     226
     198
     226
     231
     231
     234
     211
     228
     237
     243
     218
     235
     213
     228
     213
     253
     206
     244
     210
     205
     207
     229
     217
     217
     212
     220
     192
     213
     224
     233
     196
     204
     192
     214
     227
     214
     225
     204
     225
     224
     192
     210
     222
     204
     183
     184
     197
     198
     188
     175
     178
     194
     182
     196
     177
     208
     193
     197
     196
     189
     178
     177
     188
     181
     170
     178
     191
     162
     169
     177
     180
     180
     200
     187
     180
     216
     191
     204
     188
     197
     193
     189
     203
     212
     216
     228
     238
     237
     241
     229
     230
     270
     267
     284
     279
     298
     355
     333
     358
     358
     366
     420
     414
     410
     425
     427
     469
     444
     479
     546
     529
     534
     518
     573
     556
     575
     601
     661
     644
     657
     661
     643
     694
     688
     775
     710
     705
     770
     742
     677
     721
     719
     715
     684
     696
     738
     686
     686
     679
     639
     635
     621
     615
     578
     572
     621
     582
     512
     525
     504
     483
     474
     458
     406
     422
     369
     357
     396
     349
     338
     311
     295
     282
     266
     257
     228
     242
     223
     181
     191
     191
     179
     154
     146
     154
     138
     104
     146
     117
      97
     116
     113
     108
     115
     107
     123
      92
     104
     112
     111
     115
     110
     109
     114
     116
     141
     135
     125
     122
     143
     168
     148
     171
     147
     161
     155
     214
     194
     180
     226
     238
     248
     254
     299
     281
     246
     309
     325
     354
     322
     401
     386
     391
     413
     386
     449
     454
     430
     475
     467
     457
     534
     512
     463
     496
     487
     509
     498
     546
     571
     553
     560
     548
     541
     555
     568
     524
     518
     530
     545
     517
     503
     515
     469
     491
     528
     430
     445
     485
     483
     451
     443
     434
     443
     381
     375
     380
     318
     315
     314
     305
     308
     304
     270
     247
     251
     245
     246
     197
     196
     209
     197
     149
     152
     166
     139
     138
     131
     110
     126
     129
     124
      97
     100
      88
      94
      82
      76
      69
      88
      70
      88
      84
      51
      57
      53
      45
      60
      56
      53
      57
      33
      41
      54
      43
      43
      45
      41
      33
      59
      49
      42
      41
      47
      36
      42
      42
      38
      45
      33
      32
      38
      40
      43
      44
      39
      31
      40
      36
      32
      34
      26
      26
      30
      37
      20
      30
      25
      31
      27
      30
      31
      32
      30
      29
      25
      27
      23
      16
      23
      17
      21
      23
      17
      30
      12
      21
      12
      18
      19
      18
      17
      15
      15
      10
      10
      19
      19
      16
      15
      13
       9
      13
      19
      10
      11
       8
       6
      16
       7
      10
      13
      13
      11
       8
       8
      12
       5
      13
      13
       5
       7
      13
       8
       8
       9
       8
       9
       7
       8
       8
       8
       9
       8
      13
       9
       8
      11
       5
      12
       7
       8
       8
       6
      12
       3
      12
      12
      11
      12
       8
       9
       4
       7
       7
       7
       7
       9
       6
       8
       8
       8
       5
       5
       4
       6
       6
       6
       8
       6
       8
       4
       4
       4
       7
      13
       5
       8
       5
       9
       8
       5
       5
       4
       6
       2
       9
       7
      10
       8
       6
       8
       6
       4
       4
       9
       5
       2
       9
      13
       1
       7
       7
       4
       9
       5
       3
       8
       6
       6
       5
      12
      11
       4
       7
       4
       2
       6
       9
      10
       9
       5
       8
       4
       3
       4
      11
       7
       9
       7
       9
       2
       6
       8
       8
       5
       6
       7
       7
       3
       6
       8
       6
       3
       5
       2
      11
       9
       6
       8
      10
       6
      10
       7
       8
      11
       4
       6
      11
       6
       5
       6
       8
      10
       4
      11
      10
       7
       9
      11
       8
      10
       4
      13
       5
       8
       8
       3
       7
       3
       5
      13
      11
       5
       6
       8
      10
       6
       3
       8
      10
       6
       9
       4
       4
       9
       4
       4
       7
      10
       1
       6
       7
       8
       8
       4
       6
       1
       6
       4
       5
       5
       3
       3
       4
       7
       5
       5
       4
       4
       7
       5
       3
       5
       5
       2
      11
       2
       7
       8
       5
       6
       4
       4
       4
       6
       7
      13
       5
       5
       6
       4
       4
       9
       6
       8
       3
       6
       4
      11
       7
       4
       6
       3
       4
       3
       3
       2
       4
       2
       4
       5
       4
       4
       3
      11
       6
       5
       9
       5
       0
       6
       4
       3
       5
       7
       3
       2
       8
       5
       4
       1
       1
       7
       5
       7
       5
       3
       4
       3
       3
       5
       3
       4
       6
       4
       8
       9
       2
       5
       4
       2
       1
       4
       3
       4
       2
       3
       3
       8
       8
       3
       5
       4
       4
       6
       3
       1
       6
       1
       3
       5
       5
       6
       5
       6
       9
       6
       6
       2
       2
       3
       4
       2
       5
       1
       5
       2
       3
       3
       5
       5
       4
       3
       3
       2
       4
       3
       6
       3
       2
       3
       2
       3
       4
       3
       5
       3
       4
       6
       3
       1
       4
       4
       5
       3
       3
       3
       5
       2
       3
       3
       5
       6
       4
       2
       3
       6
       2
       4
       6
       5
       4
       2
       5
       5
       3
       6
       4
       3
       6
       4
       5
       5
       5
       6
       2
      10
       3
       1
       4
       3
       7
       2
       5
       8
       4
       6
       7
       5
       3
       8
       3
       2
       6
       3
       6
       6
       0
       3
       7
       5
       3
       2
       6
       6
       2
       2
       6
       5
       4
       3
       5
       6
       5
       6
       5
       4
       3
       2
       4
       6
       5
       1
       4
       4
       5
       4
       3
       4
       5
       2
       8
       5
       7
       6
       2
       8
       4
       5
       3
       6
       6
       7
       5
       7
       5
       2
       2
       6
       1
       2
       2
       5
       1
       3
       5
       4
       3
       4
       4
       5
       4
       1
       5
       4
       2
       2
       3
       8
       6
       4
       6
       3
       4
       4
       4
       1
       2
       3
       1
       4
       6
       6
       7
       2
       3
       7
       6
       6
       5
       3
       4
       4
       4
       6
       8
       5
       6
       5
       4
       4
       5
       6
       3
       5
       0
       4
       4
       4
       8
       4
       1
       4
       4
       5
       2
       0
       2
       4
       4
       1
       5
       3
       3
       2
       5
       5
       2
       4
       3
       4
       2
       3
       3
       2
       2
       0
       2
       2
       3
       3
       3
       0
       1
       5
       2
       3
       2
       3
       5
       0
       3
       2
       5
       2
       4
       3
       3
       2
       1
       0
       1
       4
       4
       1
       1
       2
       2
       2
       2
       1
       3
       3
       2
       5
       2
       1
       3
       3
       4
       1
       2
       4
       0
       1
       3
       2
       4
       1
       2
       1
       1
       0
       1
       3
       2
       2
       1
       0
       2
       1
       1
       3
       0
       1
       0
       1
       0
       2
       1
       1
       0
       0
       1
       2
       1
       5
       0
       1
       4
       4
       0
       1
       0
       2
       0
       2
       2
       2
       0
       2
       0
       1
       4
       0
       1
       0
       1
       2
       1
       0
       2
       1
       1
       2
       1
       0
       1
       3
       1
       0
       1
       4
       1
       3
       4
       2
       2
       1
       0
       1
       2
       3
       1
       1
       4
       3
       3
       3
       2
       1
       2
       2
       5
       1
       1
       2
       2
       2
       5
       3
       3
       1
       2
       2
       3
       3
       1
       4
       6
       1
       4
       6
       1
       3
       2
       3
       1
       1
       2
       3
       5
       5
       6
       4
       5
       2
       7
       2
       3
       2
       3
       5
       7
       1
      10
       5
       4
       7
       4
       4
       7
       7
       2
       3
       7
       5
       7
       4
       6
       3
       4
       8
       2
       0
       8
       6
       1
       3
       7
       4
       3
       2
       3
       7
       8
       7
       4
       9
       2
       3
       4
       5
       4
       3
       7
       3
       6
       5
       3
       3
       4
       2
       5
       5
       2
       6
       4
       7
       2
       1
       2
       2
       3
       4
       1
       1
       3
       3
       2
       3
       2
       3
       0
       2
       3
       2
       0
       3
       6
       3
       3
       1
       0
       4
       2
       1
       2
       2
       0
       0
       1
       0
       1
       3
       3
       0
       2
       1
       1
       1
       0
       1
       2
       1
       0
       1
       2
       1
       3
       1
       0
       2
       0
       0
       0
       0
       2
       1
       0
       0
       0
       1
       0
       1
       0
       1
       0
       0
       2
       0
       1
       0
       0
       0
       0
       0
       0
       0
       0
       0
       1
       0
       0
       1
       1
       1
       0
       0
       0
       0
       0
       0
       0
       0
       0
       0
       0
       1
       0
       0
       0
       0
       0
       0
       0
       0
       0
       0
       0
       0
       0
       0
       0
       0
       0
       0
       0
       0
       0
       0
       0
       0
       0
       0
       0
       0
       0
       0
       0
       0
       0
       0
       0
       0
       0
       0
       0
       0
       0
       0
       0
       0
       0
       0
$ROI:
3
802 910
919 1048
1812 1935
$PRESETS:
None
0
0
$ENER_FIT:
-43.015625 1.438746
$MCA_CAL:
3
-4.301563E+001 1.438746E+000 -3.635760E-005 keV
$SHAPE_CAL:
3
5.967719E+001 -6.308020E-002 3.454509E-005
