$SPEC_ID:
No sample description was entered.
$SPEC_REM:
DET# 4
DETDESC# RBS-D MCB 129 Input 2
AP# Maestro Version 6.08
$DATE_MEA:
01/01/2008 05:50:36
$MEAS_TIM:
201 204
$DATA:
0 2047
       0
       0
       0
       0
       0
      72
      41
      52
      50
      55
      71
      64
      54
      67
      57
      74
      62
      61
      73
      72
      58
      66
      81
      86
      97
      83
      78
      74
      78
      75
      84
     104
      78
      69
      82
     102
      87
      86
     106
     105
     116
     114
     117
     109
     120
     134
     139
     151
     173
     168
     184
     184
     201
     205
     197
     221
     218
     211
     204
     238
     244
     273
     245
     240
     311
     263
     271
     255
     303
     314
     300
     262
     301
     273
     270
     265
     301
     282
     309
     271
     275
     277
     293
     272
     260
     293
     253
     283
     241
     278
     270
     291
     256
     278
     286
     233
     261
     271
     264
     271
     250
     259
     266
     252
     216
     271
     249
     268
     278
     248
     220
     233
     243
     234
     222
     251
     250
     218
     223
     221
     238
     191
     198
     195
     230
     207
     198
     220
     196
     211
     204
     216
     181
     180
     176
     197
     199
     199
     173
     215
     182
     192
     156
     185
     192
     161
     150
     169
     164
     167
     156
     149
     177
     173
     148
     183
     163
     145
     163
     163
     140
     142
     173
     158
     137
     149
     148
     145
     155
     171
     162
     182
     144
     149
     162
     140
     145
     148
     166
     148
     148
     152
     159
     130
     144
     140
     138
     157
     135
     145
     125
     139
     135
     116
     108
     130
     116
     135
     102
      98
     112
     117
      87
     122
      95
     122
     100
     114
      88
     122
      87
     106
      99
     103
     100
     106
     100
      80
      91
      84
     107
      94
      93
      71
      98
      90
      86
      82
      88
      85
      97
      87
     100
      84
      77
      81
      89
      97
      93
      84
      63
      93
      69
      61
      77
      72
      84
      85
      82
      86
      89
      79
      68
      75
      87
      74
      79
      76
      88
      78
      75
      80
      80
      74
      57
      68
      56
      78
      57
      67
      58
      75
      72
      69
      59
      72
      77
      61
      54
      75
      52
      78
      70
      71
      57
      49
      60
      53
      50
      64
      47
      59
      36
      47
      50
      38
      62
      50
      39
      49
      49
      51
      55
      66
      51
      49
      45
      38
      50
      49
      46
      45
      52
      50
      50
      55
      48
      49
      44
      44
      34
      49
      56
      46
      37
      47
      45
      47
      31
      52
      50
      39
      48
      39
      46
      43
      42
      47
      35
      49
      53
      43
      45
      48
      60
      50
      35
      43
      43
      47
      40
      41
      38
      36
      45
      43
      37
      40
      33
      48
      37
      42
      48
      36
      47
      39
      42
      49
      44
      41
      52
      44
      44
      46
      40
      40
      37
      45
      23
      39
      45
      38
      51
      34
      40
      53
      46
      45
      44
      38
      46
      42
      41
      42
      41
      35
      29
      42
      44
      43
      38
      44
      31
      42
      32
      40
      35
      36
      44
      39
      42
      39
      32
      39
      32
      32
      46
      39
      38
      30
      32
      36
      40
      27
      39
      36
      40
      38
      42
      48
      36
      29
      38
      39
      36
      27
      40
      42
      27
      45
      36
      36
      34
      31
      39
      44
      47
      36
      46
      36
      30
      45
      49
      43
      36
      36
      42
      33
      30
      30
      34
      36
      35
      26
      40
      41
      26
      45
      43
      39
      27
      28
      38
      37
      30
      44
      30
      31
      36
      40
      36
      45
      43
      33
      42
      38
      32
      42
      35
      30
      42
      28
      38
      33
      31
      36
      42
      30
      39
      40
      35
      41
      36
      39
      48
      31
      19
      35
      40
      41
      38
      31
      38
      41
      28
      37
      40
      40
      27
      42
      38
      26
      39
      43
      34
      19
      32
      36
      27
      24
      39
      21
      31
      37
      40
      34
      43
      32
      42
      28
      38
      25
      30
      43
      26
      38
      41
      31
      32
      27
      38
      22
      40
      33
      39
      29
      36
      35
      37
      27
      27
      37
      30
      25
      33
      40
      30
      53
      28
      38
      55
      40
      28
      32
      29
      35
      41
      34
      34
      26
      34
      32
      42
      42
      38
      30
      45
      51
      36
      39
      38
      26
      35
      46
      29
      27
      22
      30
      34
      41
      28
      44
      37
      41
      47
      29
      34
      28
      25
      40
      35
      35
      41
      39
      44
      30
      37
      35
      42
      41
      33
      29
      38
      39
      35
      33
      39
      36
      31
      46
      31
      37
      39
      29
      36
      25
      41
      34
      43
      40
      31
      33
      35
      37
      35
      38
      37
      39
      28
      44
      42
      31
      40
      37
      44
      31
      31
      43
      34
      37
      31
      40
      30
      35
      36
      44
      27
      39
      41
      36
      36
      37
      25
      31
      35
      24
      53
      39
      46
      31
      38
      28
      40
      39
      29
      21
      40
      40
      42
      42
      34
      42
      40
      34
      29
      40
      34
      35
      35
      29
      29
      36
      27
      31
      28
      28
      28
      21
      22
      28
      30
      27
      28
      25
      26
      27
      36
      25
      30
      35
      27
      25
      25
      14
      18
      23
      24
      26
      24
      17
      25
      18
      25
      26
      34
      25
      26
      21
      33
      22
      18
      19
      22
      24
      26
      18
      24
      23
      25
      25
      27
      21
      31
      19
      26
      29
      24
      34
      25
      33
      21
      26
      24
      31
      24
      27
      12
      26
      23
      23
      22
      20
      36
      19
      30
      26
      23
      28
      18
      20
      21
      10
      17
      22
      20
      28
      17
      18
      30
      13
      22
      13
      21
      20
      13
      24
      24
      22
      18
      16
      15
      20
      17
      21
      20
       9
      20
      12
      24
      28
      13
      18
      21
      17
      15
      40
      17
      25
      20
      19
      29
      32
      27
      23
      24
      36
      39
      36
      30
      39
      49
      42
      40
      48
      41
      44
      52
      41
      49
      52
      46
      55
      53
      60
      51
      42
      51
      61
      64
      57
      79
      71
      53
      65
      84
      72
      89
      64
      78
      90
      88
      81
      83
      62
      67
      73
      74
      64
      71
      72
      62
      64
      72
      64
      79
      57
      66
      48
      65
      61
      50
      48
      55
      36
      63
      41
      50
      33
      45
      33
      28
      30
      31
      18
      31
      25
      36
      32
      31
      24
      22
      23
      20
      23
      18
      25
      11
      20
      16
      14
      20
       9
      18
       9
      13
      10
      10
       8
       6
      17
       7
       9
      12
      14
      11
       9
      10
      17
      10
      17
      15
      12
      22
       7
      18
      15
      19
      19
      27
      23
      23
      25
      20
      26
      36
      32
      25
      29
      35
      29
      32
      40
      38
      29
      42
      35
      50
      40
      42
      56
      51
      50
      50
      42
      40
      54
      46
      46
      55
      54
      53
      51
      57
      49
      63
      47
      58
      67
      78
      46
      53
      63
      56
      45
      47
      42
      58
      40
      55
      48
      53
      45
      33
      37
      36
      50
      37
      36
      49
      33
      27
      37
      25
      38
      38
      36
      22
      22
      24
      24
      20
      26
      21
      11
      11
      21
      20
      17
      17
       9
       7
       7
       9
       5
      13
      11
       9
      11
      12
      10
      10
      10
      10
      11
      10
       6
       7
       9
       2
       5
       8
      17
       7
       6
       8
       7
       7
       5
       5
      11
       2
       6
       5
      10
       3
       6
       6
       8
       6
       5
       6
       2
       2
      12
       6
       2
       7
      11
       8
       5
       9
       7
       1
       5
       3
       4
       8
       5
       4
       3
       1
       8
       5
       8
       5
       6
       6
       6
       4
       2
      10
       3
       4
       1
       3
       1
       0
       8
       1
       2
       5
       1
       4
       2
       1
       6
       5
       2
       2
       2
       3
       1
       1
       1
       1
       0
       0
       2
       3
       0
       1
       3
       0
       1
       0
       1
       2
       0
       0
       1
       1
       3
       0
       3
       2
       2
       1
       0
       1
       1
       2
       2
       1
       1
       0
       1
       2
       1
       0
       0
       0
       2
       0
       0
       3
       3
       2
       1
       0
       0
       1
       1
       3
       0
       2
       1
       2
       0
       2
       0
       2
       1
       3
       1
       2
       1
       1
       1
       3
       2
       0
       0
       1
       0
       0
       2
       1
       2
       0
       1
       0
       0
       2
       2
       0
       1
       0
       1
       1
       0
       0
       0
       1
       2
       0
       0
       0
       1
       0
       2
       0
       0
       0
       1
       1
       1
       3
       1
       0
       1
       2
       2
       1
       1
       0
       1
       0
       1
       2
       0
       1
       1
       0
       1
       2
       1
       2
       1
       2
       2
       1
       2
       1
       2
       1
       2
       4
       0
       0
       0
       0
       2
       2
       1
       1
       1
       2
       1
       0
       1
       1
       1
       2
       1
       0
       2
       1
       1
       2
       0
       2
       1
       5
       1
       2
       0
       1
       0
       1
       0
       1
       2
       2
       3
       0
       0
       1
       0
       0
       0
       0
       2
       0
       0
       1
       2
       1
       1
       0
       1
       0
       0
       1
       0
       0
       2
       2
       1
       1
       2
       2
       0
       0
       0
       1
       0
       1
       1
       0
       0
       1
       1
       0
       0
       0
       0
       2
       0
       0
       1
       3
       0
       1
       0
       0
       0
       0
       1
       0
       1
       0
       1
       0
       1
       1
       1
       2
       3
       0
       0
       2
       0
       0
       0
       0
       0
       1
       2
       1
       0
       0
       0
       0
       1
       0
       0
       1
       2
       2
       2
       1
       0
       0
       0
       0
       2
       0
       1
       0
       2
       0
       1
       0
       1
       0
       1
       0
       0
       0
       0
       0
       1
       1
       0
       1
       1
       0
       0
       0
       0
       1
       3
       0
       0
       0
       0
       0
       0
       0
       0
       0
       0
       0
       0
       0
       0
       1
       0
       0
       0
       1
       1
       0
       0
       0
       0
       2
       0
       2
       0
       0
       1
       0
       0
       0
       0
       1
       0
       0
       1
       2
       0
       0
       0
       0
       0
       2
       0
       2
       0
       1
       0
       0
       1
       0
       0
       0
       0
       0
       0
       0
       1
       1
       0
       1
       1
       1
       0
       0
       0
       0
       0
       0
       2
       1
       0
       2
       2
       2
       0
       0
       1
       0
       0
       1
       2
       2
       2
       1
       0
       0
       1
       0
       0
       0
       0
       0
       0
       3
       1
       0
       1
       2
       1
       0
       0
       1
       0
       1
       0
       2
       0
       0
       0
       0
       2
       2
       2
       0
       0
       1
       1
       0
       1
       0
       0
       1
       1
       0
       0
       1
       0
       0
       6
       0
       0
       1
       0
       0
       0
       0
       1
       2
       3
       2
       0
       1
       0
       1
       2
       0
       0
       0
       1
       1
       0
       1
       0
       1
       0
       0
       1
       0
       0
       1
       1
       0
       1
       0
       0
       0
       1
       1
       1
       0
       1
       0
       3
       0
       0
       3
       0
       0
       1
       0
       0
       1
       0
       0
       0
       1
       0
       1
       2
       0
       0
       1
       1
       0
       0
       1
       0
       0
       1
       1
       0
       3
       2
       0
       1
       1
       1
       0
       1
       0
       1
       1
       0
       0
       1
       0
       2
       1
       0
       1
       1
       0
       0
       0
       0
       1
       0
       0
       0
       2
       0
       0
       0
       0
       0
       1
       0
       1
       0
       0
       0
       1
       0
       3
       1
       1
       1
       2
       1
       0
       0
       1
       0
       1
       0
       0
       0
       0
       0
       1
       1
       0
       0
       0
       0
       0
       0
       1
       0
       0
       0
       0
       0
       0
       0
       1
       0
       0
       1
       1
       0
       2
       0
       0
       0
       0
       0
       0
       3
       0
       0
       0
       0
       0
       0
       0
       0
       0
       1
       0
       0
       1
       1
       0
       0
       0
       1
       0
       0
       0
       0
       1
       1
       1
       2
       1
       0
       1
       0
       1
       0
       0
       0
       0
       1
       0
       1
       0
       0
       0
       0
       0
       0
       0
       0
       0
       0
       2
       0
       0
       0
       0
       1
       0
       0
       0
       0
       0
       1
       0
       1
       1
       0
       0
       1
       0
       0
       1
       0
       0
       0
       0
       0
       0
       0
       0
       2
       0
       0
       0
       0
       0
       0
       0
       0
       0
       0
       0
       0
       0
       0
       0
       0
       0
       0
       0
       0
       0
       1
       0
       0
       0
       0
       0
       0
       0
       0
       0
       0
       1
       0
       0
       0
       1
       0
       0
       2
       0
       0
       0
       0
       1
       0
       0
       0
       0
       1
       0
       0
       0
       0
       0
       1
       0
       1
       0
       0
       2
       1
       0
       1
       1
       0
       2
       1
       0
       1
       0
       0
       0
       0
       0
       2
       0
       0
       0
       2
       0
       0
       0
       0
       0
       1
       0
       0
       0
       1
       1
       0
       1
       0
       1
       1
       0
       1
       0
       1
       0
       0
       2
       1
       1
       0
       1
       1
       2
       1
       4
       0
       0
       1
       0
       0
       0
       0
       0
       0
       0
       0
       0
       0
       1
       1
       3
       0
       1
       1
       0
       1
       1
       0
       0
       0
       0
       1
       0
       1
       0
       0
       0
       1
       0
       1
       0
       0
       0
       0
       1
       1
       1
       0
       1
       0
       0
       2
       1
       1
       0
       0
       0
       1
       1
       0
       0
       0
       0
       0
       0
       0
       2
       2
       0
       0
       1
       0
       0
       0
       0
       0
       1
       0
       0
       0
       0
       1
       0
       0
       0
       0
       0
       0
       0
       0
       0
       0
       0
       0
       0
       0
       0
       0
       0
       1
       0
       0
       0
       0
       0
       0
       0
       0
       0
       0
       0
       0
       0
       0
       0
       0
       0
       0
       0
       0
       0
       0
       1
       0
       0
       0
       0
       0
       0
       0
       0
       0
       0
       0
       0
       0
       0
       0
       0
       0
       0
       0
       0
       0
       0
       0
       0
       0
       0
       0
       0
       0
       0
       0
       0
       0
       0
       0
       0
       0
       0
       0
       0
       0
       0
       0
       0
       0
       0
       0
$ROI:
3
802 910
919 1048
1812 1935
$PRESETS:
None
0
0
$ENER_FIT:
-43.015625 1.438746
$MCA_CAL:
3
-4.301563E+001 1.438746E+000 -3.635760E-005 keV
$SHAPE_CAL:
3
5.967719E+001 -6.308020E-002 3.454509E-005
