$SPEC_ID:
No sample description was entered.
$SPEC_REM:
DET# 4
DETDESC# RBS-D MCB 129 Input 2
AP# Maestro Version 6.08
$DATE_MEA:
01/01/2008 05:54:47
$MEAS_TIM:
405 410
$DATA:
0 2047
       0
       0
       0
       0
       0
     172
      91
      97
     110
     124
     137
     109
     125
     113
     114
     128
     132
     130
     139
     147
     126
     134
     168
     151
     189
     175
     165
     170
     163
     160
     169
     192
     168
     147
     160
     202
     181
     183
     213
     221
     214
     226
     233
     242
     250
     257
     283
     292
     347
     313
     361
     372
     411
     412
     421
     422
     438
     433
     444
     479
     512
     503
     496
     515
     570
     552
     561
     528
     583
     579
     604
     558
     581
     558
     561
     561
     602
     568
     638
     535
     574
     554
     564
     532
     524
     580
     517
     556
     530
     558
     567
     578
     531
     546
     561
     503
     529
     529
     554
     520
     507
     516
     533
     490
     468
     491
     487
     508
     518
     476
     476
     452
     462
     483
     413
     494
     483
     440
     448
     436
     455
     367
     417
     424
     454
     396
     406
     421
     378
     421
     413
     408
     367
     376
     379
     382
     361
     382
     341
     388
     343
     395
     344
     338
     372
     354
     317
     338
     321
     331
     327
     313
     358
     320
     319
     332
     323
     301
     308
     337
     278
     292
     314
     323
     286
     332
     302
     325
     328
     307
     302
     339
     317
     300
     319
     295
     307
     308
     320
     286
     286
     328
     295
     263
     292
     287
     274
     279
     276
     262
     258
     288
     266
     261
     217
     257
     243
     256
     212
     222
     245
     226
     182
     240
     199
     218
     202
     221
     189
     205
     162
     204
     204
     192
     198
     198
     197
     193
     180
     185
     201
     181
     187
     145
     174
     177
     172
     175
     195
     156
     186
     174
     171
     167
     168
     158
     172
     184
     189
     154
     138
     175
     136
     128
     152
     147
     162
     175
     152
     180
     145
     145
     174
     136
     176
     145
     158
     143
     181
     155
     159
     142
     163
     142
     128
     136
     123
     160
     121
     125
     138
     148
     143
     128
     120
     142
     144
     127
     123
     145
     119
     151
     128
     132
     112
     103
     113
     101
     107
     116
     112
     120
      92
     100
     114
     108
     119
      89
     102
     101
     100
      99
     111
     115
     106
     104
     102
      90
      95
      94
      91
      92
     107
     113
      97
     107
     100
      88
      89
      92
      82
     103
     105
      85
      79
     104
      92
     102
      78
      90
      81
      81
     111
      87
      84
      95
      81
      87
      93
     106
      90
      93
      91
      96
     101
      90
      87
      93
      96
     100
      73
      71
      76
      83
      82
      83
      69
      96
      76
      99
      92
      83
      80
      85
      94
      86
      99
      93
      83
      69
      85
      84
      76
      93
      81
      79
      59
      83
      69
      90
      85
      83
      92
      81
      91
      94
      82
      90
      77
      79
      86
      84
      77
      83
      80
      59
      68
      83
      86
      89
      83
      85
      76
      82
      81
      80
      70
      80
      82
      70
      74
      80
      56
      69
      66
      63
      82
      61
      94
      77
      67
      88
      78
      73
      71
      72
      88
      76
      83
      84
      71
      70
      68
      76
      72
      67
      85
      81
      76
      86
      79
      74
      74
      80
      79
      95
      87
      75
      90
      87
      72
      79
      93
      78
      80
      73
      83
      70
      55
      71
      68
      69
      71
      64
      78
      80
      58
      75
      77
      78
      62
      66
      81
      88
      68
      83
      65
      62
      68
      69
      73
      78
      68
      58
      75
      76
      62
      69
      71
      63
      80
      56
      64
      64
      67
      64
      73
      73
      72
      70
      69
      71
      77
      68
      67
      64
      56
      68
      84
      73
      78
      63
      67
      69
      66
      67
      72
      67
      52
      68
      77
      68
      69
      71
      59
      49
      62
      67
      58
      50
      71
      63
      58
      70
      73
      73
      72
      58
      68
      59
      73
      61
      58
      75
      62
      72
      75
      60
      69
      71
      72
      61
      71
      66
      72
      67
      62
      78
      77
      59
      68
      67
      65
      59
      63
      85
      57
      97
      50
      78
      90
      69
      53
      66
      66
      68
      83
      58
      67
      60
      74
      69
      82
      63
      75
      70
      79
      97
      73
      70
      67
      66
      65
      78
      61
      70
      66
      67
      60
      81
      73
      77
      76
      74
      77
      72
      64
      61
      52
      77
      70
      75
      76
      68
      79
      61
      81
      70
      83
      75
      64
      64
      69
      74
      72
      56
      81
      69
      73
      94
      57
      71
      74
      64
      79
      57
      79
      73
      82
      81
      64
      71
      67
      68
      77
      74
      79
      74
      64
      87
      77
      70
      70
      80
      83
      75
      73
      77
      66
      66
      64
      80
      68
      66
      85
      75
      58
      76
      86
      83
      67
      71
      65
      77
      68
      60
      96
      84
      80
      60
      63
      59
      73
      69
      62
      56
      71
      68
      71
      73
      75
      86
      74
      65
      79
      69
      70
      66
      68
      59
      65
      70
      57
      58
      63
      59
      63
      45
      55
      63
      56
      48
      57
      56
      59
      51
      64
      58
      54
      65
      53
      52
      44
      37
      51
      45
      48
      58
      46
      46
      57
      45
      52
      53
      66
      57
      53
      42
      56
      55
      37
      39
      50
      44
      43
      31
      53
      45
      44
      50
      55
      48
      47
      43
      48
      61
      69
      58
      41
      58
      45
      52
      46
      49
      45
      49
      33
      51
      44
      45
      50
      38
      62
      41
      61
      49
      47
      51
      40
      45
      41
      29
      39
      36
      43
      45
      43
      37
      52
      32
      35
      26
      42
      44
      33
      47
      46
      38
      35
      38
      34
      40
      41
      43
      40
      17
      43
      27
      36
      44
      35
      36
      49
      36
      45
      64
      43
      43
      42
      45
      69
      59
      53
      48
      63
      71
      67
      72
      60
      74
      89
      71
      76
      84
      84
      99
      93
      86
      94
     110
     108
     109
      98
     119
     105
     106
     107
     135
     142
     123
     149
     151
     116
     127
     150
     146
     158
     139
     155
     160
     158
     151
     143
     134
     132
     154
     153
     123
     133
     155
     134
     118
     152
     122
     141
     111
     135
     106
     112
     113
     101
      95
      99
      84
     104
      78
      92
      79
      75
      68
      57
      63
      61
      47
      62
      55
      55
      55
      58
      42
      40
      37
      44
      42
      37
      45
      22
      32
      26
      28
      35
      21
      32
      26
      38
      24
      22
      19
      20
      29
      16
      18
      17
      28
      22
      18
      23
      34
      24
      38
      26
      29
      34
      19
      30
      30
      34
      39
      37
      48
      48
      51
      41
      49
      67
      56
      54
      65
      76
      57
      69
      72
      73
      59
      79
      83
     101
      79
      81
     102
      93
      98
      94
      96
      88
      97
      88
     112
     113
     106
     104
     105
     113
     111
     125
      95
     113
     119
     139
     110
     101
     125
     112
     105
      91
      83
     100
      89
     100
      90
     106
      85
      68
      74
      84
      83
      64
      80
      84
      60
      68
      63
      64
      71
      61
      62
      39
      46
      45
      51
      40
      61
      44
      25
      29
      39
      36
      30
      35
      28
      16
      19
      31
      12
      20
      15
      17
      22
      21
      15
      19
      16
      18
      18
      18
      14
      15
      14
       5
      10
      19
      21
      20
      15
      15
      13
      12
      12
      10
      14
       8
      13
      13
      18
      10
      13
      15
      11
      18
      11
      12
       8
       9
      18
      13
       9
      15
      16
      11
       8
      12
      14
       9
      15
      13
      11
      14
       9
       8
      14
       2
      13
       7
      10
       9
      10
      10
      10
       8
       5
      15
       9
      11
       5
       8
      10
       1
      13
       7
       3
       8
       5
       7
       4
      10
       9
       5
       2
       3
       4
       4
       2
       4
       2
       4
       4
       1
       3
       3
       3
       2
       3
       0
       3
       2
       2
       4
       2
       2
       1
       6
       5
       1
       5
       5
       3
       2
       1
       3
       2
       2
       2
       3
       2
       2
       3
       2
       4
       0
       1
       3
       3
       1
       1
       4
       4
       5
       3
       3
       1
       3
       1
       4
       1
       2
       2
       3
       0
       6
       0
       3
       2
       5
       2
       3
       3
       2
       2
       5
       2
       2
       2
       3
       0
       1
       2
       3
       4
       2
       2
       1
       1
       2
       4
       1
       1
       0
       2
       2
       2
       1
       3
       3
       3
       2
       0
       2
       1
       1
       4
       0
       2
       1
       1
       2
       1
       4
       2
       0
       1
       4
       2
       1
       3
       1
       1
       1
       2
       5
       3
       2
       3
       0
       2
       2
       1
       4
       1
       4
       3
       3
       2
       2
       3
       2
       3
       4
       1
       2
       2
       3
       3
       2
       2
       2
       1
       5
       3
       0
       2
       3
       2
       3
       2
       1
       4
       3
       2
       2
       0
       5
       1
       7
       1
       3
       1
       2
       1
       3
       0
       2
       3
       4
       4
       2
       0
       3
       1
       2
       1
       1
       2
       2
       2
       2
       4
       1
       3
       0
       3
       1
       1
       1
       1
       3
       4
       2
       2
       2
       4
       4
       1
       1
       1
       3
       0
       3
       4
       0
       1
       3
       3
       1
       0
       3
       1
       2
       1
       0
       4
       3
       1
       2
       2
       1
       0
       1
       2
       1
       2
       0
       2
       1
       1
       2
       2
       2
       3
       0
       0
       3
       2
       1
       1
       0
       0
       2
       4
       2
       0
       1
       0
       2
       2
       0
       1
       3
       2
       5
       3
       1
       0
       0
       0
       0
       3
       2
       1
       0
       2
       1
       1
       1
       2
       0
       3
       0
       1
       0
       0
       0
       1
       2
       0
       2
       1
       0
       0
       0
       1
       3
       3
       0
       4
       1
       0
       1
       0
       0
       0
       0
       0
       1
       0
       0
       0
       4
       1
       0
       1
       2
       1
       0
       1
       0
       0
       2
       1
       2
       1
       0
       1
       0
       2
       1
       1
       2
       1
       2
       1
       2
       0
       1
       0
       0
       0
       2
       1
       2
       0
       1
       0
       0
       2
       1
       1
       0
       0
       0
       0
       1
       1
       2
       1
       1
       1
       1
       0
       0
       1
       1
       1
       0
       3
       2
       0
       2
       2
       3
       0
       0
       3
       1
       1
       1
       2
       2
       3
       1
       0
       3
       1
       0
       0
       2
       0
       1
       0
       4
       2
       1
       2
       3
       4
       1
       1
       1
       1
       1
       0
       2
       1
       0
       0
       0
       3
       3
       3
       0
       2
       2
       1
       1
       1
       1
       2
       3
       3
       0
       0
       2
       0
       0
       8
       1
       1
       2
       0
       0
       0
       1
       2
       3
       4
       4
       0
       1
       0
       2
       4
       1
       0
       0
       1
       2
       0
       3
       3
       3
       1
       1
       1
       0
       1
       1
       1
       0
       1
       1
       0
       0
       2
       3
       1
       0
       2
       0
       4
       1
       2
       4
       0
       0
       2
       1
       1
       1
       0
       0
       1
       1
       0
       3
       2
       0
       0
       1
       1
       0
       3
       1
       0
       1
       1
       2
       0
       5
       2
       1
       2
       3
       2
       1
       2
       1
       2
       1
       2
       0
       2
       0
       2
       1
       1
       1
       1
       0
       0
       2
       0
       2
       0
       0
       1
       2
       0
       0
       2
       0
       1
       1
       0
       1
       1
       0
       1
       1
       0
       3
       1
       1
       2
       2
       3
       0
       2
       1
       1
       1
       0
       0
       2
       2
       0
       2
       1
       1
       0
       0
       0
       0
       1
       3
       1
       0
       1
       1
       1
       1
       0
       2
       1
       0
       2
       1
       0
       2
       2
       0
       1
       0
       1
       1
       3
       0
       0
       0
       0
       1
       0
       1
       1
       0
       2
       1
       1
       1
       1
       0
       0
       1
       2
       0
       0
       0
       0
       1
       1
       1
       2
       1
       0
       1
       0
       3
       0
       0
       1
       0
       2
       0
       2
       1
       0
       0
       0
       0
       0
       0
       0
       0
       0
       2
       0
       0
       0
       0
       1
       0
       1
       0
       0
       0
       1
       0
       1
       1
       0
       0
       1
       1
       0
       2
       0
       0
       0
       0
       0
       0
       0
       0
       3
       0
       1
       0
       0
       0
       0
       0
       0
       0
       0
       1
       0
       0
       1
       0
       0
       0
       0
       0
       0
       1
       1
       0
       1
       0
       0
       1
       1
       1
       0
       0
       0
       1
       1
       1
       0
       1
       1
       0
       2
       0
       0
       0
       0
       1
       0
       0
       0
       0
       1
       1
       1
       0
       0
       1
       1
       0
       2
       2
       0
       2
       1
       0
       2
       1
       0
       2
       1
       0
       2
       0
       1
       0
       0
       0
       2
       0
       0
       0
       4
       0
       1
       0
       1
       3
       1
       1
       0
       0
       1
       3
       1
       1
       1
       2
       3
       0
       1
       0
       1
       0
       1
       2
       1
       2
       0
       1
       3
       3
       2
       6
       0
       0
       1
       1
       0
       1
       0
       1
       0
       1
       0
       0
       1
       1
       1
       3
       0
       1
       1
       1
       3
       2
       2
       0
       0
       0
       1
       1
       2
       1
       1
       0
       1
       0
       1
       0
       0
       1
       1
       2
       1
       1
       0
       1
       0
       0
       3
       1
       1
       1
       2
       0
       1
       2
       0
       1
       0
       0
       0
       1
       0
       2
       2
       0
       0
       1
       0
       0
       1
       0
       0
       1
       0
       0
       0
       0
       1
       0
       0
       1
       0
       0
       0
       0
       0
       0
       0
       0
       0
       0
       0
       0
       0
       0
       1
       0
       0
       0
       0
       1
       0
       0
       0
       0
       0
       0
       0
       0
       0
       0
       0
       0
       0
       0
       0
       0
       0
       1
       0
       0
       0
       0
       0
       0
       0
       0
       0
       0
       0
       0
       0
       0
       0
       0
       0
       0
       0
       0
       0
       0
       0
       0
       0
       0
       0
       0
       0
       0
       0
       0
       0
       0
       0
       0
       0
       0
       0
       0
       0
       0
       0
       0
       0
       0
       0
$ROI:
3
802 910
919 1048
1812 1935
$PRESETS:
None
0
0
$ENER_FIT:
-43.015625 1.438746
$MCA_CAL:
3
-4.301563E+001 1.438746E+000 -3.635760E-005 keV
$SHAPE_CAL:
3
5.967719E+001 -6.308020E-002 3.454509E-005
