$SPEC_ID:
No sample description was entered.
$SPEC_REM:
DET# 4
DETDESC# RBS-D MCB 129 Input 2
AP# Maestro Version 6.08
$DATE_MEA:
01/01/2008 05:49:00
$MEAS_TIM:
100 102
$DATA:
0 2047
       0
       0
       0
       0
       0
      36
      23
      31
      20
      28
      35
      32
      22
      37
      23
      37
      31
      27
      38
      36
      33
      33
      51
      44
      47
      37
      31
      28
      38
      43
      43
      53
      35
      33
      40
      54
      40
      33
      51
      49
      52
      57
      60
      50
      58
      64
      67
      69
      83
      74
      99
      97
      86
     110
     106
     110
     107
     115
     111
     122
     127
     128
     126
     125
     146
     135
     128
     125
     162
     161
     128
     141
     175
     142
     144
     135
     137
     134
     151
     138
     145
     134
     146
     124
     120
     140
     120
     141
     124
     146
     124
     145
     127
     141
     141
     117
     129
     140
     123
     141
     121
     138
     120
     119
     117
     153
     127
     145
     135
     132
     115
     118
     115
     121
     111
     140
     123
     116
     110
     120
     123
     103
     105
     101
     105
     114
     101
     117
      87
     106
     106
     113
      81
      90
      79
     106
      91
     102
      85
     106
      93
      92
      68
      95
      84
      88
      80
      88
      84
      81
      74
      74
      93
      85
      61
      81
      73
      67
      81
      82
      72
      60
      91
      91
      68
      77
      77
      79
      81
      97
      87
      93
      67
      66
      84
      78
      77
      70
      90
      73
      72
      73
      88
      62
      81
      64
      69
      74
      70
      66
      60
      74
      67
      55
      50
      67
      53
      69
      45
      47
      49
      60
      44
      68
      40
      66
      53
      56
      49
      59
      36
      49
      48
      51
      46
      60
      48
      39
      42
      39
      55
      38
      52
      39
      44
      44
      38
      47
      45
      40
      40
      42
      47
      47
      43
      41
      44
      54
      42
      40
      28
      40
      36
      34
      50
      41
      39
      43
      42
      40
      55
      37
      29
      51
      42
      35
      37
      34
      37
      29
      41
      42
      39
      38
      26
      30
      28
      41
      29
      38
      32
      35
      41
      33
      27
      30
      42
      33
      24
      49
      30
      41
      25
      36
      24
      27
      30
      28
      20
      29
      14
      35
      16
      35
      24
      21
      33
      24
      18
      25
      21
      23
      32
      36
      30
      19
      21
      19
      20
      18
      27
      17
      24
      27
      26
      25
      28
      23
      20
      16
      12
      25
      31
      23
      23
      26
      20
      19
      14
      27
      25
      19
      31
      15
      22
      18
      20
      23
      19
      21
      23
      21
      29
      33
      31
      27
      16
      19
      17
      23
      18
      21
      14
      19
      23
      23
      22
      25
      19
      21
      22
      23
      24
      19
      23
      19
      23
      27
      22
      21
      25
      17
      23
      22
      12
      18
      22
      22
      11
      20
      19
      18
      26
      16
      20
      25
      20
      28
      14
      26
      23
      26
      20
      20
      12
      16
      17
      16
      28
      23
      19
      19
      17
      20
      19
      20
      18
      21
      21
      21
      21
      19
      14
      16
      22
      15
      17
      21
      21
      16
      17
      17
      16
      12
      20
      16
      22
      22
      20
      18
      21
       9
      15
      17
      18
      10
      22
      18
      12
      22
      23
      19
      17
      17
      19
      29
      18
      19
      20
      18
      12
      25
      28
      24
      17
      19
      22
      17
      13
      12
      20
      13
      17
      15
      17
      26
      14
      14
      21
      19
      17
      15
      20
      23
      14
      20
      21
      14
      19
      21
      13
      20
      24
      18
      19
      17
      14
      20
      20
      14
      18
      13
      19
      15
      15
      14
      20
      13
      16
      23
      16
      18
      18
      18
      23
      13
      11
      20
      21
      23
      20
      15
      21
      16
      13
      17
      21
      17
      15
      24
      20
      16
      17
      26
      11
       6
      19
      20
      14
      15
      20
      11
      24
      19
      20
      19
      22
      11
      20
      15
      14
      11
      17
      26
      13
      18
      20
      11
      20
      12
      18
      13
      18
      11
      19
      13
      19
      11
      24
      16
      13
      23
      19
      13
      13
      20
      17
      25
      11
      20
      30
      19
      16
      15
      17
      21
      20
      15
      20
      14
      16
      17
      21
      22
      17
      12
      28
      25
      20
      16
      23
      12
      13
      23
      15
      13
      13
      15
      16
      13
      12
      22
      21
      21
      23
      17
      16
      18
      15
      20
      17
      16
      15
      17
      22
      17
      13
      16
      24
      25
      20
      18
      24
      26
      19
      17
      17
      22
      16
      25
      16
      22
      22
      11
      19
      13
      19
      12
      17
      22
      14
      19
      18
      19
      15
      23
      19
      20
      12
      22
      23
      21
      19
      24
      24
      17
      13
      18
      14
      16
      18
      20
       8
      21
      20
      29
      13
      17
      26
      15
      14
      27
      14
      19
      19
      12
      27
      18
      24
      18
      15
      13
      24
      21
      14
      14
      23
      20
      18
      22
      16
      18
      19
      15
      11
      18
      16
      19
      17
      13
      13
      17
      14
      18
      15
      13
      13
      13
      12
      22
       8
      12
      12
      13
      15
      11
      24
      15
      14
      16
      13
      11
      16
       7
       5
      11
       8
      12
      12
       5
      12
       9
      11
      11
      17
      16
      15
       9
      16
      13
      10
      10
      10
      15
      12
      12
       7
       7
       8
      12
      13
       5
      12
       9
      12
      17
      13
      17
       8
      18
      10
      13
      15
      18
       8
      10
       8
      14
      11
      12
      11
       8
      16
       9
      12
      14
      11
      16
       9
       8
      10
       9
       8
      13
      10
      12
      10
       8
      15
       5
      15
       7
       9
       9
       7
      14
      13
      15
      10
       9
       9
       8
       9
       9
       9
       5
      15
       3
      12
      20
       7
      11
       9
      11
       6
      19
      12
      10
       7
      11
      15
      20
      10
      10
      13
      17
      19
      18
      14
      17
      16
      18
      14
      22
      27
      21
      25
      26
      23
      25
      26
      25
      22
      29
      26
      22
      34
      34
      31
      26
      41
      34
      27
      28
      41
      38
      41
      34
      38
      46
      58
      40
      36
      38
      27
      46
      45
      23
      37
      23
      28
      31
      41
      25
      43
      28
      30
      25
      34
      28
      25
      26
      21
      17
      27
      12
      25
      20
      21
      17
      15
      15
      21
      13
      16
      11
      19
      15
      15
      11
      11
      10
      10
      14
       7
      14
       7
       7
       7
       8
      11
       3
      10
       5
       8
       5
       5
       4
       2
       9
       5
       4
       4
       8
       6
       3
       5
      10
       4
       7
       5
       7
      11
       3
      11
       5
      12
       8
      11
       9
       9
      14
      11
      18
      21
      13
      12
      16
      17
      15
      14
      23
      15
      19
      29
      21
      26
      20
      19
      31
      21
      22
      24
      22
      21
      22
      24
      27
      26
      25
      20
      28
      28
      27
      29
      24
      28
      29
      40
      28
      33
      37
      26
      23
      24
      19
      30
      20
      30
      25
      23
      27
      14
      15
      19
      21
      17
      18
      24
      18
      15
      14
      15
      14
      19
      17
       6
      12
      13
      11
       7
       9
       9
       5
       7
      12
      11
       9
      11
       5
       6
       5
       3
       1
       6
       5
       5
       6
       8
       6
       4
       5
       7
       6
       5
       1
       5
       4
       1
       1
       3
       7
       3
       5
       4
       3
       3
       3
       3
       5
       0
       3
       2
       4
       0
       4
       1
       4
       3
       3
       5
       1
       1
       6
       3
       2
       4
       6
       4
       4
       6
       4
       1
       3
       0
       0
       4
       3
       1
       2
       0
       6
       4
       4
       4
       1
       4
       2
       4
       0
       5
       3
       1
       1
       1
       0
       0
       5
       1
       1
       1
       1
       2
       2
       1
       3
       3
       1
       1
       1
       3
       0
       1
       0
       1
       0
       0
       1
       0
       0
       1
       2
       0
       0
       0
       0
       1
       0
       0
       1
       0
       1
       0
       2
       2
       2
       1
       0
       1
       1
       0
       0
       1
       0
       0
       0
       1
       0
       0
       0
       0
       1
       0
       0
       3
       2
       1
       1
       0
       0
       0
       1
       1
       0
       0
       1
       0
       0
       2
       0
       2
       0
       0
       1
       0
       1
       0
       1
       1
       0
       0
       0
       1
       0
       0
       2
       0
       2
       0
       1
       0
       0
       1
       1
       0
       1
       0
       0
       0
       0
       0
       0
       1
       1
       0
       0
       0
       0
       0
       1
       0
       0
       0
       1
       0
       1
       2
       0
       0
       1
       2
       0
       0
       0
       0
       0
       0
       0
       0
       0
       0
       0
       0
       0
       1
       0
       2
       0
       0
       1
       1
       1
       0
       0
       1
       1
       2
       0
       0
       0
       0
       2
       0
       1
       1
       0
       1
       1
       0
       0
       0
       1
       1
       1
       0
       2
       0
       0
       0
       0
       2
       1
       2
       1
       0
       0
       1
       0
       1
       0
       0
       0
       1
       2
       0
       0
       0
       0
       0
       0
       0
       1
       0
       0
       1
       1
       0
       1
       0
       0
       0
       0
       0
       0
       0
       2
       0
       1
       0
       0
       1
       0
       0
       0
       0
       0
       1
       1
       0
       0
       1
       1
       0
       0
       0
       0
       0
       0
       0
       1
       1
       0
       1
       0
       0
       0
       0
       0
       0
       0
       0
       0
       0
       1
       0
       1
       2
       2
       0
       0
       1
       0
       0
       0
       0
       0
       1
       2
       1
       0
       0
       0
       0
       1
       0
       0
       0
       0
       0
       2
       0
       0
       0
       0
       0
       0
       0
       1
       0
       1
       0
       0
       0
       1
       0
       0
       0
       0
       0
       0
       0
       0
       0
       0
       0
       0
       0
       0
       0
       0
       0
       2
       0
       0
       0
       0
       0
       0
       0
       0
       0
       0
       0
       0
       0
       0
       1
       0
       0
       0
       1
       0
       0
       0
       0
       0
       1
       0
       1
       0
       0
       1
       0
       0
       0
       0
       1
       0
       0
       0
       1
       0
       0
       0
       0
       0
       2
       0
       1
       0
       1
       0
       0
       0
       0
       0
       0
       0
       0
       0
       0
       1
       0
       0
       1
       0
       0
       0
       0
       0
       0
       0
       0
       1
       0
       0
       2
       0
       1
       0
       0
       0
       0
       0
       1
       1
       1
       2
       0
       0
       0
       1
       0
       0
       0
       0
       0
       0
       2
       1
       0
       1
       0
       0
       0
       0
       0
       0
       0
       0
       1
       0
       0
       0
       0
       2
       1
       0
       0
       0
       0
       0
       0
       0
       0
       0
       1
       0
       0
       0
       0
       0
       0
       3
       0
       0
       0
       0
       0
       0
       0
       1
       1
       1
       1
       0
       1
       0
       1
       0
       0
       0
       0
       0
       1
       0
       1
       0
       0
       0
       0
       0
       0
       0
       1
       1
       0
       1
       0
       0
       0
       0
       1
       1
       0
       1
       0
       3
       0
       0
       2
       0
       0
       1
       0
       0
       0
       0
       0
       0
       0
       0
       1
       1
       0
       0
       0
       0
       0
       0
       1
       0
       0
       1
       1
       0
       0
       1
       0
       0
       0
       0
       0
       1
       0
       1
       1
       0
       0
       0
       0
       2
       1
       0
       1
       0
       0
       0
       0
       0
       0
       0
       0
       0
       0
       0
       0
       0
       0
       0
       1
       0
       1
       0
       0
       0
       1
       0
       1
       1
       0
       0
       2
       0
       0
       0
       0
       0
       1
       0
       0
       0
       0
       0
       0
       1
       0
       0
       0
       0
       0
       0
       1
       0
       0
       0
       0
       0
       0
       0
       1
       0
       0
       1
       1
       0
       1
       0
       0
       0
       0
       0
       0
       1
       0
       0
       0
       0
       0
       0
       0
       0
       0
       0
       0
       0
       0
       1
       0
       0
       0
       1
       0
       0
       0
       0
       1
       0
       0
       1
       1
       0
       1
       0
       1
       0
       0
       0
       0
       0
       0
       1
       0
       0
       0
       0
       0
       0
       0
       0
       0
       0
       1
       0
       0
       0
       0
       0
       0
       0
       0
       0
       0
       1
       0
       1
       0
       0
       0
       1
       0
       0
       1
       0
       0
       0
       0
       0
       0
       0
       0
       2
       0
       0
       0
       0
       0
       0
       0
       0
       0
       0
       0
       0
       0
       0
       0
       0
       0
       0
       0
       0
       0
       1
       0
       0
       0
       0
       0
       0
       0
       0
       0
       0
       1
       0
       0
       0
       0
       0
       0
       1
       0
       0
       0
       0
       0
       0
       0
       0
       0
       1
       0
       0
       0
       0
       0
       1
       0
       0
       0
       0
       0
       1
       0
       0
       1
       0
       1
       1
       0
       1
       0
       0
       0
       0
       0
       1
       0
       0
       0
       0
       0
       0
       0
       0
       0
       1
       0
       0
       0
       1
       1
       0
       0
       0
       1
       0
       0
       1
       0
       0
       0
       0
       2
       1
       1
       0
       1
       1
       1
       1
       4
       0
       0
       0
       0
       0
       0
       0
       0
       0
       0
       0
       0
       0
       0
       0
       2
       0
       0
       1
       0
       1
       1
       0
       0
       0
       0
       0
       0
       0
       0
       0
       0
       1
       0
       1
       0
       0
       0
       0
       0
       0
       0
       0
       0
       0
       0
       1
       0
       0
       0
       0
       0
       1
       0
       0
       0
       0
       0
       0
       0
       0
       0
       0
       0
       0
       1
       0
       0
       0
       0
       0
       0
       0
       0
       0
       0
       0
       0
       0
       0
       0
       0
       0
       0
       0
       0
       0
       0
       0
       0
       0
       0
       0
       0
       1
       0
       0
       0
       0
       0
       0
       0
       0
       0
       0
       0
       0
       0
       0
       0
       0
       0
       0
       0
       0
       0
       0
       0
       0
       0
       0
       0
       0
       0
       0
       0
       0
       0
       0
       0
       0
       0
       0
       0
       0
       0
       0
       0
       0
       0
       0
       0
       0
       0
       0
       0
       0
       0
       0
       0
       0
       0
       0
       0
       0
       0
       0
       0
       0
       0
       0
       0
       0
       0
       0
$ROI:
3
802 910
919 1048
1812 1935
$PRESETS:
None
0
0
$ENER_FIT:
-43.015625 1.438746
$MCA_CAL:
3
-4.301563E+001 1.438746E+000 -3.635760E-005 keV
$SHAPE_CAL:
3
5.967719E+001 -6.308020E-002 3.454509E-005
