$SPEC_ID:
No sample description was entered.
$SPEC_REM:
DET# 4
DETDESC# RBS-D MCB 129 Input 2
AP# Maestro Version 6.08
$DATE_MEA:
01/01/2008 05:52:44
$MEAS_TIM:
300 305
$DATA:
0 2047
       0
       0
       0
       0
       0
     115
      67
      77
      83
      85
      95
      89
      90
      87
      82
     100
      95
     103
     105
     109
      93
      95
     127
     113
     145
     131
     117
     124
     118
     118
     131
     142
     121
     110
     120
     152
     135
     136
     151
     149
     170
     165
     175
     183
     185
     187
     206
     223
     254
     242
     260
     274
     292
     303
     307
     332
     331
     315
     317
     351
     388
     376
     372
     383
     454
     402
     421
     375
     450
     440
     447
     407
     435
     425
     421
     409
     443
     430
     450
     408
     434
     407
     417
     387
     390
     434
     388
     415
     393
     424
     421
     425
     399
     392
     410
     366
     395
     403
     415
     391
     384
     392
     403
     350
     344
     372
     353
     391
     409
     364
     342
     335
     346
     352
     316
     375
     364
     327
     333
     329
     337
     280
     303
     308
     329
     295
     300
     322
     280
     309
     308
     319
     274
     284
     277
     283
     278
     294
     252
     307
     256
     298
     245
     257
     273
     251
     233
     263
     238
     261
     233
     221
     268
     250
     232
     263
     241
     218
     235
     244
     214
     220
     245
     247
     207
     232
     227
     239
     229
     242
     230
     257
     229
     222
     249
     209
     229
     225
     240
     212
     209
     239
     223
     191
     211
     212
     205
     222
     204
     198
     184
     224
     188
     187
     157
     197
     180
     200
     156
     157
     179
     174
     138
     180
     140
     166
     147
     163
     143
     168
     128
     160
     153
     154
     143
     149
     152
     144
     134
     126
     152
     135
     134
     101
     130
     137
     130
     120
     133
     129
     136
     132
     137
     124
     121
     110
     126
     136
     144
     115
      94
     134
     106
      95
     109
     109
     127
     141
     124
     141
     114
     107
     124
     102
     122
     110
     113
     117
     132
     111
     113
     112
     115
     102
      91
      98
      92
     119
      94
      92
      94
     102
     102
     101
      86
     104
     106
      89
      95
     101
      87
     115
      99
      99
      85
      84
      80
      70
      78
      90
      83
      83
      62
      73
      82
      71
      83
      72
      67
      74
      74
      73
      88
      90
      76
      76
      69
      65
      73
      72
      69
      68
      78
      81
      78
      76
      74
      69
      67
      67
      53
      71
      79
      65
      56
      74
      66
      73
      50
      74
      67
      65
      75
      63
      62
      72
      59
      65
      58
      78
      70
      69
      65
      70
      79
      69
      67
      70
      68
      76
      53
      60
      55
      60
      63
      64
      51
      67
      56
      75
      63
      59
      59
      63
      64
      59
      64
      73
      63
      52
      72
      66
      56
      71
      60
      59
      46
      60
      45
      64
      65
      63
      64
      56
      61
      73
      64
      65
      65
      64
      65
      63
      63
      61
      64
      43
      50
      62
      61
      65
      63
      63
      55
      56
      55
      58
      54
      59
      66
      55
      56
      58
      43
      54
      49
      48
      68
      46
      70
      50
      49
      57
      61
      50
      51
      51
      63
      51
      62
      64
      55
      53
      53
      58
      48
      48
      61
      62
      49
      60
      61
      58
      52
      56
      63
      69
      67
      51
      75
      58
      53
      67
      69
      56
      61
      53
      64
      53
      45
      47
      52
      52
      55
      43
      57
      62
      37
      62
      64
      59
      45
      43
      56
      67
      47
      67
      48
      46
      52
      61
      56
      64
      57
      43
      54
      51
      48
      54
      47
      44
      64
      43
      50
      48
      51
      52
      57
      54
      55
      55
      51
      59
      57
      55
      57
      52
      37
      57
      60
      53
      55
      50
      53
      57
      53
      52
      56
      54
      35
      55
      57
      48
      52
      55
      46
      39
      47
      49
      45
      33
      55
      45
      43
      53
      58
      53
      54
      43
      54
      43
      54
      40
      44
      61
      43
      58
      57
      48
      44
      47
      59
      39
      56
      53
      54
      49
      47
      57
      52
      42
      45
      52
      50
      42
      50
      65
      40
      70
      38
      57
      75
      57
      39
      49
      46
      53
      60
      47
      48
      36
      54
      45
      64
      54
      56
      47
      63
      67
      51
      53
      56
      47
      52
      60
      43
      46
      41
      41
      46
      66
      48
      56
      51
      54
      62
      53
      51
      46
      40
      58
      52
      59
      58
      54
      61
      46
      61
      58
      55
      53
      53
      49
      51
      61
      57
      43
      61
      57
      56
      73
      39
      55
      60
      49
      59
      40
      63
      53
      64
      61
      44
      50
      45
      51
      56
      54
      61
      57
      49
      67
      59
      48
      55
      60
      59
      51
      49
      58
      47
      45
      47
      59
      48
      53
      64
      58
      42
      57
      54
      63
      50
      54
      46
      51
      50
      43
      69
      62
      59
      43
      51
      47
      57
      56
      51
      38
      56
      55
      57
      57
      55
      64
      53
      48
      51
      56
      55
      50
      52
      47
      44
      54
      36
      44
      42
      38
      45
      35
      32
      44
      48
      36
      41
      39
      37
      38
      46
      39
      41
      47
      40
      38
      31
      23
      36
      36
      38
      43
      28
      32
      39
      30
      40
      39
      53
      42
      42
      33
      42
      42
      25
      27
      37
      36
      30
      24
      39
      34
      35
      35
      38
      35
      38
      31
      32
      47
      52
      45
      34
      50
      36
      39
      36
      37
      34
      42
      25
      37
      36
      32
      34
      28
      48
      29
      47
      34
      34
      40
      32
      27
      29
      22
      28
      27
      35
      37
      34
      23
      44
      23
      29
      18
      30
      33
      26
      34
      34
      30
      26
      28
      22
      31
      30
      34
      30
      14
      30
      20
      30
      38
      27
      25
      32
      30
      31
      53
      27
      36
      29
      32
      57
      44
      41
      38
      41
      58
      49
      59
      50
      57
      64
      55
      60
      64
      58
      71
      64
      68
      68
      80
      83
      77
      75
      93
      82
      69
      85
      96
     104
      86
     112
     113
      78
     101
     106
     104
     118
     101
     122
     128
     120
     121
     121
      98
     104
     116
     113
      96
     100
     108
      97
      86
     108
     100
     110
      80
      99
      73
      94
      81
      77
      72
      79
      56
      79
      55
      72
      54
      62
      49
      40
      46
      41
      32
      46
      37
      42
      48
      45
      31
      30
      29
      32
      32
      28
      36
      17
      24
      20
      22
      28
      15
      25
      18
      21
      16
      14
      13
      14
      21
      11
      13
      15
      18
      16
      12
      20
      20
      15
      28
      21
      21
      26
      13
      23
      23
      27
      27
      30
      38
      37
      33
      26
      37
      47
      45
      39
      51
      54
      38
      50
      58
      61
      40
      59
      55
      73
      63
      58
      79
      66
      68
      70
      68
      65
      75
      63
      79
      78
      84
      84
      76
      87
      84
      91
      68
      83
      87
     102
      69
      73
      96
      85
      70
      65
      59
      82
      68
      77
      67
      77
      65
      50
      53
      57
      63
      45
      61
      67
      48
      48
      51
      46
      50
      52
      50
      31
      38
      39
      41
      29
      46
      30
      17
      21
      29
      30
      24
      26
      20
      12
      15
      20
       9
      14
      12
      12
      15
      14
      13
      15
      14
      15
      13
      14
      10
      12
      12
       2
      10
      10
      19
      11
      12
      13
      10
      10
       9
       9
      12
       5
       9
       9
      13
       6
       8
      13
       9
      14
       7
      11
       3
       4
      15
       9
       5
      11
      13
      10
       6
      12
       9
       7
      10
       7
       8
      12
       8
       6
       9
       1
      12
       5
       9
       7
       7
       8
      10
       7
       3
      13
       4
       8
       3
       7
       7
       1
      11
       6
       2
       7
       3
       7
       2
       5
       7
       5
       2
       3
       3
       3
       2
       4
       1
       3
       2
       0
       2
       3
       2
       2
       3
       0
       3
       1
       1
       3
       0
       0
       1
       6
       3
       0
       4
       3
       3
       1
       1
       3
       2
       2
       2
       3
       1
       2
       2
       2
       3
       0
       0
       3
       3
       0
       1
       4
       3
       3
       2
       3
       1
       2
       1
       3
       0
       2
       1
       2
       0
       4
       0
       2
       1
       4
       2
       2
       3
       2
       1
       4
       2
       1
       1
       1
       0
       1
       2
       3
       4
       1
       1
       1
       0
       2
       3
       0
       1
       0
       2
       1
       1
       1
       0
       2
       3
       1
       0
       1
       1
       0
       2
       0
       1
       0
       1
       1
       1
       4
       2
       0
       1
       3
       2
       1
       2
       1
       1
       1
       1
       3
       1
       2
       1
       0
       2
       2
       1
       3
       1
       2
       2
       1
       2
       1
       2
       1
       3
       4
       1
       2
       0
       0
       2
       2
       2
       1
       1
       5
       1
       0
       2
       3
       2
       3
       2
       0
       4
       3
       2
       2
       0
       3
       1
       6
       1
       2
       1
       2
       1
       1
       0
       1
       3
       3
       4
       1
       0
       2
       0
       1
       1
       0
       2
       1
       0
       2
       2
       1
       3
       0
       3
       1
       1
       1
       1
       3
       3
       2
       2
       1
       2
       4
       1
       1
       1
       2
       0
       2
       4
       0
       0
       2
       1
       0
       0
       0
       0
       2
       0
       0
       3
       3
       0
       1
       1
       1
       0
       1
       2
       1
       1
       0
       2
       0
       1
       2
       2
       2
       3
       0
       0
       3
       0
       1
       0
       0
       0
       2
       2
       2
       0
       1
       0
       0
       1
       0
       0
       3
       2
       3
       3
       1
       0
       0
       0
       0
       3
       2
       1
       0
       2
       1
       1
       1
       2
       0
       2
       0
       1
       0
       0
       0
       1
       2
       0
       2
       1
       0
       0
       0
       0
       1
       3
       0
       2
       1
       0
       0
       0
       0
       0
       0
       0
       1
       0
       0
       0
       3
       1
       0
       0
       1
       1
       0
       0
       0
       0
       2
       0
       2
       1
       0
       1
       0
       2
       0
       0
       1
       1
       2
       1
       2
       0
       1
       0
       0
       0
       2
       1
       2
       0
       1
       0
       0
       2
       1
       0
       0
       0
       0
       0
       1
       1
       1
       1
       1
       1
       1
       0
       0
       0
       0
       1
       0
       2
       2
       0
       2
       2
       2
       0
       0
       3
       0
       1
       1
       2
       2
       2
       1
       0
       0
       1
       0
       0
       0
       0
       1
       0
       3
       1
       1
       2
       2
       3
       0
       0
       1
       1
       1
       0
       2
       0
       0
       0
       0
       2
       3
       2
       0
       2
       1
       1
       0
       1
       0
       2
       1
       1
       0
       0
       2
       0
       0
       7
       1
       0
       2
       0
       0
       0
       0
       1
       3
       4
       4
       0
       1
       0
       1
       3
       1
       0
       0
       1
       2
       0
       1
       1
       3
       0
       0
       1
       0
       1
       1
       1
       0
       1
       1
       0
       0
       1
       1
       1
       0
       1
       0
       4
       1
       2
       4
       0
       0
       1
       1
       0
       1
       0
       0
       1
       1
       0
       2
       2
       0
       0
       1
       1
       0
       2
       1
       0
       0
       1
       1
       0
       3
       2
       0
       1
       2
       2
       1
       1
       0
       1
       1
       1
       0
       2
       0
       2
       1
       0
       1
       1
       0
       0
       0
       0
       2
       0
       0
       1
       2
       0
       0
       1
       0
       0
       1
       0
       1
       0
       0
       1
       1
       0
       3
       1
       1
       1
       2
       2
       0
       1
       1
       1
       1
       0
       0
       2
       2
       0
       1
       1
       1
       0
       0
       0
       0
       0
       2
       1
       0
       1
       0
       1
       1
       0
       1
       1
       0
       1
       1
       0
       2
       1
       0
       0
       0
       1
       0
       3
       0
       0
       0
       0
       1
       0
       1
       1
       0
       1
       1
       0
       1
       1
       0
       0
       0
       2
       0
       0
       0
       0
       1
       1
       1
       2
       1
       0
       1
       0
       2
       0
       0
       1
       0
       1
       0
       2
       1
       0
       0
       0
       0
       0
       0
       0
       0
       0
       2
       0
       0
       0
       0
       1
       0
       1
       0
       0
       0
       1
       0
       1
       1
       0
       0
       1
       0
       0
       1
       0
       0
       0
       0
       0
       0
       0
       0
       2
       0
       0
       0
       0
       0
       0
       0
       0
       0
       0
       1
       0
       0
       0
       0
       0
       0
       0
       0
       0
       1
       1
       0
       1
       0
       0
       0
       0
       1
       0
       0
       0
       1
       0
       0
       0
       1
       1
       0
       2
       0
       0
       0
       0
       1
       0
       0
       0
       0
       1
       1
       0
       0
       0
       0
       1
       0
       1
       1
       0
       2
       1
       0
       2
       1
       0
       2
       1
       0
       1
       0
       1
       0
       0
       0
       2
       0
       0
       0
       3
       0
       0
       0
       0
       2
       1
       1
       0
       0
       1
       3
       0
       1
       0
       2
       3
       0
       1
       0
       1
       0
       0
       2
       1
       1
       0
       1
       1
       3
       1
       5
       0
       0
       1
       1
       0
       1
       0
       1
       0
       0
       0
       0
       1
       1
       1
       3
       0
       1
       1
       1
       3
       1
       0
       0
       0
       0
       1
       1
       2
       1
       1
       0
       1
       0
       1
       0
       0
       1
       1
       2
       1
       1
       0
       1
       0
       0
       3
       1
       1
       0
       1
       0
       1
       1
       0
       1
       0
       0
       0
       0
       0
       2
       2
       0
       0
       1
       0
       0
       0
       0
       0
       1
       0
       0
       0
       0
       1
       0
       0
       1
       0
       0
       0
       0
       0
       0
       0
       0
       0
       0
       0
       0
       0
       0
       1
       0
       0
       0
       0
       0
       0
       0
       0
       0
       0
       0
       0
       0
       0
       0
       0
       0
       0
       0
       0
       0
       0
       1
       0
       0
       0
       0
       0
       0
       0
       0
       0
       0
       0
       0
       0
       0
       0
       0
       0
       0
       0
       0
       0
       0
       0
       0
       0
       0
       0
       0
       0
       0
       0
       0
       0
       0
       0
       0
       0
       0
       0
       0
       0
       0
       0
       0
       0
       0
       0
$ROI:
3
802 910
919 1048
1812 1935
$PRESETS:
None
0
0
$ENER_FIT:
-43.015625 1.438746
$MCA_CAL:
3
-4.301563E+001 1.438746E+000 -3.635760E-005 keV
$SHAPE_CAL:
3
5.967719E+001 -6.308020E-002 3.454509E-005
