$SPEC_ID:
No sample description was entered.
$SPEC_REM:
DET# 4
DETDESC# RBS-D MCB 129 Input 2
AP# Maestro Version 6.08
$DATE_MEA:
01/01/2008 01:26:48
$MEAS_TIM:
4 6
$DATA:
0 2047
       0
       0
       0
       0
       0
      75
      48
      35
      49
      41
      50
      27
      38
      32
      39
      48
      36
      45
      40
      35
      45
      40
      55
      65
     112
     143
     184
     216
     249
     196
     160
     118
     106
      72
      70
      67
      55
      42
      47
      46
      42
      42
      38
      32
      51
      42
      53
      52
      47
      37
      49
      51
      47
      50
      42
      51
      55
      48
      40
      58
      50
      47
      40
      43
      49
      43
      57
      47
      45
      42
      52
      45
      43
      43
      51
      57
      58
      41
      34
      51
      42
      51
      51
      39
      47
      34
      57
      51
      54
      48
      43
      35
      38
      53
      41
      46
      41
      39
      33
      49
      47
      61
      50
      43
      49
      44
      48
      41
      49
      41
      48
      44
      44
      46
      54
      42
      42
      41
      51
      38
      45
      48
      48
      36
      66
      52
      62
      45
      49
      31
      52
      38
      39
      42
      47
      44
      43
      50
      50
      56
      49
      52
      53
      56
      51
      52
      42
      62
      53
      60
      64
      67
      68
      57
      55
      71
      41
      50
      62
      67
      66
      56
      47
      61
      57
      56
      56
      43
      45
      53
      42
      63
      56
      38
      57
      61
      58
      64
      56
      48
      46
      43
      51
      53
      54
      43
      51
      67
      47
      42
      50
      44
      48
      46
      47
      34
      48
      46
      50
      53
      45
      50
      57
      42
      35
      41
      48
      50
      28
      50
      33
      44
      51
      37
      31
      51
      48
      30
      43
      43
      47
      52
      60
      39
      48
      56
      38
      32
      52
      35
      45
      47
      32
      35
      42
      31
      31
      38
      46
      42
      50
      46
      41
      37
      37
      42
      40
      33
      40
      48
      31
      29
      39
      39
      33
      47
      29
      41
      45
      41
      39
      46
      29
      40
      43
      38
      37
      34
      42
      35
      39
      36
      35
      35
      43
      44
      36
      38
      52
      45
      30
      30
      40
      43
      41
      42
      32
      46
      33
      42
      41
      40
      44
      38
      45
      41
      37
      38
      33
      28
      46
      40
      42
      39
      44
      39
      37
      39
      22
      37
      38
      47
      40
      40
      41
      35
      36
      40
      46
      45
      40
      36
      44
      40
      28
      31
      46
      43
      50
      42
      38
      33
      43
      43
      34
      32
      39
      34
      37
      32
      45
      35
      36
      36
      25
      36
      32
      46
      26
      31
      40
      40
      26
      35
      24
      22
      31
      26
      23
      21
      21
      29
      20
      24
      17
      18
      19
      27
      23
      15
      11
      15
      14
      13
      11
      16
      19
      18
      16
      19
      16
       7
      12
      14
      12
      10
      14
      10
      11
       9
       9
       3
      14
      11
       5
       9
       6
       5
       7
       7
      10
       4
       6
       8
       7
       5
      10
       9
       7
      10
       5
       9
       3
       5
       6
       6
       2
       5
       3
       5
       2
       3
      14
       8
       4
       5
       5
       7
       9
       7
       8
       6
       6
       8
       3
       6
       3
       6
       7
       5
       7
       8
       5
       8
      10
       6
      17
      10
      12
       5
       6
      13
      17
      17
       7
       9
      15
      22
      29
      25
      22
      30
      32
      38
      40
      35
      46
      61
      51
      53
      75
      74
      75
     106
     116
     103
     120
     121
     145
     164
     153
     139
     159
     190
     193
     182
     225
     240
     241
     210
     249
     262
     244
     254
     265
     236
     276
     256
     216
     285
     263
     229
     255
     249
     223
     234
     210
     212
     225
     203
     179
     199
     164
     166
     154
     148
     118
     145
     113
     109
      99
     100
      82
      70
      65
      61
      63
      58
      39
      44
      37
      35
      34
      29
      22
      21
      22
      16
      16
      23
      14
       3
      15
      10
       6
       4
       7
       3
       3
       2
       3
       0
       2
       5
       1
       0
       2
       0
       4
       4
       1
       2
       0
       1
       0
       2
       1
       0
       1
       4
       3
       1
       0
       3
       2
       2
       1
       0
       2
       3
       2
       0
       3
       2
       1
       2
       4
       1
       3
       5
       1
       2
       1
       1
       1
       0
       0
       1
       2
       0
       0
       0
       1
       3
       2
       0
       3
       2
       0
       1
       0
       0
       1
       3
       0
       3
       1
       4
       0
       0
       2
       0
       1
       2
       2
       1
       1
       1
       2
       1
       0
       0
       1
       1
       0
       0
       3
       1
       3
       1
       2
       3
       5
       0
       3
       1
       4
       1
       1
       1
       2
       1
       0
       2
       2
       2
       0
       1
       2
       3
       0
       2
       0
       0
       2
       2
       0
       3
       2
       0
       0
       1
       1
       0
       1
       1
       1
       2
       1
       0
       0
       1
       0
       1
       1
       0
       1
       0
       0
       0
       1
       3
       0
       0
       4
       0
       1
       0
       0
       3
       2
       0
       2
       2
       2
       1
       2
       0
       1
       2
       0
       2
       0
       0
       0
       0
       0
       2
       2
       1
       2
       0
       2
       3
       1
       1
       2
       0
       0
       2
       1
       2
       1
       2
       0
       0
       3
       0
       2
       1
       0
       1
       3
       0
       2
       0
       0
       0
       2
       0
       0
       0
       1
       0
       0
       2
       0
       1
       2
       2
       1
       2
       0
       0
       1
       2
       0
       1
       1
       0
       1
       0
       0
       1
       0
       0
       1
       0
       0
       0
       1
       0
       0
       0
       1
       0
       1
       1
       0
       3
       0
       1
       0
       0
       0
       1
       0
       0
       0
       2
       0
       1
       2
       1
       2
       2
       3
       1
       0
       1
       0
       0
       2
       1
       1
       0
       1
       3
       2
       2
       1
       0
       0
       0
       1
       0
       0
       0
       0
       2
       1
       1
       0
       1
       0
       0
       0
       0
       0
       0
       0
       0
       1
       2
       0
       0
       1
       0
       1
       1
       0
       2
       0
       1
       0
       0
       2
       0
       0
       0
       1
       1
       1
       2
       0
       0
       0
       1
       0
       2
       0
       0
       0
       0
       0
       1
       0
       0
       1
       0
       0
       1
       1
       0
       1
       0
       0
       1
       0
       0
       0
       0
       0
       2
       0
       0
       0
       1
       1
       0
       0
       0
       0
       0
       0
       0
       0
       0
       0
       0
       1
       2
       1
       1
       0
       0
       0
       1
       0
       0
       0
       0
       0
       1
       0
       2
       0
       1
       1
       0
       0
       0
       1
       2
       0
       1
       1
       0
       1
       0
       1
       0
       0
       3
       0
       1
       0
       1
       0
       0
       0
       0
       1
       1
       0
       0
       1
       1
       1
       0
       0
       0
       1
       2
       1
       1
       0
       0
       0
       1
       0
       2
       1
       0
       0
       0
       2
       1
       3
       0
       1
       0
       2
       0
       1
       0
       1
       1
       1
       1
       0
       0
       1
       1
       0
       1
       2
       1
       0
       0
       2
       1
       0
       2
       0
       0
       0
       0
       1
       1
       1
       0
       0
       0
       0
       0
       1
       0
       0
       0
       0
       0
       0
       1
       0
       0
       0
       0
       0
       0
       1
       1
       0
       0
       0
       2
       0
       0
       0
       0
       0
       0
       0
       0
       0
       0
       0
       1
       0
       0
       0
       0
       0
       0
       0
       1
       0
       0
       0
       0
       0
       1
       0
       0
       0
       0
       0
       1
       1
       0
       0
       0
       0
       0
       0
       1
       0
       0
       0
       0
       0
       0
       0
       0
       0
       0
       0
       0
       0
       0
       0
       0
       0
       0
       0
       0
       0
       0
       0
       0
       0
       0
       0
       0
       0
       0
       1
       0
       0
       0
       0
       0
       0
       1
       0
       0
       0
       0
       0
       0
       0
       0
       0
       0
       0
       0
       0
       0
       0
       0
       0
       0
       0
       0
       0
       0
       0
       0
       0
       0
       0
       0
       0
       0
       0
       0
       0
       0
       0
       0
       0
       0
       0
       0
       0
       0
       0
       0
       0
       0
       0
       0
       0
       0
       0
       0
       0
       0
       0
       0
       0
       0
       0
       0
       0
       1
       0
       0
       0
       0
       0
       0
       0
       0
       0
       0
       0
       1
       0
       0
       0
       0
       0
       0
       0
       0
       0
       0
       0
       0
       0
       0
       0
       0
       0
       0
       0
       0
       0
       0
       0
       0
       0
       0
       0
       0
       0
       0
       0
       0
       0
       0
       0
       0
       0
       0
       0
       0
       0
       0
       0
       0
       0
       0
       0
       0
       0
       0
       0
       0
       0
       0
       0
       0
       0
       0
       0
       0
       0
       1
       0
       0
       1
       0
       0
       0
       0
       0
       0
       0
       0
       0
       0
       0
       0
       0
       0
       0
       0
       0
       0
       0
       0
       0
       0
       1
       0
       1
       1
       0
       0
       0
       0
       0
       0
       0
       0
       0
       0
       0
       0
       0
       0
       0
       0
       0
       0
       0
       0
       0
       0
       0
       0
       0
       0
       0
       0
       0
       0
       0
       0
       0
       0
       0
       0
       0
       0
       0
       0
       0
       0
       0
       0
       0
       0
       0
       0
       0
       0
       0
       0
       0
       0
       0
       0
       0
       0
       0
       0
       0
       0
       0
       0
       0
       0
       0
       0
       0
       0
       0
       0
       0
       0
       0
       0
       0
       0
       0
       0
       0
       0
       0
       0
       0
       0
       0
       0
       0
       0
       0
       0
       0
       0
       0
       0
       0
       0
       0
       0
       0
       0
       0
       0
       0
       0
       0
       0
       0
       0
       0
       0
       0
       0
       0
       0
       0
       0
       0
       0
       0
       0
       0
       0
       0
       0
       0
       0
       0
       0
       0
       0
       0
       0
       0
       0
       0
       0
       0
       0
       0
       0
       0
       0
       0
       0
       0
       0
       0
       0
       0
       0
       0
       0
       0
       0
       0
       0
       0
       0
       0
       0
       0
       0
       0
       0
       0
       0
       0
       0
       0
       0
       0
       0
       0
       0
       0
       0
       0
       0
       1
       0
       0
       0
       0
       0
       0
       0
       0
       0
       0
       0
       0
       0
       0
       0
       0
       0
       0
       0
       0
       0
       0
       0
       0
       0
       0
       0
       0
       0
       0
       0
       0
       0
       0
       0
       0
       0
       0
       0
       0
       0
       0
       0
       0
       0
       0
       0
       0
       0
       0
       0
       0
       0
       0
       0
       0
       0
       0
       0
       0
       0
       0
       0
       0
       0
       0
       0
       0
       1
       0
       0
       0
       0
       0
       0
       0
       0
       0
       0
       0
       0
       0
       0
       0
       0
       0
       0
       0
       0
       0
       0
       0
       0
       0
       0
       0
       0
       0
       0
       0
       0
       0
       0
       0
       0
       0
       0
       0
       0
       0
       0
       0
       0
       0
       0
       0
       0
       0
       0
       0
       0
       0
       0
       0
       0
       0
       0
       0
       0
       0
       0
       1
       0
       0
       0
       0
       0
       0
       0
       0
       0
       0
       0
       0
       0
       0
       0
       0
       0
       0
       0
       0
       0
       0
       0
       0
       0
       0
       0
       0
       0
       0
       0
       0
       0
       0
       0
       0
       0
       0
       0
       0
       0
       0
       0
       0
       0
       0
       0
       0
       0
       0
       0
       0
       0
       0
       0
       0
       0
       0
       0
       0
       0
       0
       0
       0
       0
       0
       0
       0
       0
       0
       0
       0
       0
       0
       0
       0
       0
       0
       0
       0
       0
       0
       0
       0
       0
       0
       0
       0
       0
       0
       0
       0
       0
       0
       0
       0
       0
       0
       0
       0
       0
       0
       0
       0
       0
       0
       0
       0
       0
       0
       0
       0
       0
       0
       0
       0
       0
       0
       0
       0
       0
       0
       0
       0
       0
       0
       0
       0
       0
       0
       0
       0
       0
       0
       0
       0
       0
       0
       0
       0
       0
       0
       0
       0
       0
       0
       0
       0
       0
       0
       0
       0
       0
       0
       0
       0
       0
       0
       0
       0
       0
       0
       0
       0
       0
       0
       0
       0
       0
       0
       0
       0
       0
       0
       0
       0
       0
       0
       0
       0
       0
       0
       0
       0
       0
       0
       0
       0
       0
       0
       0
       0
       0
       0
       0
       0
       0
       0
       0
       0
       0
       0
       0
       0
       0
       0
       0
       0
       0
       0
       0
       0
       0
       0
       0
       0
       0
       0
       0
       0
       0
       0
       0
       0
       0
       0
       0
       0
       0
       0
       0
       0
       0
       0
       0
       0
       0
       0
       0
       0
       0
       0
       0
       0
       0
       0
       0
       1
       0
       0
       0
       0
       0
       0
       0
       0
       0
       0
       0
       0
       0
       0
       0
       0
       0
       0
       0
       0
       0
       0
       0
       0
       0
       0
       0
       1
       0
       0
       0
       0
       0
       0
       0
       0
       0
       0
       0
       0
       0
       0
       0
       0
       0
       0
       0
       0
       0
       0
       0
       0
       0
       0
       0
       1
       0
       0
       0
       0
       0
       0
       0
       0
       0
       0
       0
       0
       0
       0
       0
       0
       0
       0
       0
       0
       0
       0
       0
       0
       0
       0
       0
       0
       0
       0
       0
       0
       0
       0
       0
       0
       0
       0
       0
       0
       0
       0
       0
       0
       0
       0
       0
       0
       0
       0
       0
       0
       0
       0
       0
       0
       0
       0
       0
       0
       0
       0
       0
       0
       0
       0
       0
       0
       0
       0
       0
       0
       0
       0
       0
       0
       0
       0
       0
       0
       0
       0
       0
       0
       0
       0
       0
       0
       0
       0
       0
       0
       0
       0
       0
       0
       0
       0
       0
       0
       0
       0
       0
       0
       0
       0
       0
       0
       0
       0
       0
       0
       0
       0
       0
       0
       0
       0
       0
       0
       0
       0
       0
       0
       0
       0
       0
       0
       0
       0
       0
       0
       0
       0
       0
       0
       0
       0
       0
       0
       0
       0
       0
       0
       0
       0
       0
       0
       0
       0
       0
       0
$ROI:
2
433 561
981 1139
$PRESETS:
None
0
0
$ENER_FIT:
-54.092594 1.465894
$MCA_CAL:
3
-5.409259E+001 1.465894E+000 -4.602540E-005 keV
$SHAPE_CAL:
3
-5.474841E+001 2.638014E-001 -1.572140E-004
