$SPEC_ID:
No sample description was entered.
$SPEC_REM:
DET# 4
DETDESC# RBS-D MCB 129 Input 2
AP# Maestro Version 6.08
$DATE_MEA:
01/01/2008 01:26:29
$MEAS_TIM:
1 1
$DATA:
0 2047
       0
       0
       0
       0
       0
      20
       7
      11
      17
      13
      13
       7
      10
       5
      11
      11
      12
       9
       8
       9
      12
       9
       8
      16
      28
      36
      48
      45
      64
      50
      31
      29
      21
      16
      16
      23
      13
       6
      10
       7
       9
      12
      11
       2
      11
      10
       8
      10
      10
       7
       8
       9
      15
      16
      10
      12
      14
       8
       8
      17
       9
       8
      13
       6
      14
      12
      13
       9
      14
      11
      11
      15
       8
       6
      12
      13
      16
      10
      10
      13
      11
      10
      13
      12
      12
       7
      15
      10
      11
      10
      15
       9
      11
      13
      13
      10
       9
      12
       7
      11
       7
      12
      17
       9
      11
      13
      22
       8
      10
      11
      14
       7
      16
      11
      21
       6
      16
      11
       8
       6
      11
      15
       9
       6
      15
      15
      17
      15
       9
       5
      12
       5
      14
       8
      15
      11
       8
       8
       8
      14
      12
       9
      15
      19
      14
      14
      12
      18
      17
       8
      16
      18
      26
       9
      24
      14
      15
      11
      14
      14
      19
      11
       7
      13
      14
      13
      13
       8
      15
       7
      11
      17
      17
       9
      16
      17
      14
      17
      14
      13
      11
      13
      12
       9
      14
      12
       6
      20
      11
      14
      10
      10
      13
      11
      10
       8
      10
      10
      15
      12
      12
      14
      11
      16
       7
      13
      10
      16
       4
       8
       5
      13
      17
       9
       7
      14
       9
       9
      11
      12
      12
      14
       7
      11
      14
      11
      11
       4
      12
       8
      12
      10
       9
       9
      10
       6
      10
      10
      10
       7
      13
      10
       9
       7
       7
       6
       9
       8
      10
       7
       6
       9
      12
       7
       6
       9
       6
       7
      12
       5
      11
      10
       9
      10
      14
       8
       6
      12
       7
       9
      12
       7
      11
      12
      10
      13
       6
       6
      15
      10
       6
       6
       7
       9
      17
      10
       4
      11
       3
      14
       5
       7
      12
       8
      11
      11
      10
       6
       6
       7
      13
      14
      11
       9
       4
       9
      11
      14
       8
       6
       8
      19
      10
      10
      14
      11
       5
      14
       6
      15
       6
       8
       7
      10
       7
       7
      12
       7
      10
      10
       6
       7
      10
      10
       5
       5
       8
      12
      12
       8
      11
       7
       8
       8
       6
      11
       5
       9
       3
       7
       6
      12
       7
       3
       8
       8
       6
       4
       5
       4
       1
      10
       4
       6
       5
       6
       6
       4
       7
       3
       4
       6
       3
       3
       6
       2
       3
       3
       3
       6
       5
       1
       2
       5
       2
       2
       4
       4
       4
       2
       3
       1
       6
       0
       2
       3
       1
       1
       3
       2
       5
       0
       1
       1
       3
       1
       3
       3
       2
       0
       1
       1
       0
       2
       1
       1
       1
       0
       1
       2
       1
       1
       3
       4
       1
       1
       3
       1
       3
       2
       2
       0
       3
       3
       1
       1
       0
       2
       2
       1
       1
       1
       0
       3
       1
       1
       6
       3
       4
       2
       0
       2
       5
       4
       1
       2
       4
       4
       3
       8
      11
       6
       9
       9
      10
       8
      10
      11
      12
       9
      13
      13
      21
      35
      34
      28
      29
      28
      38
      40
      34
      39
      37
      50
      49
      43
      55
      61
      62
      50
      54
      51
      58
      71
      66
      55
      77
      64
      56
      64
      69
      55
      58
      62
      56
      49
      51
      46
      52
      62
      43
      41
      35
      35
      43
      36
      27
      26
      18
      28
      20
      21
      22
      21
      14
      14
      22
      16
       5
      10
       7
       9
       9
       8
       6
       1
       3
       4
       3
       5
       3
       0
       6
       2
       1
       1
       2
       0
       0
       0
       0
       0
       0
       2
       0
       0
       0
       0
       1
       1
       0
       0
       0
       0
       0
       0
       0
       0
       0
       0
       1
       0
       0
       1
       1
       0
       0
       0
       0
       1
       0
       0
       0
       0
       1
       1
       2
       0
       0
       1
       0
       0
       0
       0
       1
       0
       0
       0
       0
       0
       0
       0
       0
       0
       2
       0
       0
       0
       0
       0
       0
       0
       0
       1
       0
       0
       0
       0
       0
       0
       0
       0
       1
       1
       1
       0
       1
       1
       0
       0
       0
       0
       1
       0
       0
       0
       3
       0
       1
       0
       1
       2
       1
       0
       0
       1
       0
       1
       0
       1
       0
       0
       0
       1
       0
       1
       0
       0
       0
       1
       0
       0
       0
       0
       0
       1
       0
       2
       0
       0
       0
       1
       0
       0
       1
       1
       0
       1
       1
       0
       0
       0
       0
       1
       0
       0
       0
       0
       0
       0
       0
       0
       0
       0
       1
       0
       0
       0
       0
       0
       0
       0
       2
       1
       1
       0
       0
       0
       0
       0
       0
       2
       0
       0
       0
       0
       0
       1
       1
       1
       0
       0
       1
       1
       0
       0
       0
       0
       0
       0
       1
       1
       0
       1
       0
       0
       0
       0
       0
       0
       0
       0
       0
       0
       1
       0
       0
       0
       0
       0
       0
       0
       1
       0
       0
       0
       0
       1
       0
       0
       0
       1
       0
       0
       0
       2
       0
       1
       0
       0
       0
       0
       0
       1
       0
       0
       0
       0
       0
       0
       0
       0
       0
       0
       0
       0
       1
       0
       0
       0
       0
       0
       0
       0
       0
       0
       0
       0
       0
       0
       0
       0
       1
       0
       0
       0
       1
       1
       0
       0
       0
       0
       1
       0
       0
       0
       0
       0
       1
       0
       0
       0
       0
       0
       0
       0
       0
       0
       0
       0
       0
       0
       0
       0
       0
       0
       0
       0
       0
       0
       0
       0
       0
       1
       0
       0
       0
       0
       0
       0
       0
       1
       0
       0
       0
       0
       1
       0
       0
       0
       1
       0
       0
       0
       0
       0
       0
       0
       0
       0
       0
       0
       0
       0
       0
       0
       0
       0
       0
       0
       0
       0
       1
       0
       0
       0
       0
       1
       0
       0
       0
       0
       0
       0
       0
       0
       0
       0
       0
       0
       0
       0
       0
       0
       0
       0
       0
       0
       0
       0
       0
       0
       0
       0
       0
       0
       0
       0
       0
       0
       0
       0
       0
       0
       0
       1
       0
       0
       1
       0
       0
       0
       0
       1
       0
       1
       0
       0
       0
       0
       0
       0
       0
       2
       0
       0
       0
       1
       0
       0
       0
       0
       0
       1
       0
       0
       0
       0
       0
       0
       0
       0
       0
       0
       1
       0
       0
       0
       0
       0
       0
       0
       1
       0
       0
       0
       0
       1
       0
       0
       0
       0
       0
       0
       1
       0
       1
       0
       1
       0
       0
       0
       0
       0
       0
       0
       1
       0
       0
       0
       0
       1
       0
       1
       0
       0
       0
       0
       0
       0
       1
       0
       0
       0
       0
       0
       0
       0
       0
       0
       0
       0
       0
       0
       0
       0
       0
       0
       0
       0
       1
       0
       0
       0
       0
       1
       0
       0
       0
       0
       0
       0
       0
       0
       0
       0
       0
       0
       0
       0
       0
       0
       0
       0
       0
       0
       0
       0
       0
       0
       0
       0
       0
       0
       0
       0
       0
       1
       0
       0
       0
       0
       0
       0
       0
       1
       0
       0
       0
       0
       0
       0
       0
       0
       0
       0
       0
       0
       0
       0
       0
       0
       0
       0
       0
       0
       0
       0
       0
       0
       0
       0
       0
       0
       0
       0
       0
       0
       0
       0
       0
       0
       0
       0
       0
       0
       0
       0
       0
       0
       0
       0
       0
       0
       0
       0
       0
       0
       0
       0
       0
       0
       0
       0
       0
       0
       0
       0
       0
       0
       0
       0
       0
       0
       0
       0
       0
       0
       0
       0
       0
       0
       0
       0
       0
       0
       0
       0
       0
       0
       0
       0
       0
       0
       0
       0
       0
       0
       0
       0
       0
       0
       0
       0
       0
       0
       0
       0
       0
       0
       0
       0
       0
       0
       0
       0
       0
       1
       0
       0
       0
       0
       0
       0
       0
       0
       0
       0
       0
       0
       0
       0
       0
       0
       0
       0
       0
       0
       0
       0
       0
       0
       0
       0
       0
       0
       0
       0
       0
       0
       0
       0
       0
       0
       0
       0
       0
       0
       0
       0
       0
       0
       0
       0
       0
       0
       0
       0
       0
       0
       0
       0
       0
       0
       0
       0
       0
       0
       0
       0
       0
       0
       1
       0
       0
       0
       0
       0
       0
       0
       0
       0
       0
       0
       0
       0
       0
       0
       0
       0
       0
       0
       0
       0
       0
       0
       0
       0
       0
       0
       0
       0
       0
       0
       0
       0
       0
       0
       0
       0
       0
       0
       0
       0
       0
       0
       0
       0
       0
       0
       0
       0
       0
       0
       0
       0
       0
       0
       0
       0
       0
       0
       0
       0
       0
       0
       0
       0
       0
       0
       0
       0
       0
       0
       0
       0
       0
       0
       0
       0
       0
       0
       0
       0
       0
       0
       0
       0
       0
       0
       0
       0
       0
       0
       0
       0
       0
       0
       0
       0
       0
       0
       0
       0
       0
       0
       0
       0
       0
       0
       0
       0
       0
       0
       0
       0
       0
       0
       0
       0
       0
       0
       0
       0
       0
       0
       0
       0
       0
       0
       0
       0
       0
       0
       0
       0
       0
       0
       0
       0
       0
       0
       0
       0
       0
       0
       0
       0
       0
       0
       0
       0
       0
       0
       0
       0
       0
       0
       0
       0
       0
       0
       0
       0
       0
       0
       0
       0
       0
       0
       0
       0
       0
       0
       0
       0
       0
       0
       0
       0
       0
       0
       0
       0
       0
       0
       0
       0
       0
       0
       0
       0
       0
       0
       0
       0
       0
       0
       0
       0
       0
       0
       0
       0
       0
       0
       0
       0
       0
       0
       0
       0
       0
       0
       0
       0
       0
       0
       0
       0
       0
       0
       0
       0
       0
       0
       0
       0
       0
       0
       0
       0
       0
       0
       0
       0
       0
       0
       0
       0
       0
       0
       0
       0
       0
       0
       0
       0
       0
       0
       0
       0
       0
       0
       0
       0
       0
       0
       0
       0
       0
       0
       0
       0
       0
       0
       0
       0
       0
       0
       0
       0
       0
       0
       0
       0
       0
       0
       0
       0
       0
       0
       0
       0
       0
       0
       0
       0
       0
       0
       0
       0
       0
       0
       0
       0
       0
       0
       0
       0
       0
       0
       0
       0
       0
       0
       0
       0
       0
       0
       0
       0
       0
       0
       0
       0
       0
       0
       0
       0
       0
       0
       0
       0
       0
       0
       0
       0
       0
       0
       0
       0
       0
       0
       0
       0
       0
       0
       0
       0
       0
       0
       0
       0
       0
       0
       0
       0
       0
       0
       0
       0
       0
       0
       0
       0
       0
       0
       0
       0
       0
       0
       0
       0
       0
       0
       0
       0
       0
       0
       0
       0
       0
       0
       0
       0
       0
       0
       0
       0
       0
       0
       0
       0
       0
       0
       0
       0
       0
       0
       0
       0
       0
       0
       0
       0
       0
       0
       0
       0
       0
       0
       0
       0
       0
       0
       0
       0
       0
       0
       0
       0
       0
       0
       0
       0
       0
       0
       0
       0
       0
       0
       0
       0
       0
       0
       0
       0
       0
       0
       0
       0
       0
       0
       0
       0
       0
       0
       0
       0
       0
       0
       0
       0
       0
       0
       0
       0
       0
       0
       0
       0
       0
       0
       0
       0
       0
       0
       0
       0
       0
       0
       0
       0
       0
       0
       0
       0
       0
       0
       0
       0
       0
       0
       0
       0
       0
       0
       0
       0
       0
       0
       0
       0
       0
       0
       0
       0
       0
       0
       0
       0
       0
       0
       0
       0
       0
       0
       0
       0
       0
       0
       0
       0
       0
       0
       0
       0
       0
       0
       0
       0
       0
       0
       0
       0
       0
       0
       0
       0
       0
       0
       0
       0
       0
       0
       0
       0
       0
       0
       0
       0
       0
       0
       0
       0
       0
       0
       0
       0
       0
       0
       0
       0
       0
       0
       0
       0
       0
       0
       0
       0
       0
       0
       0
       0
       0
       0
       0
       0
       0
       0
       0
       0
       0
       0
       0
       0
       0
       0
       0
       0
       0
       0
       0
       0
       0
       0
       0
       0
       0
       0
       0
       0
       0
       0
       0
       0
       0
       0
       0
       0
       0
       0
       0
       0
       0
       0
       0
       0
       0
       0
       0
       0
       0
       0
       0
       0
       0
       0
       0
       0
       0
       0
       0
       0
       0
       1
       0
       0
       0
       0
       0
       0
       0
       0
       0
       0
       0
       0
       0
       0
       0
       0
       0
       0
       0
       0
       0
       0
       0
       0
       0
       0
       0
       0
       0
       0
       0
       0
       0
       0
       0
       0
       0
       0
       0
       0
       0
       0
       0
       0
       0
       0
       0
       0
       0
       0
       0
       0
       0
       0
       0
       0
       0
       0
       0
       0
       0
       0
       0
       0
       0
       0
       0
       0
       0
       0
       0
       0
       0
       0
       0
       0
       0
       0
       0
       0
       0
       0
       0
       0
       0
       0
       0
       0
       0
       0
       0
       0
       0
       0
       0
       0
       0
       0
       0
       0
       0
       0
       0
       0
       0
       0
       0
       0
       0
       0
       0
       0
       0
       0
       0
       0
       0
       0
       0
       0
       0
       0
       0
       0
       0
       0
       0
       0
       0
       0
       0
       0
       0
       0
       0
       0
       0
       0
       0
       0
       0
       0
       0
       0
       0
       0
       0
       0
       0
       0
       0
       0
       0
       0
       0
       0
       0
       0
       0
       0
       0
       0
       0
       0
       0
       0
       0
       0
       0
       0
       0
       0
       0
       0
       0
       0
       0
       0
       0
       0
$ROI:
2
433 561
981 1139
$PRESETS:
None
0
0
$ENER_FIT:
-54.092594 1.465894
$MCA_CAL:
3
-5.409259E+001 1.465894E+000 -4.602540E-005 keV
$SHAPE_CAL:
3
-5.474841E+001 2.638014E-001 -1.572140E-004
