$SPEC_ID:
No sample description was entered.
$SPEC_REM:
DET# 4
DETDESC# RBS-D MCB 129 Input 2
AP# Maestro Version 6.08
$DATE_MEA:
01/01/2008 06:11:37
$MEAS_TIM:
1026 1040
$DATA:
0 2047
       0
       0
       0
       0
       0
     444
     225
     258
     288
     292
     296
     296
     310
     296
     329
     330
     306
     379
     333
     357
     360
     409
     408
     420
     395
     437
     425
     415
     416
     384
     403
     429
     404
     450
     432
     479
     483
     524
     486
     529
     527
     580
     582
     621
     656
     687
     735
     796
     787
     846
     903
     929
     948
     975
    1035
    1078
    1008
    1125
    1185
    1229
    1304
    1258
    1265
    1388
    1378
    1425
    1358
    1402
    1458
    1457
    1435
    1405
    1469
    1407
    1512
    1481
    1451
    1474
    1447
    1414
    1396
    1475
    1438
    1351
    1391
    1396
    1379
    1462
    1417
    1414
    1388
    1337
    1407
    1327
    1424
    1341
    1346
    1393
    1287
    1350
    1362
    1305
    1317
    1321
    1228
    1289
    1283
    1292
    1307
    1178
    1228
    1219
    1171
    1204
    1149
    1155
    1199
    1112
    1117
    1118
    1071
    1173
    1106
    1123
    1080
    1044
     984
    1029
    1042
     991
     978
    1001
     997
     948
     963
     924
     997
     891
     887
     893
     893
     914
     914
     873
     823
     875
     881
     815
     860
     836
     809
     850
     823
     824
     810
     803
     827
     824
     778
     801
     783
     802
     769
     757
     794
     809
     849
     791
     792
     828
     821
     829
     849
     831
     827
     832
     801
     793
     796
     772
     767
     730
     777
     709
     760
     791
     725
     757
     730
     695
     645
     601
     644
     591
     656
     579
     624
     588
     558
     508
     616
     533
     567
     506
     490
     505
     470
     551
     523
     521
     528
     446
     509
     468
     443
     461
     490
     501
     481
     448
     462
     495
     472
     440
     473
     430
     479
     429
     446
     486
     454
     443
     432
     447
     421
     414
     431
     426
     438
     399
     351
     408
     390
     394
     372
     379
     354
     420
     386
     378
     335
     387
     339
     362
     374
     347
     361
     371
     368
     340
     363
     343
     354
     374
     356
     342
     361
     352
     334
     370
     333
     361
     376
     348
     341
     332
     354
     331
     324
     327
     322
     300
     268
     321
     278
     296
     265
     303
     285
     270
     271
     293
     266
     262
     281
     266
     261
     273
     276
     244
     249
     251
     290
     268
     267
     254
     257
     264
     243
     238
     246
     228
     261
     259
     235
     233
     230
     223
     240
     231
     242
     218
     212
     246
     258
     228
     220
     241
     249
     205
     194
     187
     222
     224
     221
     202
     237
     236
     193
     230
     231
     213
     217
     215
     202
     197
     215
     205
     211
     258
     230
     235
     202
     204
     231
     222
     250
     236
     216
     201
     233
     208
     215
     209
     212
     227
     249
     201
     212
     210
     204
     237
     206
     211
     241
     206
     223
     214
     231
     212
     211
     200
     224
     206
     209
     211
     204
     232
     228
     219
     206
     199
     194
     213
     190
     188
     196
     211
     209
     208
     194
     189
     203
     199
     191
     214
     193
     183
     172
     199
     197
     183
     190
     197
     184
     194
     184
     188
     192
     199
     168
     194
     208
     193
     194
     204
     203
     204
     207
     183
     174
     215
     208
     190
     182
     203
     192
     186
     196
     193
     201
     201
     215
     195
     167
     200
     213
     193
     194
     189
     213
     200
     216
     207
     185
     183
     187
     205
     190
     192
     182
     193
     193
     217
     209
     194
     174
     185
     179
     170
     184
     197
     185
     200
     193
     156
     173
     193
     172
     181
     208
     191
     165
     180
     144
     182
     159
     164
     172
     160
     173
     180
     169
     175
     169
     182
     185
     158
     179
     183
     185
     158
     166
     188
     157
     188
     147
     169
     174
     157
     175
     188
     186
     161
     167
     173
     162
     188
     171
     169
     166
     157
     160
     187
     161
     148
     171
     157
     158
     173
     150
     166
     164
     170
     178
     159
     162
     141
     177
     165
     156
     157
     177
     175
     183
     162
     169
     163
     159
     158
     184
     168
     162
     174
     147
     173
     161
     191
     166
     170
     188
     180
     161
     158
     168
     183
     180
     162
     153
     166
     157
     164
     180
     184
     169
     202
     157
     161
     162
     181
     180
     169
     184
     153
     169
     174
     158
     181
     160
     177
     173
     162
     185
     175
     188
     154
     191
     157
     192
     145
     179
     193
     179
     192
     159
     202
     159
     159
     190
     170
     173
     187
     202
     172
     166
     188
     174
     183
     162
     164
     188
     175
     190
     191
     194
     182
     192
     201
     192
     197
     194
     162
     184
     175
     208
     202
     177
     180
     211
     190
     196
     189
     187
     191
     167
     199
     194
     200
     189
     189
     194
     201
     186
     178
     184
     199
     190
     204
     165
     168
     197
     214
     197
     192
     203
     190
     203
     204
     205
     199
     179
     208
     190
     216
     182
     177
     195
     179
     163
     189
     178
     205
     177
     182
     176
     158
     186
     189
     175
     169
     182
     152
     164
     183
     173
     174
     167
     169
     170
     176
     172
     158
     147
     163
     160
     157
     182
     184
     146
     149
     136
     144
     151
     147
     127
     143
     160
     147
     148
     151
     141
     144
     144
     130
     142
     132
     133
     136
     134
     113
     142
     160
     103
     132
     129
     153
     120
     139
     149
     112
     133
     108
     123
     115
     117
     129
     137
     119
     126
     107
     103
     134
     119
     143
     117
     107
     114
     134
     111
     128
     133
     105
     115
     112
      99
     131
     113
     113
     121
     102
     110
     118
     115
     114
     119
     126
      99
     114
     107
     105
     114
     120
     102
     111
     103
     105
     118
      95
      92
     103
     103
     108
     110
      91
      99
     102
     105
      98
      98
     105
     106
     104
     106
     114
     118
     101
      99
      98
      89
     130
      96
     115
     125
     104
     113
     104
     115
     133
     127
     157
     138
     132
     143
     152
     154
     165
     188
     173
     174
     174
     186
     182
     216
     215
     220
     237
     218
     247
     249
     274
     287
     291
     266
     289
     301
     286
     331
     347
     333
     317
     319
     355
     351
     349
     363
     328
     391
     358
     365
     399
     423
     361
     388
     399
     367
     388
     346
     332
     382
     364
     349
     359
     344
     324
     324
     313
     306
     286
     284
     286
     266
     255
     250
     261
     226
     223
     212
     223
     176
     193
     182
     163
     171
     169
     164
     136
     137
     114
     135
     103
     110
      90
      81
      95
     104
      94
      91
      65
      68
      67
      69
      69
      69
      64
      60
      67
      77
      55
      42
      62
      52
      51
      62
      55
      59
      50
      52
      62
      67
      56
      69
      73
      72
      86
      84
     105
      83
      94
     100
     120
     113
     122
     121
     119
     145
     125
     166
     160
     152
     159
     173
     170
     180
     155
     205
     186
     209
     229
     217
     214
     241
     252
     226
     241
     260
     266
     278
     273
     279
     281
     287
     298
     276
     261
     285
     292
     300
     311
     283
     289
     257
     290
     283
     285
     267
     266
     270
     250
     234
     245
     275
     226
     217
     210
     201
     215
     245
     191
     177
     155
     182
     167
     166
     172
     132
     150
     135
     141
     111
     109
     124
      87
     102
     101
      82
      94
      83
      81
      77
      85
      69
      66
      59
      48
      50
      55
      51
      58
      55
      49
      46
      43
      37
      35
      37
      40
      34
      45
      39
      30
      41
      41
      30
      29
      39
      36
      19
      31
      37
      24
      27
      33
      32
      22
      24
      21
      36
      32
      33
      36
      32
      32
      40
      35
      42
      30
      34
      30
      30
      32
      38
      32
      32
      35
      29
      32
      35
      35
      25
      24
      22
      30
      28
      26
      21
      25
      28
      22
      25
      19
      22
      23
      20
      25
      29
      21
      19
      13
      27
      14
      10
      12
      16
      16
      14
      15
      16
       9
      13
      12
      13
      12
      16
       8
       7
      12
       8
       5
       9
       7
      13
       3
       6
       7
       5
       6
       5
       7
       4
       4
       5
       8
       8
       5
       7
       8
       7
      10
       7
       6
       8
       2
       5
       2
      10
       6
       3
       5
       9
       4
       6
       6
       5
       5
       9
       5
       8
       2
       3
       5
       4
       6
       5
       3
       7
       2
       6
       6
       5
       8
       5
       9
       5
       4
       6
       4
       8
       7
       5
       3
       6
       3
       9
       7
       1
       8
       3
       4
       2
       4
       4
       7
       2
       5
       3
       5
       3
       6
       4
       5
       5
       2
       3
       8
       4
       6
       4
       2
       7
       3
       9
       3
      10
       1
       2
       2
       3
       3
       4
       3
       8
       5
       5
       5
       1
       4
       8
       2
       2
       4
       8
       5
       3
       7
       6
       7
       5
       4
       5
       6
       5
       9
       5
       4
       4
       6
       5
       8
      10
       2
       7
       6
       8
       4
       4
       1
       9
       9
       3
       8
       4
      10
       7
       6
       6
       2
       6
       3
       7
       3
       8
       7
       6
       9
       6
       2
       6
       8
      10
       6
       6
       4
       9
       9
       5
       7
       3
       6
       3
       4
       3
       3
       7
       7
      10
       6
       7
       6
      10
       5
       7
       4
      10
       2
       5
       2
       4
       3
       6
       4
       4
       8
       2
       6
       7
       5
       5
       2
       3
       4
       6
       4
       3
       0
       5
       3
       2
       6
       1
       4
       5
       4
       2
      11
       4
       2
       2
       4
       4
       7
       0
       3
       7
       6
       1
       5
       1
       3
       1
       5
       2
       2
       1
       3
       2
       5
       4
       2
       5
       2
       3
       3
       3
       4
       4
       9
       2
       3
       0
       6
       2
       3
       6
       2
       2
       2
       6
       2
       3
       3
       2
       3
       3
       2
       1
       3
       4
       2
       3
       6
       0
       4
       1
       4
       4
       2
       4
       0
       0
       4
       1
       1
       2
       4
       5
       2
       5
       6
       4
       1
       3
       3
       2
       6
       5
       3
       0
       3
       4
       1
       3
       6
       4
       2
       3
       2
       1
       4
       3
       0
       2
       2
       2
       4
       0
       3
       2
       0
       2
       1
       4
       4
       2
       2
       3
       2
       2
       0
       3
       2
       1
       0
       1
       2
       1
       1
       0
       3
       2
       0
       5
       1
       1
       1
       0
       2
       1
       2
       1
       2
       4
       3
       6
       3
       1
       1
       5
       3
       0
       2
       2
       5
       4
       2
       3
       2
       1
       3
       4
       1
       2
       1
       2
       4
       3
       1
       1
       4
       1
       4
       2
       5
       0
       4
       3
       4
       1
       3
       1
       2
       5
       4
       5
       5
       2
       5
       1
       3
       2
       6
       3
       2
       4
       4
       7
       2
       2
       0
       3
       3
       9
       3
       5
       5
       3
       1
       3
       2
       1
       1
       1
       4
       5
       4
       3
       5
       4
       0
       1
       6
       2
       6
       4
       1
       3
       4
       4
       3
       3
       3
       8
       1
       4
       2
       2
       1
       8
       4
       0
       3
       3
       3
       6
       4
       5
       5
       2
       4
       1
       9
       4
       5
       0
       5
       1
       3
       4
       1
       1
       2
       2
       3
       3
       0
       2
       1
       3
       2
       0
       4
       2
       3
       4
       4
       1
       4
       4
       7
       0
       7
       5
       2
       5
       2
       3
       2
       2
       2
       5
       2
       4
       1
       3
       1
       3
       1
       2
       5
       3
       2
       2
       2
       1
       0
       4
       1
       1
       1
       6
       3
       4
       1
       1
       3
       2
       4
       4
       1
       2
       2
       3
       6
       2
       2
       1
       3
       3
       0
       4
       2
       0
       3
       5
       1
       4
       1
       0
       2
       1
       1
       4
       2
       6
       3
       1
       5
       4
       4
       5
       3
       4
       2
       1
       2
       4
       1
       2
       0
       2
       0
       2
       3
       2
       2
       3
       0
       1
       3
       2
       1
       0
       0
       2
       1
       4
       0
       0
       1
       2
       2
       1
       0
       1
       1
       2
       0
       1
       0
       0
       1
       0
       0
       2
       2
       0
       1
       1
       1
       2
       0
       0
       2
       2
       1
       1
       2
       0
       0
       0
       0
       1
       1
       2
       1
       2
       3
       2
       5
       0
       3
       0
       1
       2
       1
       0
       0
       1
       0
       1
       1
       0
       0
       1
       2
       1
       1
       1
       0
       1
       1
       0
       0
       0
       1
       1
       1
       1
       3
       0
       0
       0
       1
       0
       2
       0
       2
       3
       2
       3
       0
       0
       0
       1
       0
       2
       4
       2
       2
       0
       0
       0
       2
       2
       0
       1
       0
       0
       2
       2
       0
       2
       0
       1
       0
       2
       1
       1
       3
       1
       4
       0
       1
       0
       4
       2
       4
       1
       2
       3
       2
       2
       0
       2
       2
       0
       2
       0
       2
       0
       1
       4
       1
       2
       2
       0
       2
       0
       3
       0
       3
       4
       1
       2
       2
       4
       0
       3
       2
       3
       6
       1
       3
       2
       2
       2
       1
       5
       2
       5
       3
       2
       3
       4
       3
       3
       2
       3
       3
       3
       2
       4
       4
       3
       2
       1
       3
       6
       4
       7
       6
       2
       2
       4
       3
       4
       2
       3
       2
       7
       3
       5
       3
       7
       8
       2
       2
       3
       1
       0
       4
       0
       2
       3
       2
       1
       0
       0
       1
       2
       4
       1
       0
       0
       1
       1
       3
       1
       2
       0
       0
       1
       3
       3
       2
       1
       1
       0
       0
       2
       2
       0
       1
       2
       0
       0
       0
       3
       1
       1
       2
       0
       1
       0
       1
       2
       0
       0
       2
       1
       0
       0
       0
       0
       0
       0
       0
       0
       0
       1
       1
       1
       0
       0
       1
       2
       0
       0
       0
       0
       0
       1
       0
       0
       0
       0
       0
       0
       0
       0
       1
       0
       0
       0
       0
       1
       0
       0
       0
       0
       0
       0
       0
       0
       0
       1
       0
       0
       0
       1
       0
       0
       0
       0
       0
       0
       0
       0
       0
       0
       0
       0
       0
       0
       0
       0
       0
       0
       0
       0
       0
       0
       0
       0
       0
       0
       0
       0
       0
       0
       0
       0
       0
       0
       0
       0
       0
       0
       0
$ROI:
3
802 910
919 1048
1812 1935
$PRESETS:
None
0
0
$ENER_FIT:
-43.015625 1.438746
$MCA_CAL:
3
-4.301563E+001 1.438746E+000 -3.635760E-005 keV
$SHAPE_CAL:
3
5.967719E+001 -6.308020E-002 3.454509E-005
