$SPEC_ID:
No sample description was entered.
$SPEC_REM:
DET# 4
DETDESC# RBS-D MCB 129 Input 2
AP# Maestro Version 6.08
$DATE_MEA:
01/01/2008 05:59:09
$MEAS_TIM:
500 507
$DATA:
0 2047
       0
       0
       0
       0
       0
     213
     110
     120
     141
     149
     164
     126
     141
     137
     143
     157
     159
     164
     176
     175
     161
     168
     195
     198
     222
     224
     198
     209
     204
     195
     211
     225
     215
     192
     198
     247
     227
     219
     264
     278
     253
     283
     296
     303
     319
     317
     345
     348
     417
     414
     437
     465
     488
     495
     505
     522
     554
     533
     559
     600
     641
     629
     608
     655
     694
     686
     688
     676
     703
     708
     717
     710
     725
     693
     701
     697
     734
     719
     763
     653
     701
     695
     685
     658
     656
     714
     663
     686
     661
     673
     710
     696
     660
     689
     689
     620
     655
     650
     657
     638
     646
     651
     643
     621
     578
     602
     616
     635
     636
     599
     598
     570
     574
     594
     533
     589
     585
     542
     555
     524
     578
     479
     517
     526
     567
     507
     495
     516
     455
     491
     502
     511
     454
     463
     457
     451
     442
     477
     412
     472
     425
     465
     438
     427
     455
     438
     399
     426
     398
     408
     401
     404
     446
     395
     401
     418
     396
     370
     389
     418
     349
     363
     392
     387
     362
     400
     370
     403
     416
     367
     371
     423
     389
     377
     391
     362
     379
     373
     397
     362
     361
     404
     383
     332
     362
     355
     338
     343
     338
     329
     310
     344
     325
     315
     270
     321
     291
     315
     257
     281
     292
     275
     237
     299
     241
     271
     249
     266
     242
     255
     217
     248
     251
     246
     238
     243
     235
     233
     231
     235
     237
     232
     232
     191
     222
     227
     221
     213
     240
     192
     229
     216
     207
     210
     206
     189
     205
     220
     222
     189
     181
     213
     161
     169
     184
     182
     198
     203
     177
     217
     172
     187
     224
     186
     212
     184
     190
     175
     224
     192
     208
     176
     206
     187
     163
     186
     145
     190
     151
     161
     183
     180
     170
     153
     146
     177
     168
     158
     152
     177
     148
     178
     166
     155
     137
     137
     142
     131
     140
     146
     126
     146
     122
     124
     135
     130
     147
     114
     129
     121
     124
     128
     133
     140
     123
     119
     121
     115
     111
     123
     111
     103
     122
     148
     115
     136
     122
     104
     106
     112
     105
     130
     133
     115
     107
     129
     108
     117
     106
     117
     100
     105
     132
     112
     100
     116
     102
     104
     119
     136
     107
     114
     120
     118
     119
     121
     108
     112
     114
     121
      86
      89
     100
     109
     107
     104
      82
     111
      92
     121
     115
     101
      96
     105
     113
     109
     119
     114
     103
      84
     109
     110
     100
     111
      99
     105
      73
     100
      86
     107
      97
     102
     114
     101
     115
     111
     102
     112
      99
     100
     103
      91
      99
     104
      96
      75
      85
     108
     108
     114
     103
     104
      93
     104
     104
     103
      90
     102
     100
      84
      91
     102
      77
      88
      79
      74
     100
      81
     110
      89
      93
     105
     101
      86
      90
      85
     107
     102
     103
      98
      90
      89
      87
      92
      86
      92
     108
     102
      96
     108
      93
      99
      94
      95
     103
     118
     118
      91
     106
     100
      93
     104
     110
     101
     102
      96
     101
      84
      83
      87
      90
      88
      92
      81
      92
      98
      75
      89
      89
     102
      81
      80
     108
     102
      83
      95
      79
      81
      82
      90
      91
      94
      80
      75
      93
      88
      78
      84
      83
      72
      93
      74
      75
      74
      80
      75
      91
      89
      88
      93
      85
      92
      91
      80
      86
      83
      71
      84
     101
      90
      91
      80
      82
      83
      83
      74
      84
      88
      63
      84
      90
      78
      88
      89
      75
      63
      77
      79
      72
      61
      88
      86
      84
      90
      88
      94
      83
      71
      80
      73
      83
      75
      74
      93
      74
      96
      92
      75
      87
      86
      91
      73
      88
      85
      89
      80
      87
      90
      89
      77
      87
      82
      75
      73
      74
      96
      72
     105
      67
     100
     110
      82
      74
      82
      83
      88
     100
      68
      79
      83
      86
      84
     105
      81
      90
      91
      96
     114
      86
      87
      82
      81
      74
      94
      73
      92
      84
      76
      75
      93
      91
      91
      94
      90
      93
      88
      72
      75
      69
      95
      90
      92
      86
      79
      97
      72
      95
      80
     100
      85
      85
      78
      87
      88
      98
      66
      96
      84
      91
     117
      72
      87
      91
      82
      98
      72
      98
      93
      99
      93
      84
      98
      83
      86
      90
      90
      96
      94
      84
      98
      94
      90
      91
      97
      96
      92
     103
      85
      85
      81
      82
      89
      86
      85
     100
      92
      77
      97
     108
     102
      82
      89
      83
      89
      86
      80
     116
      95
      91
      76
      78
      74
      89
      81
      76
      69
      80
      82
      77
      85
      95
     103
      86
      80
      91
      79
      85
      79
      84
      75
      78
      82
      69
      74
      83
      69
      81
      59
      61
      79
      70
      57
      72
      74
      70
      63
      79
      76
      74
      82
      66
      68
      58
      49
      64
      61
      58
      75
      60
      58
      64
      52
      63
      66
      75
      68
      67
      51
      71
      64
      49
      50
      60
      61
      62
      40
      67
      55
      61
      63
      70
      59
      56
      57
      61
      77
      81
      68
      50
      64
      57
      72
      52
      59
      61
      63
      46
      62
      54
      54
      61
      51
      73
      56
      70
      61
      60
      66
      52
      52
      51
      41
      43
      48
      55
      59
      50
      49
      55
      45
      42
      30
      51
      50
      46
      58
      53
      46
      42
      52
      44
      49
      42
      51
      49
      26
      45
      37
      43
      57
      51
      42
      60
      42
      54
      78
      49
      58
      55
      59
      81
      68
      65
      57
      78
      83
      81
      85
      75
      90
     102
      90
     100
     107
     102
     122
     122
     109
     119
     133
     139
     140
     126
     147
     137
     132
     132
     166
     169
     163
     174
     180
     151
     160
     189
     185
     200
     165
     186
     194
     189
     184
     176
     167
     168
     188
     191
     157
     155
     183
     169
     152
     194
     155
     165
     138
     164
     133
     145
     129
     132
     125
     122
     105
     120
      90
     116
     103
      91
      82
      67
      82
      78
      58
      74
      71
      61
      60
      70
      56
      50
      48
      51
      51
      46
      50
      30
      41
      36
      29
      41
      34
      36
      32
      45
      35
      32
      20
      24
      35
      21
      21
      22
      34
      29
      21
      31
      40
      32
      41
      30
      34
      39
      26
      38
      39
      41
      48
      45
      53
      57
      62
      52
      62
      77
      70
      70
      82
      86
      79
      85
      90
      90
      73
      96
     104
     125
     102
     106
     127
     120
     113
     122
     116
     114
     109
     115
     139
     142
     141
     130
     137
     137
     137
     148
     126
     138
     149
     162
     134
     127
     147
     141
     122
     120
     102
     126
     105
     124
     114
     128
     103
      85
      89
     109
     107
      77
      96
     100
      77
      88
      82
      75
      85
      78
      70
      50
      54
      52
      62
      53
      67
      54
      32
      37
      53
      42
      36
      42
      38
      23
      23
      32
      15
      30
      25
      20
      31
      24
      21
      23
      19
      22
      19
      22
      18
      20
      14
       7
      14
      28
      28
      22
      17
      18
      14
      16
      13
      11
      17
      10
      18
      14
      20
      15
      15
      18
      13
      21
      13
      18
       8
      13
      21
      17
      12
      19
      17
      12
      12
      19
      15
      15
      17
      14
      15
      14
      15
       9
      16
       4
      14
       8
      14
      10
      12
      11
      12
       9
       6
      18
      13
      12
       6
      10
      10
       3
      14
       9
       3
       9
       7
       8
       5
      10
      10
       7
       2
       3
       6
       6
       5
       5
       3
       7
       5
       2
       3
       3
       6
       2
       4
       0
       3
       2
       3
       5
       3
       4
       2
      10
       5
       1
       6
       5
       3
       2
       1
       4
       2
       2
       2
       3
       2
       2
       3
       3
       4
       1
       2
       5
       3
       3
       1
       5
       4
       5
       3
       4
       2
       3
       1
       4
       1
       3
       3
       4
       1
       6
       1
       5
       4
       6
       4
       4
       3
       3
       2
       5
       3
       4
       4
       3
       0
       3
       3
       4
       4
       2
       2
       1
       2
       2
       5
       1
       1
       1
       2
       2
       2
       1
       3
       3
       3
       2
       0
       2
       2
       1
       4
       1
       3
       1
       1
       2
       1
       4
       3
       2
       1
       4
       2
       2
       3
       1
       1
       1
       3
       5
       3
       2
       4
       1
       2
       3
       2
       4
       1
       4
       5
       4
       3
       3
       3
       2
       3
       4
       2
       3
       3
       3
       3
       2
       2
       2
       1
       6
       3
       2
       2
       3
       2
       3
       2
       2
       4
       3
       2
       2
       0
       5
       1
       7
       1
       3
       1
       3
       1
       4
       1
       4
       3
       4
       5
       2
       0
       5
       1
       2
       1
       2
       3
       4
       2
       4
       5
       1
       3
       0
       3
       1
       1
       2
       1
       3
       5
       3
       2
       3
       4
       6
       1
       2
       2
       3
       0
       4
       4
       0
       1
       3
       3
       1
       1
       3
       1
       2
       1
       0
       6
       3
       2
       2
       3
       1
       2
       1
       2
       2
       2
       1
       3
       1
       1
       2
       2
       5
       3
       2
       0
       4
       2
       1
       1
       0
       0
       2
       4
       2
       1
       1
       0
       2
       2
       0
       1
       3
       3
       6
       3
       1
       2
       0
       0
       0
       3
       2
       1
       0
       2
       1
       1
       1
       3
       0
       4
       0
       3
       1
       0
       0
       1
       4
       0
       2
       1
       0
       1
       1
       1
       3
       3
       0
       5
       1
       0
       1
       0
       0
       0
       0
       0
       1
       1
       0
       0
       4
       2
       0
       1
       4
       1
       0
       1
       0
       0
       2
       1
       2
       1
       0
       1
       0
       3
       1
       2
       3
       3
       2
       2
       2
       0
       1
       0
       0
       0
       2
       1
       2
       0
       2
       0
       1
       3
       1
       1
       1
       0
       0
       0
       1
       1
       2
       2
       1
       1
       1
       0
       0
       1
       1
       1
       0
       3
       2
       0
       2
       2
       3
       2
       0
       4
       1
       2
       1
       2
       2
       3
       1
       0
       3
       1
       0
       0
       2
       0
       1
       1
       4
       2
       1
       2
       4
       4
       1
       1
       2
       2
       1
       0
       2
       2
       1
       0
       0
       3
       3
       3
       0
       3
       2
       1
       1
       2
       2
       2
       3
       4
       0
       0
       2
       0
       0
       9
       2
       2
       2
       0
       1
       0
       1
       2
       5
       5
       4
       0
       1
       0
       4
       4
       1
       0
       0
       1
       2
       0
       5
       3
       3
       2
       1
       2
       0
       1
       1
       1
       0
       1
       1
       1
       0
       3
       3
       1
       0
       3
       1
       5
       1
       2
       5
       1
       0
       2
       2
       3
       1
       0
       1
       1
       2
       0
       3
       3
       0
       0
       1
       2
       0
       4
       1
       0
       1
       1
       2
       0
       5
       3
       2
       2
       4
       2
       1
       3
       1
       2
       1
       3
       1
       2
       1
       3
       1
       2
       1
       1
       0
       0
       2
       0
       2
       1
       0
       1
       2
       1
       0
       3
       0
       1
       2
       2
       1
       1
       0
       1
       1
       0
       4
       1
       1
       3
       3
       3
       0
       2
       2
       1
       2
       0
       0
       2
       2
       0
       2
       1
       1
       0
       0
       1
       0
       1
       3
       2
       0
       1
       1
       1
       2
       0
       2
       2
       0
       2
       1
       0
       2
       3
       0
       1
       0
       1
       1
       3
       0
       0
       0
       0
       1
       0
       1
       1
       0
       2
       1
       1
       1
       1
       0
       0
       1
       2
       0
       0
       0
       0
       1
       1
       1
       3
       1
       2
       1
       0
       3
       1
       0
       1
       1
       2
       0
       2
       1
       1
       0
       0
       1
       1
       0
       0
       0
       2
       2
       0
       0
       0
       0
       1
       0
       1
       0
       0
       0
       1
       1
       2
       1
       0
       0
       2
       2
       0
       2
       0
       0
       0
       0
       0
       0
       0
       0
       3
       0
       1
       0
       0
       0
       0
       0
       0
       0
       0
       1
       0
       0
       1
       0
       0
       1
       0
       0
       0
       1
       1
       0
       1
       0
       0
       1
       1
       1
       0
       0
       0
       1
       1
       1
       0
       1
       1
       1
       2
       0
       0
       0
       0
       1
       0
       0
       0
       1
       2
       1
       2
       0
       0
       1
       1
       0
       2
       3
       0
       2
       1
       0
       2
       2
       0
       3
       1
       0
       2
       0
       1
       0
       1
       0
       2
       0
       1
       0
       4
       1
       2
       0
       1
       3
       1
       1
       1
       0
       1
       3
       2
       2
       1
       3
       4
       0
       1
       1
       1
       0
       1
       3
       1
       5
       0
       1
       3
       3
       2
       6
       0
       0
       1
       1
       1
       1
       0
       1
       1
       1
       1
       0
       1
       1
       1
       4
       1
       1
       1
       1
       3
       4
       2
       0
       0
       0
       1
       1
       3
       2
       3
       0
       1
       0
       2
       0
       0
       1
       1
       2
       1
       2
       0
       1
       0
       0
       4
       1
       1
       1
       2
       0
       1
       2
       0
       1
       0
       1
       0
       1
       0
       2
       2
       0
       0
       1
       0
       2
       1
       0
       0
       1
       0
       0
       0
       0
       1
       0
       0
       1
       0
       0
       0
       1
       0
       1
       0
       0
       0
       0
       0
       0
       0
       0
       1
       0
       0
       0
       0
       1
       0
       0
       0
       0
       0
       0
       0
       0
       0
       0
       0
       0
       0
       0
       0
       0
       0
       1
       0
       0
       0
       0
       0
       0
       0
       0
       0
       0
       0
       0
       0
       0
       0
       0
       0
       0
       0
       0
       0
       0
       0
       0
       0
       0
       0
       0
       0
       0
       0
       0
       0
       0
       0
       0
       0
       0
       0
       0
       0
       0
       0
       0
       0
       0
       0
$ROI:
3
802 910
919 1048
1812 1935
$PRESETS:
None
0
0
$ENER_FIT:
-43.015625 1.438746
$MCA_CAL:
3
-4.301563E+001 1.438746E+000 -3.635760E-005 keV
$SHAPE_CAL:
3
5.967719E+001 -6.308020E-002 3.454509E-005
