$SPEC_ID:
No sample description was entered.
$SPEC_REM:
DET# 4
DETDESC# RBS-D MCB 129 Input 2
AP# Maestro Version 6.08
$DATE_MEA:
01/01/2008 05:59:37
$MEAS_TIM:
622 631
$DATA:
0 2047
       0
       0
       0
       0
       0
     276
     141
     151
     172
     192
     201
     155
     183
     177
     184
     186
     205
     207
     214
     227
     210
     220
     247
     247
     280
     266
     248
     264
     248
     244
     258
     274
     278
     248
     264
     304
     280
     271
     317
     360
     333
     338
     356
     367
     398
     381
     436
     445
     524
     514
     545
     577
     601
     594
     615
     653
     677
     671
     675
     759
     783
     808
     772
     817
     854
     844
     847
     840
     888
     859
     890
     882
     885
     866
     881
     864
     914
     882
     954
     851
     877
     861
     880
     830
     815
     893
     826
     876
     818
     837
     892
     859
     840
     858
     857
     783
     816
     815
     813
     777
     806
     810
     807
     779
     733
     748
     776
     789
     778
     744
     739
     720
     726
     731
     646
     742
     725
     674
     687
     625
     701
     606
     637
     662
     694
     633
     615
     640
     584
     603
     630
     634
     569
     578
     575
     576
     556
     598
     509
     566
     524
     562
     534
     518
     552
     540
     494
     520
     505
     508
     505
     501
     538
     497
     500
     510
     497
     468
     490
     503
     441
     453
     487
     490
     455
     499
     469
     509
     507
     449
     463
     519
     472
     482
     497
     444
     482
     478
     483
     452
     439
     496
     469
     414
     450
     439
     407
     409
     428
     409
     379
     441
     402
     387
     332
     392
     358
     403
     325
     347
     358
     348
     305
     367
     311
     331
     303
     339
     300
     316
     289
     300
     303
     300
     292
     297
     286
     281
     292
     290
     291
     286
     279
     238
     286
     294
     285
     265
     303
     235
     283
     257
     248
     247
     255
     235
     257
     266
     274
     243
     237
     261
     210
     215
     225
     223
     245
     238
     225
     260
     222
     241
     263
     224
     256
     219
     231
     222
     266
     234
     263
     232
     250
     243
     216
     235
     191
     240
     183
     194
     222
     214
     207
     201
     184
     218
     204
     193
     185
     207
     192
     219
     196
     200
     168
     178
     171
     166
     164
     178
     156
     185
     145
     162
     160
     171
     179
     151
     171
     152
     144
     149
     161
     173
     151
     141
     150
     143
     145
     153
     135
     139
     153
     171
     138
     169
     151
     137
     132
     138
     128
     156
     162
     151
     136
     152
     134
     142
     131
     137
     125
     135
     162
     149
     125
     141
     116
     129
     148
     164
     143
     141
     156
     154
     138
     139
     127
     131
     145
     159
     109
     108
     134
     126
     141
     134
     115
     139
     132
     149
     136
     136
     120
     124
     140
     126
     145
     138
     130
     114
     129
     128
     124
     135
     119
     122
      98
     131
     109
     133
     125
     125
     144
     132
     140
     133
     123
     137
     123
     123
     124
     122
     130
     134
     114
      93
     106
     142
     138
     136
     124
     127
     117
     130
     122
     124
     113
     127
     123
     110
     119
     124
      89
     105
     103
      97
     124
     101
     138
     116
     110
     128
     118
     103
     118
     108
     129
     127
     118
     124
     114
     112
     106
     113
     112
     118
     131
     125
     124
     134
     111
     121
     114
     118
     117
     140
     147
     116
     128
     126
     119
     125
     134
     124
     127
     112
     135
     102
     105
     111
     115
     104
     119
     103
     131
     123
      96
     109
     112
     127
     103
     101
     132
     127
     103
     115
      93
     101
      97
     114
     106
     111
     105
      90
     112
     113
     108
      99
     107
      98
     110
      91
     100
      96
      89
     102
     109
     107
     107
     121
     111
     120
     109
     106
     109
     108
      88
     105
     125
     104
     107
     104
      98
     112
     107
      86
     106
     109
      82
     104
     109
     104
     106
     108
      89
      77
      92
      99
      92
      84
     101
     103
     105
     109
     100
     112
     108
      91
     103
      92
     104
      97
      95
     115
     100
     108
     118
      96
     112
     109
     118
      99
     105
     104
     113
      95
     112
     103
     116
      99
     104
      95
      93
     101
     102
     127
      89
     117
      86
     111
     133
     101
      92
     102
      97
     108
     117
      88
     102
      99
     105
     100
     131
      98
     111
     106
     108
     136
     112
     113
      98
     109
      88
     114
      96
     123
     105
     109
      98
     119
     113
     114
     105
     102
     110
     107
      89
      99
      87
     112
     117
     109
     110
      98
     115
      97
     127
      95
     124
     114
      99
      94
     110
     114
     118
      89
     120
     100
     120
     142
      96
     109
     110
     101
     117
      94
     126
     120
     123
     113
     105
     120
     106
     112
     117
     109
     123
     122
     105
     121
     109
     111
     121
     123
     109
     114
     125
     106
     106
     101
     107
     112
     104
     101
     118
     116
      96
     117
     125
     121
     105
     112
     103
     115
     105
      96
     140
     112
     118
     101
     106
      94
     110
     104
     103
      84
     102
     102
      95
     106
     115
     126
     110
      94
     118
     102
     114
      95
     101
      96
      90
     108
      87
      95
     105
      93
     104
      78
      73
     102
      95
      68
      93
      86
      83
      86
      89
      94
      92
      94
      89
      91
      81
      68
      80
      80
      75
      93
      74
      69
      87
      64
      81
      74
      93
      89
      81
      68
      83
      78
      65
      64
      74
      70
      75
      50
      85
      69
      79
      72
      82
      69
      73
      69
      74
      88
      93
      84
      78
      77
      80
      90
      65
      69
      75
      75
      52
      74
      66
      70
      78
      58
      86
      71
      83
      77
      75
      79
      60
      68
      58
      52
      56
      60
      69
      70
      69
      60
      71
      58
      56
      39
      64
      63
      56
      64
      70
      55
      53
      59
      57
      63
      50
      61
      59
      44
      53
      49
      53
      70
      61
      58
      74
      55
      64
      90
      59
      75
      71
      79
     100
      87
      84
      73
      98
      99
     100
     103
      96
     108
     126
     112
     130
     125
     126
     149
     146
     136
     146
     166
     178
     175
     155
     175
     163
     171
     170
     193
     211
     199
     215
     223
     193
     194
     231
     230
     243
     197
     227
     237
     237
     240
     220
     226
     213
     226
     237
     200
     197
     228
     216
     198
     247
     192
     202
     177
     204
     183
     174
     171
     167
     150
     154
     140
     150
     120
     141
     134
     123
     105
      95
      97
      90
      76
      94
      87
      75
      76
      88
      69
      59
      61
      65
      60
      57
      63
      38
      46
      44
      37
      50
      42
      45
      38
      53
      41
      36
      28
      30
      42
      27
      26
      26
      44
      40
      28
      45
      47
      40
      48
      39
      42
      56
      33
      45
      49
      58
      54
      51
      65
      76
      80
      61
      83
      90
      85
      90
      96
     102
      97
     105
     109
     116
      99
     126
     128
     157
     128
     120
     149
     150
     149
     148
     147
     148
     141
     142
     166
     180
     170
     165
     164
     166
     172
     188
     148
     163
     185
     184
     162
     163
     189
     179
     148
     161
     133
     152
     129
     156
     139
     149
     129
     123
     115
     135
     121
      95
     108
     127
      99
     106
     103
     101
     108
      97
      84
      67
      79
      59
      74
      66
      73
      70
      40
      49
      59
      54
      44
      54
      46
      33
      31
      38
      22
      33
      36
      24
      35
      29
      24
      29
      25
      27
      23
      25
      20
      24
      20
      14
      17
      32
      36
      26
      19
      23
      15
      18
      15
      14
      20
      14
      20
      21
      23
      18
      18
      22
      16
      23
      19
      22
      12
      17
      24
      22
      16
      25
      21
      13
      12
      24
      22
      16
      20
      21
      17
      16
      18
      13
      20
       4
      17
      12
      15
      12
      16
      12
      15
      11
       8
      18
      14
      12
      10
      10
      11
       3
      17
      13
       5
      13
      12
       9
       8
      10
      10
       9
       4
       3
       7
       8
       5
       5
       4
       8
       8
       6
       5
       3
       7
       3
       6
       2
       3
       3
       3
       8
       4
       5
       3
      10
       5
       3
       6
       5
       4
       3
       3
       5
       2
       4
       2
       3
       2
       2
       3
       4
       5
       2
       3
       6
       3
       3
       2
       7
       4
       6
       4
       4
       3
       3
       1
       4
       2
       3
       4
       4
       1
       6
       1
       6
       5
       6
       7
       4
       3
       4
       3
       5
       3
       4
       4
       3
       0
       3
       4
       4
       5
       3
       3
       2
       3
       3
       5
       1
       1
       1
       2
       3
       3
       2
       4
       4
       3
       3
       1
       3
       2
       1
       4
       1
       3
       1
       1
       3
       2
       4
       5
       2
       1
       4
       2
       3
       3
       3
       1
       2
       4
       7
       3
       2
       6
       3
       3
       4
       3
       5
       1
       4
       6
       4
       4
       3
       4
       2
       4
       4
       3
       3
       4
       4
       3
       4
       2
       4
       1
       6
       4
       2
       4
       3
       3
       3
       2
       4
       4
       6
       4
       2
       0
       5
       3
       8
       1
       3
       1
       4
       3
       5
       2
       6
       3
       4
       6
       2
       0
       5
       2
       2
       1
       2
       4
       4
       2
       4
       5
       3
       3
       0
       3
       1
       1
       3
       2
       4
       5
       3
       2
       4
       4
       6
       1
       3
       2
       3
       0
       4
       5
       0
       3
       3
       5
       1
       2
       4
       2
       3
       2
       0
       6
       4
       3
       2
       3
       2
       2
       1
       3
       2
       2
       1
       4
       1
       1
       2
       3
       5
       4
       3
       0
       4
       3
       1
       1
       1
       0
       3
       4
       3
       1
       2
       0
       3
       2
       0
       1
       4
       4
       6
       5
       2
       2
       0
       2
       0
       3
       2
       2
       0
       4
       1
       1
       1
       3
       0
       5
       0
       4
       1
       0
       1
       1
       4
       0
       2
       1
       1
       1
       2
       2
       3
       3
       0
       5
       1
       0
       1
       1
       0
       0
       0
       0
       1
       1
       0
       0
       4
       3
       1
       1
       4
       2
       0
       1
       1
       0
       2
       1
       2
       1
       2
       2
       0
       4
       1
       2
       3
       3
       2
       2
       2
       0
       1
       1
       0
       0
       2
       1
       2
       0
       2
       1
       2
       3
       1
       1
       1
       1
       0
       0
       1
       2
       2
       2
       1
       1
       2
       1
       0
       1
       1
       1
       0
       3
       2
       0
       2
       2
       3
       2
       1
       5
       1
       2
       1
       3
       2
       3
       3
       0
       3
       1
       0
       0
       2
       1
       1
       1
       6
       2
       1
       2
       4
       4
       3
       2
       2
       3
       1
       1
       2
       2
       1
       0
       0
       5
       3
       4
       1
       5
       4
       1
       2
       2
       2
       2
       4
       5
       0
       0
       2
       0
       0
      11
       2
       2
       2
       0
       1
       1
       1
       2
       5
       6
       4
       0
       1
       0
       4
       5
       1
       0
       0
       1
       2
       0
       6
       3
       3
       2
       1
       2
       0
       2
       1
       2
       2
       1
       1
       2
       0
       3
       4
       2
       1
       3
       1
       5
       2
       2
       5
       1
       1
       2
       4
       3
       1
       0
       1
       1
       2
       0
       3
       4
       0
       0
       1
       2
       0
       4
       1
       1
       2
       1
       4
       0
       6
       3
       2
       2
       4
       2
       1
       3
       2
       2
       1
       3
       2
       2
       1
       3
       1
       2
       1
       4
       1
       0
       3
       0
       2
       1
       1
       2
       2
       2
       1
       3
       1
       1
       3
       2
       1
       2
       0
       1
       1
       0
       5
       1
       1
       3
       3
       3
       0
       2
       3
       1
       2
       1
       0
       2
       2
       1
       2
       2
       2
       1
       0
       1
       0
       1
       3
       2
       0
       1
       2
       2
       2
       0
       2
       2
       0
       2
       1
       1
       2
       3
       0
       1
       0
       1
       1
       3
       1
       0
       0
       1
       1
       0
       1
       1
       0
       2
       2
       1
       1
       1
       0
       0
       2
       2
       0
       0
       0
       1
       1
       3
       2
       4
       1
       3
       1
       0
       4
       1
       0
       1
       1
       2
       0
       2
       1
       1
       0
       0
       1
       1
       0
       0
       1
       3
       2
       2
       0
       0
       0
       1
       0
       1
       0
       0
       1
       1
       1
       2
       1
       0
       0
       2
       2
       0
       2
       0
       0
       0
       0
       0
       0
       0
       0
       3
       0
       1
       0
       0
       0
       0
       0
       0
       0
       1
       1
       0
       0
       2
       1
       0
       1
       0
       0
       0
       1
       1
       0
       1
       0
       0
       1
       1
       1
       0
       0
       0
       1
       2
       1
       0
       1
       1
       1
       2
       0
       0
       0
       0
       1
       0
       1
       0
       1
       2
       1
       3
       0
       0
       1
       1
       0
       2
       3
       0
       2
       1
       0
       2
       2
       0
       3
       1
       0
       2
       0
       1
       0
       2
       0
       2
       1
       1
       0
       5
       1
       3
       1
       1
       3
       1
       1
       1
       0
       1
       3
       2
       3
       1
       3
       4
       0
       1
       1
       1
       0
       1
       3
       2
       6
       0
       1
       3
       3
       2
       6
       2
       0
       3
       1
       1
       3
       1
       1
       1
       2
       2
       0
       1
       1
       2
       4
       1
       3
       2
       1
       4
       5
       2
       0
       0
       0
       1
       1
       3
       3
       3
       1
       1
       0
       2
       0
       1
       2
       1
       2
       4
       2
       0
       1
       1
       1
       4
       1
       2
       1
       2
       0
       1
       2
       0
       1
       0
       1
       0
       1
       0
       2
       2
       0
       0
       1
       0
       2
       1
       0
       0
       1
       0
       0
       0
       0
       1
       0
       0
       1
       0
       0
       0
       1
       0
       1
       0
       0
       0
       0
       0
       0
       0
       0
       1
       0
       0
       0
       0
       1
       0
       0
       0
       0
       0
       0
       0
       0
       0
       0
       0
       0
       0
       0
       0
       0
       0
       1
       0
       0
       0
       0
       0
       0
       0
       0
       0
       0
       0
       0
       0
       0
       0
       0
       0
       0
       0
       0
       0
       0
       0
       0
       0
       0
       0
       0
       0
       0
       0
       0
       0
       0
       0
       0
       0
       0
       0
       0
       0
       0
       0
       0
       0
       0
       0
$ROI:
3
802 910
919 1048
1812 1935
$PRESETS:
None
0
0
$ENER_FIT:
-43.015625 1.438746
$MCA_CAL:
3
-4.301563E+001 1.438746E+000 -3.635760E-005 keV
$SHAPE_CAL:
3
5.967719E+001 -6.308020E-002 3.454509E-005
