$SPEC_ID:
No sample description was entered.
$SPEC_REM:
DET# 4
DETDESC# RBS-D MCB 129 Input 2
AP# Maestro Version 6.08
$DATE_MEA:
01/01/2008 06:02:07
$MEAS_TIM:
700 710
$DATA:
0 2047
       0
       0
       0
       0
       0
     309
     160
     175
     191
     212
     235
     180
     211
     201
     206
     210
     234
     224
     241
     260
     228
     245
     279
     282
     314
     293
     283
     288
     283
     279
     286
     306
     314
     284
     298
     351
     317
     307
     356
     389
     386
     381
     408
     407
     449
     429
     486
     496
     585
     572
     602
     647
     675
     682
     726
     735
     760
     754
     756
     859
     873
     925
     883
     932
     936
     935
     950
     942
    1006
     977
    1014
     997
    1008
     966
     996
     983
    1008
     995
    1075
     956
     961
     949
     997
     938
     914
    1010
     911
     968
     921
     948
     996
     966
     950
     970
     970
     889
     916
     916
     916
     885
     909
     910
     931
     876
     829
     836
     869
     881
     876
     825
     820
     802
     826
     814
     731
     803
     811
     743
     768
     714
     782
     680
     726
     735
     779
     716
     699
     728
     640
     675
     702
     718
     654
     638
     646
     654
     609
     672
     583
     642
     576
     625
     594
     602
     623
     597
     557
     585
     594
     574
     565
     569
     585
     564
     574
     587
     550
     524
     541
     556
     503
     526
     562
     544
     519
     553
     536
     578
     570
     518
     520
     589
     535
     545
     546
     502
     544
     541
     551
     509
     498
     558
     530
     467
     515
     481
     453
     478
     487
     453
     432
     493
     450
     424
     373
     437
     402
     449
     366
     392
     397
     373
     333
     409
     345
     359
     341
     377
     342
     353
     334
     341
     345
     336
     333
     332
     330
     322
     328
     323
     338
     322
     318
     268
     319
     331
     325
     293
     338
     276
     321
     292
     282
     269
     289
     263
     291
     305
     310
     274
     267
     286
     237
     251
     259
     257
     275
     272
     249
     286
     254
     267
     298
     251
     288
     247
     265
     260
     296
     270
     291
     254
     278
     284
     233
     258
     217
     269
     218
     218
     248
     232
     228
     224
     204
     234
     234
     224
     216
     228
     219
     245
     223
     218
     192
     195
     189
     190
     183
     198
     178
     208
     166
     181
     181
     188
     195
     162
     188
     172
     162
     171
     181
     188
     173
     158
     166
     156
     161
     176
     150
     158
     172
     199
     163
     188
     171
     159
     146
     155
     150
     172
     182
     164
     156
     170
     154
     161
     147
     149
     143
     148
     182
     168
     146
     167
     129
     146
     169
     182
     163
     159
     172
     172
     155
     151
     145
     151
     162
     171
     124
     128
     153
     145
     165
     149
     132
     158
     150
     169
     149
     157
     141
     137
     153
     149
     167
     153
     146
     133
     147
     145
     138
     147
     137
     139
     112
     148
     125
     147
     134
     134
     157
     145
     152
     153
     142
     155
     136
     136
     151
     144
     141
     145
     133
     111
     123
     159
     158
     153
     142
     137
     130
     150
     133
     142
     129
     136
     134
     124
     138
     131
     101
     122
     116
     101
     137
     117
     147
     133
     122
     135
     135
     121
     135
     123
     148
     144
     133
     137
     133
     124
     119
     133
     140
     131
     145
     140
     135
     149
     122
     136
     125
     136
     129
     157
     157
     133
     143
     139
     140
     133
     145
     144
     144
     128
     153
     117
     120
     122
     132
     123
     131
     120
     144
     137
     117
     122
     131
     141
     122
     115
     149
     138
     112
     131
     106
     114
     110
     122
     120
     123
     119
     108
     129
     128
     120
     104
     118
     117
     124
     106
     114
     107
     104
     108
     119
     120
     124
     135
     126
     130
     118
     119
     120
     117
     103
     117
     133
     118
     118
     113
     110
     127
     122
      97
     117
     120
      98
     117
     120
     117
     118
     122
     105
      87
     108
     109
     102
      92
     112
     116
     114
     121
     112
     125
     122
      99
     112
     105
     121
     110
     102
     124
     111
     123
     130
     112
     123
     118
     127
     112
     120
     115
     124
     113
     125
     117
     126
     113
     120
     107
     103
     110
     113
     138
     101
     131
      93
     128
     144
     113
     101
     118
     115
     117
     129
      97
     115
     106
     115
     113
     144
     109
     126
     120
     125
     145
     126
     121
     110
     126
      98
     125
     108
     135
     122
     126
     105
     128
     124
     123
     122
     111
     120
     112
     106
     113
     110
     131
     131
     127
     123
     108
     129
     110
     138
     105
     133
     127
     119
     110
     123
     120
     138
     103
     140
     112
     133
     153
     110
     123
     125
     113
     128
     110
     135
     133
     135
     132
     117
     133
     124
     128
     135
     127
     136
     137
     113
     132
     122
     124
     137
     140
     120
     127
     138
     120
     120
     116
     125
     121
     118
     121
     137
     127
     103
     133
     144
     140
     119
     123
     127
     128
     115
     110
     150
     128
     131
     115
     124
     105
     120
     113
     113
      98
     117
     124
     103
     118
     131
     136
     123
     105
     134
     113
     127
     112
     118
     107
     108
     133
      96
     111
     115
     108
     113
      85
      89
     112
     100
      82
     101
      97
      91
      97
     103
     106
     106
     103
     102
     101
      98
      80
      91
      91
      87
     103
      85
      77
      99
      71
      89
      87
     102
      95
      88
      74
      98
      83
      70
      72
      83
      77
      86
      64
      95
      73
      87
      81
      90
      80
      77
      75
      79
      93
     106
      88
      86
      89
      89
      95
      79
      84
      81
      90
      58
      80
      74
      76
      83
      71
      95
      82
      88
      85
      83
      88
      70
      77
      67
      65
      65
      68
      74
      76
      76
      67
      78
      69
      65
      46
      74
      67
      66
      69
      74
      59
      57
      63
      64
      70
      57
      72
      70
      51
      63
      53
      61
      78
      70
      63
      84
      67
      74
      97
      66
      82
      86
      85
     111
     101
      96
      82
     109
     114
     112
     118
     109
     119
     140
     130
     145
     138
     143
     164
     159
     147
     168
     189
     201
     194
     179
     199
     183
     199
     190
     219
     237
     216
     236
     249
     231
     222
     254
     255
     275
     221
     249
     266
     262
     265
     246
     258
     239
     252
     278
     227
     226
     260
     250
     227
     269
     215
     231
     205
     223
     207
     196
     192
     184
     176
     170
     160
     164
     141
     155
     143
     136
     128
     107
     117
      97
      87
     105
      95
      83
      82
      98
      73
      65
      73
      74
      67
      63
      68
      41
      55
      45
      43
      53
      46
      47
      45
      60
      42
      44
      33
      35
      47
      31
      32
      29
      48
      44
      30
      49
      51
      40
      52
      42
      47
      63
      38
      50
      54
      65
      61
      57
      78
      87
      90
      67
      92
     101
      97
      99
     111
     118
     112
     123
     122
     123
     114
     138
     142
     176
     148
     139
     161
     183
     173
     176
     170
     166
     150
     165
     182
     204
     185
     184
     184
     188
     196
     214
     164
     189
     212
     204
     192
     190
     209
     197
     177
     175
     152
     170
     158
     170
     158
     174
     144
     134
     125
     148
     138
     111
     124
     137
     107
     121
     128
     113
     115
     108
      98
      76
      88
      70
      79
      76
      80
      77
      49
      62
      68
      57
      53
      59
      56
      40
      36
      45
      22
      46
      37
      28
      38
      37
      28
      32
      27
      31
      25
      28
      21
      27
      24
      15
      20
      32
      41
      29
      20
      24
      17
      22
      16
      14
      21
      16
      22
      26
      26
      22
      21
      23
      22
      27
      19
      28
      15
      21
      28
      22
      22
      27
      25
      14
      16
      26
      24
      16
      22
      23
      19
      19
      19
      16
      24
       5
      18
      13
      19
      13
      19
      14
      17
      12
       9
      18
      15
      13
      13
      11
      12
       4
      19
      14
       6
      13
      12
      11
       8
      12
      12
      10
       5
       7
       8
       8
       7
       6
       5
       9
       8
       6
       5
       3
       8
       5
       6
       2
       3
       3
       4
       9
       4
       5
       3
      11
       5
       3
       6
       5
       6
       3
       3
       5
       2
       6
       3
       3
       2
       2
       5
       4
       5
       3
       3
       6
       4
       3
       3
       7
       4
       6
       6
       4
       3
       4
       1
       4
       3
       5
       4
       5
       1
       7
       1
       6
       5
       7
       7
       4
       3
       4
       3
       5
       3
       4
       5
       3
       1
       3
       6
       5
       6
       3
       3
       2
       3
       3
       5
       4
       2
       1
       2
       3
       4
       2
       4
       5
       3
       4
       1
       3
       2
       2
       4
       1
       3
       1
       1
       5
       2
       4
       6
       2
       1
       4
       3
       3
       3
       4
       1
       2
       4
       8
       3
       2
       6
       4
       3
       4
       3
       6
       1
       4
       6
       4
       5
       3
       4
       2
       4
       4
       3
       3
       4
       4
       3
       4
       4
       4
       1
       6
       4
       2
       4
       3
       3
       3
       2
       5
       4
       6
       4
       3
       1
       6
       3
       9
       2
       4
       1
       5
       3
       6
       3
       6
       3
       4
       6
       3
       0
       5
       3
       2
       2
       2
       4
       4
       2
       4
       6
       3
       4
       0
       3
       1
       1
       3
       2
       6
       5
       4
       2
       4
       5
       6
       2
       3
       2
       3
       0
       4
       5
       0
       3
       3
       6
       1
       2
       4
       3
       3
       2
       1
       6
       4
       3
       3
       4
       2
       3
       1
       3
       2
       2
       1
       4
       1
       1
       2
       4
       5
       4
       4
       0
       4
       3
       1
       1
       1
       0
       3
       4
       3
       1
       2
       0
       4
       3
       1
       1
       4
       4
       6
       5
       3
       2
       0
       2
       0
       4
       3
       3
       0
       4
       1
       1
       1
       3
       0
       6
       0
       5
       1
       1
       1
       1
       4
       0
       2
       1
       2
       1
       2
       2
       4
       3
       1
       5
       1
       0
       1
       1
       0
       0
       0
       0
       1
       1
       0
       1
       5
       3
       1
       1
       4
       2
       0
       1
       1
       0
       2
       1
       2
       1
       2
       2
       0
       4
       1
       2
       3
       4
       2
       2
       2
       0
       2
       1
       0
       0
       2
       1
       2
       0
       2
       1
       2
       3
       2
       2
       1
       1
       0
       0
       1
       3
       2
       2
       2
       1
       2
       1
       0
       1
       2
       1
       0
       3
       2
       0
       2
       2
       3
       2
       1
       5
       1
       2
       1
       3
       2
       4
       4
       0
       4
       1
       0
       1
       2
       1
       1
       1
       6
       2
       2
       3
       4
       4
       3
       2
       2
       3
       1
       1
       2
       2
       1
       0
       1
       5
       3
       4
       2
       5
       4
       1
       2
       2
       2
       2
       5
       6
       0
       1
       2
       0
       1
      11
       2
       3
       2
       0
       2
       2
       1
       4
       6
       6
       4
       2
       2
       0
       4
       5
       1
       0
       0
       2
       3
       0
       7
       5
       3
       2
       1
       2
       0
       2
       1
       2
       3
       1
       1
       3
       0
       4
       4
       3
       1
       3
       1
       5
       3
       2
       5
       1
       1
       2
       5
       3
       1
       0
       1
       1
       3
       0
       3
       5
       0
       0
       2
       2
       0
       4
       1
       1
       3
       1
       5
       2
       6
       3
       2
       3
       4
       3
       1
       6
       2
       2
       1
       3
       2
       2
       1
       3
       1
       2
       1
       5
       2
       0
       3
       0
       2
       2
       1
       3
       2
       2
       1
       3
       1
       1
       3
       2
       1
       2
       0
       1
       1
       0
       5
       1
       1
       3
       3
       3
       0
       2
       3
       1
       2
       1
       0
       2
       2
       1
       2
       2
       2
       2
       0
       1
       0
       1
       3
       2
       0
       1
       2
       2
       2
       1
       2
       3
       1
       3
       2
       1
       2
       3
       0
       1
       0
       1
       1
       4
       1
       0
       0
       2
       1
       0
       1
       1
       0
       2
       2
       1
       1
       1
       0
       0
       2
       2
       0
       0
       0
       1
       1
       3
       2
       4
       1
       3
       1
       1
       4
       1
       0
       1
       1
       2
       1
       2
       1
       1
       0
       0
       1
       1
       0
       0
       1
       3
       2
       2
       0
       0
       0
       1
       0
       1
       0
       0
       1
       1
       1
       2
       1
       0
       0
       2
       2
       0
       2
       0
       2
       0
       0
       0
       0
       0
       0
       3
       0
       1
       0
       0
       0
       0
       0
       0
       0
       1
       1
       0
       0
       2
       1
       0
       1
       0
       1
       0
       1
       1
       0
       1
       0
       0
       2
       1
       1
       0
       0
       1
       1
       2
       1
       0
       1
       1
       1
       2
       1
       0
       0
       0
       1
       0
       1
       0
       1
       2
       1
       3
       1
       0
       1
       1
       0
       2
       5
       0
       2
       1
       0
       2
       2
       0
       3
       1
       0
       2
       0
       1
       0
       2
       0
       2
       1
       3
       0
       5
       1
       3
       1
       2
       3
       2
       1
       1
       0
       1
       3
       2
       3
       2
       3
       4
       0
       1
       2
       1
       0
       1
       3
       2
       6
       1
       1
       3
       3
       2
       7
       2
       1
       3
       1
       1
       3
       1
       1
       2
       3
       2
       1
       1
       1
       2
       4
       1
       3
       3
       1
       4
       6
       2
       0
       0
       1
       1
       1
       4
       3
       3
       2
       3
       1
       2
       0
       1
       2
       1
       2
       4
       3
       1
       1
       1
       1
       5
       1
       2
       2
       2
       0
       1
       2
       0
       1
       0
       1
       0
       1
       0
       2
       2
       0
       0
       1
       0
       2
       1
       0
       0
       2
       0
       0
       0
       0
       1
       0
       0
       1
       0
       0
       0
       1
       0
       1
       0
       0
       0
       0
       0
       0
       0
       1
       1
       0
       0
       0
       0
       1
       0
       0
       0
       0
       0
       0
       0
       0
       0
       0
       0
       0
       0
       0
       0
       0
       0
       1
       0
       0
       0
       0
       0
       0
       0
       0
       0
       0
       0
       0
       0
       0
       0
       0
       0
       0
       0
       0
       0
       0
       0
       0
       0
       0
       0
       0
       0
       0
       0
       0
       0
       0
       0
       0
       0
       0
       0
       0
       0
       0
       0
       0
       0
       0
       0
$ROI:
3
802 910
919 1048
1812 1935
$PRESETS:
None
0
0
$ENER_FIT:
-43.015625 1.438746
$MCA_CAL:
3
-4.301563E+001 1.438746E+000 -3.635760E-005 keV
$SHAPE_CAL:
3
5.967719E+001 -6.308020E-002 3.454509E-005
