$SPEC_ID:
No sample description was entered.
$SPEC_REM:
DET# 4
DETDESC# RBS-D MCB 129 Input 2
AP# Maestro Version 6.08
$DATE_MEA:
01/01/2008 06:05:44
$MEAS_TIM:
915 927
$DATA:
0 2047
       0
       0
       0
       0
       0
     386
     219
     225
     245
     286
     311
     251
     283
     255
     268
     267
     298
     308
     314
     330
     314
     323
     364
     379
     408
     380
     373
     375
     369
     356
     388
     408
     389
     365
     399
     426
     430
     408
     471
     489
     484
     506
     532
     515
     578
     569
     633
     651
     750
     768
     792
     845
     879
     891
     954
     946
     983
     982
     986
    1110
    1152
    1196
    1138
    1201
    1232
    1195
    1241
    1261
    1312
    1300
    1301
    1309
    1342
    1261
    1311
    1290
    1321
    1310
    1377
    1273
    1237
    1225
    1291
    1236
    1249
    1321
    1215
    1257
    1224
    1230
    1289
    1244
    1241
    1233
    1270
    1173
    1170
    1202
    1213
    1151
    1161
    1172
    1205
    1129
    1127
    1077
    1137
    1149
    1146
    1061
    1078
    1068
    1064
    1052
     987
    1035
    1070
     964
    1023
     939
    1018
     909
     956
     969
     993
     926
     910
     952
     868
     885
     917
     920
     853
     828
     845
     850
     800
     868
     770
     829
     743
     823
     788
     788
     805
     768
     735
     755
     774
     756
     762
     743
     763
     748
     737
     760
     720
     707
     707
     710
     666
     709
     741
     742
     677
     722
     710
     755
     743
     675
     667
     756
     708
     689
     695
     667
     711
     704
     729
     661
     653
     714
     675
     643
     672
     647
     618
     606
     626
     608
     557
     613
     602
     565
     499
     553
     525
     558
     466
     513
     519
     487
     456
     523
     463
     457
     462
     468
     434
     441
     439
     438
     446
     451
     440
     436
     429
     411
     441
     399
     433
     403
     412
     362
     425
     422
     424
     403
     446
     376
     407
     387
     370
     352
     382
     332
     397
     393
     408
     356
     358
     381
     307
     335
     337
     343
     356
     366
     315
     354
     324
     350
     382
     336
     369
     320
     349
     334
     375
     350
     373
     327
     348
     359
     300
     333
     294
     341
     291
     283
     308
     299
     305
     311
     267
     309
     312
     293
     291
     281
     289
     316
     294
     280
     254
     269
     256
     243
     245
     241
     241
     266
     220
     236
     245
     245
     253
     216
     245
     233
     222
     230
     221
     256
     205
     210
     223
     205
     220
     223
     198
     198
     240
     247
     217
     233
     222
     226
     193
     205
     217
     235
     231
     198
     214
     210
     215
     209
     190
     186
     182
     204
     215
     208
     193
     202
     185
     179
     229
     229
     213
     204
     229
     219
     206
     202
     189
     199
     200
     223
     164
     187
     195
     186
     202
     189
     175
     202
     191
     224
     180
     213
     183
     185
     203
     189
     208
     197
     175
     175
     200
     186
     183
     180
     183
     173
     158
     188
     166
     174
     176
     186
     190
     189
     191
     190
     186
     193
     185
     175
     192
     183
     173
     186
     168
     145
     162
     198
     202
     195
     181
     176
     182
     188
     165
     181
     164
     185
     162
     155
     174
     171
     142
     151
     168
     149
     185
     169
     179
     170
     166
     180
     178
     164
     174
     171
     181
     175
     180
     181
     176
     162
     176
     179
     167
     170
     187
     180
     166
     185
     162
     181
     158
     181
     180
     195
     202
     173
     185
     186
     189
     175
     191
     190
     191
     161
     198
     156
     160
     152
     177
     156
     167
     157
     191
     192
     156
     167
     171
     175
     152
     153
     198
     181
     148
     164
     146
     149
     149
     174
     145
     159
     161
     144
     176
     165
     154
     143
     160
     155
     156
     140
     148
     137
     136
     138
     159
     151
     163
     167
     155
     170
     143
     157
     155
     154
     136
     147
     167
     144
     163
     135
     140
     169
     157
     131
     159
     156
     133
     156
     149
     152
     160
     162
     138
     122
     145
     148
     143
     122
     150
     148
     165
     147
     150
     163
     151
     130
     147
     137
     154
     146
     135
     150
     145
     160
     159
     146
     161
     153
     161
     154
     148
     148
     161
     140
     162
     156
     153
     145
     144
     145
     135
     142
     134
     174
     136
     164
     133
     169
     180
     147
     134
     157
     156
     145
     169
     133
     151
     132
     149
     145
     180
     150
     170
     157
     160
     184
     167
     154
     145
     162
     132
     158
     140
     172
     160
     165
     134
     160
     159
     160
     158
     150
     155
     151
     140
     149
     150
     171
     177
     162
     169
     138
     155
     160
     171
     142
     167
     163
     148
     143
     161
     166
     171
     143
     179
     161
     168
     194
     149
     159
     166
     156
     160
     147
     178
     170
     175
     179
     160
     170
     161
     169
     173
     166
     176
     172
     147
     176
     163
     159
     169
     177
     161
     172
     184
     164
     160
     157
     169
     152
     165
     158
     189
     181
     143
     166
     191
     180
     169
     165
     164
     167
     154
     155
     192
     171
     161
     155
     158
     146
     152
     147
     150
     137
     154
     151
     143
     159
     170
     163
     163
     135
     173
     144
     163
     148
     161
     143
     156
     166
     128
     141
     143
     135
     138
     120
     117
     144
     134
     119
     127
     121
     126
     132
     131
     126
     136
     129
     132
     128
     124
     101
     119
     125
     112
     131
     104
     110
     129
      92
     114
     117
     138
     126
     118
     109
     120
     117
      99
     105
     106
     113
     110
      93
     127
     105
     112
     103
     113
     100
      99
      96
     111
     126
     132
     109
     107
     118
     114
     128
     107
      97
      99
     110
      78
     103
     100
      99
     106
      95
     120
     106
     119
     100
     110
     114
      95
      88
      94
      89
      83
      87
      90
      97
     103
      84
     100
      95
      92
      68
      97
      90
      89
      89
      94
      81
      75
      82
      79
      96
      73
      96
      92
      68
      78
      74
      79
      98
      91
      81
     122
      92
      97
     130
      88
     111
     112
     115
     141
     128
     123
     126
     131
     146
     146
     145
     144
     148
     182
     167
     189
     178
     179
     220
     208
     202
     232
     253
     246
     252
     246
     243
     240
     272
     266
     287
     312
     290
     309
     324
     306
     306
     333
     340
     368
     307
     330
     335
     345
     348
     325
     340
     329
     336
     355
     297
     314
     322
     317
     296
     344
     280
     295
     274
     289
     268
     253
     244
     236
     231
     223
     209
     205
     178
     199
     175
     181
     167
     146
     152
     128
     115
     133
     117
     114
     107
     118
     102
      88
      99
      94
      88
      78
      84
      63
      73
      57
      60
      64
      60
      59
      58
      75
      45
      63
      41
      46
      55
      40
      48
      40
      60
      54
      40
      63
      59
      52
      70
      53
      63
      84
      60
      67
      74
      83
      79
      70
     103
     108
     120
      86
     127
     126
     134
     127
     147
     147
     147
     159
     156
     164
     155
     171
     194
     207
     197
     190
     205
     233
     231
     232
     236
     219
     205
     219
     236
     260
     255
     251
     243
     256
     259
     270
     220
     234
     272
     253
     245
     251
     268
     250
     239
     226
     220
     217
     233
     231
     211
     233
     186
     181
     169
     195
     185
     159
     163
     171
     144
     159
     163
     135
     148
     140
     120
     103
     114
      91
     110
      97
     103
      99
      74
      86
      86
      74
      70
      76
      70
      51
      55
      52
      33
      55
      47
      40
      53
      50
      43
      40
      35
      41
      36
      34
      31
      38
      33
      21
      26
      37
      49
      31
      25
      31
      26
      27
      19
      19
      31
      25
      26
      32
      32
      26
      26
      31
      32
      36
      29
      42
      20
      25
      35
      29
      31
      36
      27
      24
      21
      37
      29
      22
      25
      33
      27
      25
      24
      21
      30
      10
      28
      20
      26
      21
      22
      14
      17
      16
      12
      22
      18
      18
      15
      16
      13
       8
      25
      17
       8
      14
      16
      14
      14
      17
      13
      12
       6
       7
      12
       9
       9
       8
       8
       9
      11
       8
       7
       4
      10
       8
      10
       4
       3
       5
       6
       9
       4
       7
       3
      12
       6
       5
       6
       7
       9
       4
       5
       6
       5
       8
       5
       4
       4
       5
       6
       4
       5
       3
       3
       7
       4
       3
       6
       8
       5
       7
       8
       5
       4
       8
       2
       4
       7
       6
       5
       8
       2
       7
       2
       8
       5
       7
       8
       5
       6
       5
       4
       7
       3
       4
       6
       3
       3
       6
       6
       6
       6
       3
       3
       3
       4
       3
       6
       4
       3
       3
       3
       9
       4
       5
       4
       5
       4
       5
       3
       4
       2
       5
       4
       4
       4
       2
       1
       6
       4
       4
       6
       3
       2
       5
       3
       3
       6
       5
       2
       3
       6
       8
       3
       3
       9
       5
       3
       4
       5
       8
       1
       5
       9
       5
       5
       5
       5
       3
       6
       4
       4
       4
       8
       4
       3
       6
       4
       4
       2
       7
       4
       4
       4
       5
       3
       4
       4
       7
       4
       8
       5
       3
       2
       7
       5
      10
       4
       4
       5
       6
       4
       9
       5
       9
       3
       5
       6
       3
       0
       6
       4
       2
       3
       6
       7
       6
       2
       6
       7
       3
       4
       0
       4
       3
       2
       3
       3
       8
       5
       4
       2
       6
       6
       6
       2
       4
       3
       3
       1
       4
      10
       2
       3
       3
       6
       2
       2
       6
       3
       4
       3
       2
       6
       5
       3
       3
       5
       2
       4
       3
       3
       4
       2
       1
       5
       2
       1
       5
       5
       6
       4
       4
       1
       4
       3
       2
       2
       2
       0
       3
       5
       4
       2
       3
       1
       5
       3
       3
       1
       4
       4
       9
       5
       4
       5
       0
       3
       0
       6
       3
       4
       0
       5
       2
       1
       1
       3
       1
       6
       0
       6
       3
       1
       1
       1
       5
       0
       2
       2
       4
       1
       3
       2
       4
       3
       2
       5
       1
       1
       1
       2
       2
       0
       0
       0
       1
       1
       0
       1
       5
       4
       1
       1
       4
       2
       0
       3
       1
       1
       2
       1
       2
       3
       2
       2
       0
       5
       1
       2
       3
       5
       3
       2
       2
       0
       2
       1
       1
       0
       3
       1
       3
       0
       2
       1
       2
       3
       2
       3
       2
       1
       0
       0
       1
       4
       2
       2
       4
       1
       2
       2
       0
       1
       2
       2
       0
       5
       3
       0
       2
       2
       4
       2
       1
       5
       3
       3
       3
       5
       2
       6
       4
       0
       4
       2
       0
       4
       2
       1
       2
       1
       7
       4
       3
       3
       4
       4
       4
       3
       3
       4
       2
       1
       3
       2
       3
       1
       1
       6
       4
       6
       2
       6
       6
       2
       3
       2
       3
       2
       6
       6
       2
       2
       3
       1
       2
      12
       2
       4
       2
       1
       4
       2
       3
       4
       6
       6
       4
       3
       4
       2
       5
       7
       1
       2
       1
       3
       3
       0
       8
       6
       5
       3
       5
       2
       1
       2
       1
       3
       4
       2
       2
       3
       0
       5
       5
       3
       1
       3
       1
       6
       4
       2
       5
       1
       2
       2
       6
       4
       1
       0
       1
       1
       5
       0
       4
       5
       0
       1
       3
       4
       1
       5
       1
       1
       3
       2
       7
       3
       7
       5
       3
       4
       4
       3
       2
       6
       2
       2
       1
       5
       2
       2
       1
       4
       1
       2
       3
       6
       3
       0
       3
       1
       2
       2
       2
       5
       2
       2
       1
       3
       1
       2
       4
       2
       1
       2
       0
       2
       1
       0
       5
       1
       2
       3
       5
       3
       0
       4
       3
       2
       3
       1
       0
       2
       2
       1
       2
       2
       2
       2
       0
       2
       1
       1
       3
       2
       0
       1
       2
       2
       2
       1
       3
       3
       1
       4
       3
       1
       2
       3
       0
       2
       0
       2
       2
       4
       2
       0
       1
       4
       1
       1
       2
       1
       1
       3
       2
       2
       2
       1
       0
       0
       2
       2
       0
       0
       0
       1
       1
       3
       2
       4
       1
       3
       2
       1
       5
       3
       1
       3
       2
       2
       2
       2
       1
       2
       0
       0
       2
       1
       0
       0
       2
       3
       2
       3
       1
       0
       0
       1
       0
       1
       0
       0
       1
       2
       2
       2
       1
       0
       0
       2
       2
       0
       2
       1
       2
       0
       0
       0
       0
       0
       1
       3
       0
       2
       0
       0
       0
       0
       0
       0
       1
       1
       1
       1
       0
       2
       1
       1
       1
       0
       1
       0
       1
       1
       0
       1
       0
       0
       2
       1
       1
       0
       0
       1
       1
       3
       1
       1
       2
       2
       1
       2
       1
       1
       0
       0
       1
       0
       1
       0
       1
       4
       1
       3
       1
       0
       2
       2
       2
       2
       5
       1
       2
       1
       1
       2
       2
       1
       4
       2
       0
       2
       0
       1
       1
       2
       0
       3
       1
       5
       1
       5
       2
       3
       1
       3
       3
       2
       1
       1
       2
       2
       3
       2
       3
       5
       4
       4
       2
       1
       2
       2
       0
       1
       3
       3
       6
       2
       3
       3
       3
       2
       7
       3
       3
       3
       3
       1
       3
       2
       2
       2
       3
       2
       1
       2
       1
       2
       4
       1
       3
       3
       1
       4
       6
       2
       3
       2
       2
       1
       3
       5
       4
       3
       2
       3
       1
       2
       0
       1
       2
       1
       2
       5
       4
       1
       1
       2
       1
       5
       1
       2
       3
       2
       0
       1
       2
       1
       1
       0
       1
       0
       1
       1
       2
       2
       0
       1
       1
       0
       2
       1
       1
       0
       2
       0
       0
       0
       0
       1
       2
       0
       1
       0
       0
       0
       1
       0
       2
       0
       0
       0
       0
       0
       0
       0
       1
       1
       0
       0
       0
       0
       1
       0
       0
       0
       0
       0
       1
       0
       0
       0
       0
       0
       0
       0
       0
       0
       0
       0
       1
       0
       0
       0
       0
       0
       0
       0
       0
       0
       0
       0
       0
       0
       0
       0
       0
       0
       0
       0
       0
       0
       0
       0
       0
       0
       0
       0
       0
       0
       0
       0
       0
       0
       0
       0
       0
       0
       0
       0
       0
       0
       0
       0
       0
       0
       0
       0
$ROI:
3
802 910
919 1048
1812 1935
$PRESETS:
None
0
0
$ENER_FIT:
-43.015625 1.438746
$MCA_CAL:
3
-4.301563E+001 1.438746E+000 -3.635760E-005 keV
$SHAPE_CAL:
3
5.967719E+001 -6.308020E-002 3.454509E-005
