$SPEC_ID:
No sample description was entered.
$SPEC_REM:
DET# 4
DETDESC# RBS-D MCB 129 Input 2
AP# Maestro Version 6.08
$DATE_MEA:
01/01/2008 00:50:28
$MEAS_TIM:
2004 2014
$DATA:
0 2047
       0
       0
       0
       0
       0
     494
     257
     331
     343
     368
     353
     352
     352
     389
     404
     388
     395
     423
     393
     446
     485
     518
     540
     619
     620
     602
     603
     613
     567
     589
     542
     565
     592
     604
     607
     668
     706
     684
     767
     720
     829
     900
     897
     897
     936
    1056
    1174
    1245
    1303
    1355
    1464
    1496
    1698
    1658
    1686
    1811
    1887
    1975
    2065
    2055
    2165
    2256
    2359
    2322
    2400
    2463
    2411
    2548
    2415
    2501
    2517
    2533
    2502
    2604
    2545
    2557
    2569
    2508
    2626
    2501
    2584
    2461
    2457
    2492
    2447
    2426
    2507
    2439
    2455
    2412
    2446
    2407
    2387
    2433
    2415
    2311
    2387
    2370
    2350
    2248
    2261
    2289
    2108
    2134
    2209
    2185
    2198
    2110
    2103
    1995
    2004
    1980
    1925
    1912
    1917
    2063
    1834
    1954
    1832
    1877
    1748
    1804
    1820
    1729
    1797
    1644
    1746
    1642
    1702
    1620
    1619
    1602
    1574
    1589
    1542
    1553
    1515
    1510
    1519
    1385
    1423
    1402
    1434
    1389
    1328
    1349
    1363
    1339
    1306
    1327
    1224
    1277
    1357
    1275
    1207
    1221
    1240
    1300
    1166
    1197
    1119
    1157
    1146
    1175
    1095
    1063
    1078
    1076
    1066
    1067
    1086
     996
    1085
    1034
    1040
    1039
    1008
    1022
    1009
    1054
    1053
    1010
    1016
    1026
    1011
     992
     957
     960
     920
     989
     918
     837
     871
     822
     772
     782
     758
     758
     717
     690
     742
     730
     697
     663
     725
     705
     692
     632
     677
     708
     662
     643
     604
     635
     548
     582
     593
     594
     580
     608
     590
     560
     598
     596
     569
     581
     621
     534
     548
     541
     529
     519
     549
     534
     483
     508
     497
     507
     484
     473
     477
     460
     440
     446
     460
     415
     452
     411
     477
     471
     412
     450
     431
     397
     453
     473
     436
     420
     380
     440
     398
     444
     429
     450
     393
     406
     412
     420
     399
     398
     383
     366
     396
     353
     373
     343
     357
     346
     319
     322
     344
     341
     346
     315
     326
     300
     287
     249
     293
     250
     264
     276
     261
     263
     245
     286
     260
     244
     272
     238
     228
     258
     252
     252
     238
     253
     233
     224
     227
     243
     244
     232
     239
     258
     236
     225
     200
     242
     235
     198
     209
     220
     221
     209
     207
     192
     169
     198
     215
     180
     224
     196
     194
     197
     196
     190
     189
     176
     190
     200
     146
     193
     181
     174
     178
     222
     180
     182
     172
     164
     178
     187
     194
     180
     186
     181
     185
     173
     169
     160
     154
     183
     163
     156
     162
     158
     167
     187
     162
     167
     163
     165
     159
     160
     146
     158
     168
     174
     171
     172
     158
     148
     163
     192
     168
     155
     165
     153
     156
     169
     169
     136
     146
     160
     148
     164
     162
     164
     128
     142
     149
     165
     145
     129
     143
     141
     146
     135
     125
     138
     138
     127
     136
     135
     147
     136
     120
     120
     129
     145
     132
     137
     129
     154
     156
     131
     142
     141
     139
     131
     132
     141
     137
     142
     140
     163
     140
     158
     155
     161
     152
     146
     181
     129
     159
     149
     150
     172
     133
     156
     134
     152
     157
     150
     146
     138
     162
     149
     143
     149
     141
     134
     145
     135
     156
     150
     133
     127
     111
     111
     127
     136
     119
     112
     116
     105
     120
      90
     119
     105
     128
     121
      99
     104
     115
     103
      97
     100
     106
     120
     103
      82
     109
      85
      97
      83
      94
      99
      90
     122
     105
      73
      93
      93
      78
      91
     109
      82
      76
      80
      72
      73
      84
      84
      74
      79
      92
      78
      79
      73
      75
      74
      73
      73
      91
      86
      77
      81
      86
      67
      68
      74
      81
      90
      70
      78
      74
      68
      65
      65
      66
      86
      63
      78
      70
      85
      69
      68
      60
      80
      60
      78
      86
      83
      73
      60
      71
      69
      65
      86
      66
      80
      57
      66
      66
      74
      69
      58
      78
      59
      74
      77
      76
      77
      67
      55
      73
      69
      65
      73
      57
      68
      56
      78
      75
      62
      55
      69
      59
      68
      59
      62
      77
      68
      65
      59
      64
      61
      61
      69
      68
      64
      57
      57
      57
      50
      63
      70
      60
      64
      76
      57
      60
      53
      48
      68
      64
      60
      56
      63
      48
      59
      70
      59
      60
      46
      58
      55
      51
      50
      52
      47
      64
      54
      48
      54
      66
      61
      53
      40
      52
      50
      45
      63
      48
      61
      55
      60
      75
      70
      53
      56
      54
      61
      63
      63
      59
      61
      48
      51
      57
      52
      57
      58
      30
      61
      58
      50
      55
      51
      62
      57
      56
      62
      59
      60
      64
      66
      62
      54
      64
      71
      61
      59
      60
      56
      55
      62
      89
      53
      61
      49
      80
      67
      54
      63
      61
      46
      54
      58
      53
      64
      52
      62
      66
      67
      71
      76
      46
      63
      42
      39
      40
      57
      59
      59
      51
      59
      47
      50
      59
      57
      41
      63
      57
      49
      49
      43
      53
      47
      45
      50
      35
      47
      57
      49
      49
      58
      42
      43
      47
      40
      42
      53
      46
      48
      31
      45
      47
      38
      36
      38
      46
      48
      41
      44
      49
      29
      39
      42
      33
      44
      30
      47
      42
      47
      36
      48
      44
      54
      30
      26
      37
      46
      33
      37
      34
      48
      43
      43
      42
      33
      39
      43
      47
      31
      39
      46
      37
      36
      42
      45
      51
      37
      39
      45
      44
      44
      40
      43
      52
      50
      42
      34
      41
      37
      32
      41
      48
      43
      40
      41
      40
      55
      51
      38
      37
      47
      45
      42
      38
      39
      31
      51
      42
      38
      38
      36
      50
      41
      50
      43
      45
      36
      50
      35
      41
      33
      29
      42
      33
      41
      33
      41
      38
      37
      38
      43
      39
      49
      41
      39
      49
      34
      37
      36
      39
      35
      31
      37
      40
      21
      40
      28
      40
      38
      38
      40
      30
      38
      47
      27
      45
      24
      29
      40
      32
      35
      26
      31
      34
      27
      30
      39
      33
      31
      30
      30
      26
      35
      25
      34
      33
      32
      24
      18
      26
      21
      27
      25
      24
      27
      23
      24
      19
      27
      34
      23
      25
      27
      33
      16
      26
      27
      21
      21
      12
      10
      27
      31
      26
      20
      20
      24
      19
      23
      22
      21
      21
      16
      17
      15
      14
      18
      23
      22
      32
      20
      27
      25
      20
      18
      21
      21
      23
      21
      18
      20
      21
      21
      15
      18
      18
      20
      15
      13
      29
      15
      21
      15
      12
      20
      15
      17
      18
      19
      26
      21
      21
      26
      17
      17
      18
      17
      12
      27
      21
      22
      17
      16
      10
      14
      16
       9
      13
      21
      20
      17
      24
      13
      24
      19
      17
      20
      11
       7
      18
      27
      16
      20
      33
      17
      15
      12
      27
      14
      19
      20
      26
      20
      21
      20
      26
      25
      16
      28
      21
      29
      34
      27
      23
      26
      31
      32
      24
      32
      31
      29
      27
      40
      37
      44
      27
      29
      37
      42
      39
      42
      46
      54
      51
      53
      55
      33
      42
      44
      52
      63
      70
      73
      49
      53
      54
      74
      66
      65
      52
      58
      53
      42
      57
      78
      55
      60
      54
      53
      61
      66
      66
      58
      51
      57
      65
      57
      61
      39
      63
      50
      56
      54
      56
      43
      54
      41
      38
      36
      33
      42
      44
      24
      42
      33
      29
      29
      36
      33
      23
      32
      31
      28
      23
      28
      19
      29
      31
      27
      20
      23
      17
      18
      16
      27
      14
      15
      13
      14
      22
      14
      18
       8
      10
      15
      18
      11
      11
      13
      11
      10
      13
      13
      14
      13
      10
      13
      13
       9
       8
      12
       9
      13
       8
       7
       6
      11
       9
       8
      11
      13
      12
      11
       8
       7
       7
      14
       9
       7
      13
       7
      12
       9
       9
      10
       7
       9
       9
      13
       6
      11
      10
       7
      15
       9
      10
       8
       7
      12
      12
       7
       6
       9
      11
       7
       8
      14
       7
      12
       6
       7
       6
       8
      13
      12
       6
      12
      12
       9
       6
       7
      16
       4
       5
       5
       8
       6
       1
       5
      11
      10
       8
       5
       7
       4
      11
      12
       9
       6
       6
       8
       9
       6
       6
       7
       2
       3
      10
       5
      10
       8
       5
       7
       5
       4
       7
       9
       4
       6
       2
       7
      12
       5
       9
      12
       5
       8
      11
       9
      10
      11
       5
      11
      11
       9
       8
       9
       7
       5
       8
      13
       7
      13
       6
       6
      10
       8
       5
      14
       7
       6
       5
      13
       9
      17
       7
       7
       9
       9
      11
      14
      12
       6
       7
       7
      11
       9
       8
       2
       9
       5
      10
       6
       6
      12
       8
       5
       4
       7
       5
       7
       9
       9
       6
       8
      10
       6
       7
       5
       9
       4
       8
       9
       7
       6
       5
       9
       6
       6
       7
      12
       9
       4
      13
       7
       7
       8
       7
       2
       7
       6
       4
      10
       6
      10
       8
       5
       5
       8
       3
       8
       6
       4
       8
       3
       7
       9
       3
       6
       4
       3
       3
      10
       5
       9
       4
       2
       2
       8
       8
       0
       5
       2
      10
       7
       7
       8
       7
       5
       3
       2
       3
       6
       3
       5
       2
       2
       3
       2
       8
       4
       5
       1
       6
       1
       6
       5
       5
       2
       7
       3
      11
       8
       2
       3
       9
       4
       4
       3
      10
       3
       7
       4
       2
       6
       5
       3
       5
       3
       6
       7
       4
       4
       7
       3
       3
       2
       2
       4
       3
       1
       3
       3
       3
       5
       0
       4
       5
       4
       9
       6
       3
       4
       5
       5
       6
       2
       7
       2
       3
       4
       7
       4
       7
       7
       2
       3
       1
       5
       3
       4
       6
       3
       2
       0
       1
       5
       5
       6
       4
       6
       1
       2
       3
       4
       6
       3
       4
       2
       2
       3
       0
       3
       1
       5
       4
       5
       3
       6
       7
       1
       1
       4
       2
       7
       5
       4
       5
       4
       4
       3
       4
       3
       1
       6
       3
       2
       2
       4
       1
       8
       4
       1
       4
       6
       7
       5
       4
       2
       5
       9
       7
       6
       6
       6
       2
       6
       5
       9
       3
       9
       4
       6
       5
      14
      11
       7
       3
       4
       6
       5
       7
      10
       7
       9
       6
       3
       8
       7
       3
       8
       2
       6
       5
       4
       6
       5
       7
       7
       7
       5
       3
       2
       4
       2
       8
       9
       6
       5
       6
       5
       7
       6
       6
       7
       4
       5
       8
       6
       6
       3
       4
       7
       6
       6
       7
       3
       1
       8
       6
       7
       4
       2
       6
       7
      11
       9
      11
       6
       1
       4
       5
       4
       4
       4
       3
       4
       6
       6
       5
       9
       5
       2
       8
       3
       1
       8
       2
       5
       4
       4
       3
       2
       8
       5
       5
       4
       4
       3
       5
       2
       5
       3
      10
       1
       7
       7
       4
       6
       4
       8
       7
       2
       0
       4
       1
       3
       4
       0
       3
       8
       4
       3
       2
       4
       4
       4
       4
       4
       5
       1
       1
       6
       2
       2
       4
       1
       4
       6
       3
       2
       3
       6
       7
       4
       4
       4
       6
       6
       5
       3
       5
       2
       2
       5
       6
       3
       4
       3
       2
       2
       5
       1
       2
       4
       3
       7
       0
       4
       4
       1
       2
       4
       0
       1
       2
       3
       3
       5
       5
       2
       0
       3
       7
       3
       2
       1
       2
       3
       0
       2
       3
       1
       1
       0
       3
       2
       4
       3
       4
       0
       1
       1
       1
       3
       4
       3
       3
       1
       2
       2
       1
       1
       3
       1
       3
       4
       1
       0
       3
       2
       2
       2
       4
       1
       3
       3
       0
       1
       1
       2
       1
       3
       0
       2
       4
       1
       1
       2
       1
       0
       3
       3
       3
       1
       2
       1
       3
       0
       3
       2
       0
       2
       1
       0
       3
       0
       1
       2
       0
       0
       1
       1
       1
       2
       2
       2
       0
       2
       1
       2
       4
       1
       1
       1
       0
       0
       1
       0
       0
       0
       1
       2
       0
       2
       0
       1
       2
       2
       1
       0
       1
       3
       2
       0
       1
       2
       0
       1
       2
       1
       1
       4
       2
       2
       0
       1
       0
       4
       5
       3
       1
       1
       0
       3
       0
       1
       2
       2
       2
       2
       1
       4
       2
       4
       8
       4
       5
       7
       1
       6
       6
       2
       4
       4
       5
       1
       2
       4
       6
       0
       6
       4
       4
       2
       6
       5
       3
       4
       4
       6
       4
       3
       4
       5
       5
       7
       4
       3
       8
       4
       3
       5
       4
       9
       3
       6
       7
       4
       7
       7
       7
       6
       6
       6
       7
       1
       6
       5
       3
       3
       3
       3
       5
       6
       6
       7
       4
      11
       4
       0
       2
       4
       3
       3
       7
       3
      10
       7
       3
       6
       3
       5
       5
       5
       4
       1
       5
       2
       1
       3
       4
       6
       1
       2
       4
       2
       2
       2
       3
       1
       3
       1
       0
       3
       1
       1
       2
       2
       4
       3
       0
       0
       2
       1
       0
       1
       0
       1
       2
       1
       0
       4
       2
       1
       3
       1
       3
       1
       1
       0
       1
       1
       2
       0
       1
       1
       0
       1
       1
       0
       0
       0
       0
       0
       0
       0
       2
       1
       1
       2
       0
       0
       0
       0
       0
       0
       0
       2
       0
       1
       1
       0
       0
       0
       0
       0
       0
       0
       1
       0
       0
       1
       0
       0
       0
       0
       0
       0
       0
       0
       0
       0
       0
       0
       0
       0
       0
       0
       0
       0
       0
       0
       0
       0
       0
       0
       0
       0
       0
       0
       0
       0
       0
       0
       0
       0
       0
       0
       0
       0
$ROI:
1
981 1139
$PRESETS:
None
0
0
$ENER_FIT:
-54.092594 1.465894
$MCA_CAL:
3
-5.409259E+001 1.465894E+000 -4.602540E-005 keV
$SHAPE_CAL:
3
-5.474841E+001 2.638014E-001 -1.572140E-004
