$SPEC_ID:
No sample description was entered.
$SPEC_REM:
DET# 4
DETDESC# RBS-D MCB 129 Input 2
AP# Maestro Version 6.08
$DATE_MEA:
01/01/2008 06:03:48
$MEAS_TIM:
792 803
$DATA:
0 2047
       0
       0
       0
       0
       0
     335
     184
     197
     214
     240
     271
     210
     239
     225
     237
     233
     258
     258
     276
     290
     269
     282
     312
     326
     345
     327
     326
     328
     325
     308
     331
     348
     339
     321
     342
     378
     370
     352
     397
     436
     428
     444
     459
     459
     500
     489
     545
     560
     655
     673
     673
     733
     751
     771
     823
     822
     847
     859
     866
     968
    1007
    1049
    1001
    1035
    1080
    1044
    1099
    1085
    1138
    1103
    1132
    1122
    1130
    1089
    1120
    1118
    1121
    1134
    1211
    1098
    1081
    1058
    1118
    1071
    1054
    1138
    1030
    1092
    1051
    1069
    1126
    1087
    1073
    1091
    1096
    1001
    1017
    1023
    1038
    1005
    1013
    1012
    1048
     981
     946
     930
     980
     987
     973
     927
     933
     904
     919
     907
     849
     885
     929
     851
     869
     806
     881
     775
     826
     831
     870
     798
     791
     831
     740
     762
     789
     812
     741
     717
     739
     734
     687
     766
     660
     728
     662
     704
     682
     674
     693
     670
     629
     659
     666
     656
     654
     657
     660
     645
     651
     656
     617
     607
     605
     628
     563
     596
     632
     612
     579
     626
     600
     646
     642
     592
     569
     654
     611
     612
     613
     566
     616
     601
     628
     578
     553
     624
     606
     545
     578
     538
     532
     537
     541
     523
     478
     545
     518
     490
     429
     489
     451
     496
     406
     439
     452
     422
     384
     453
     392
     397
     393
     419
     378
     400
     374
     376
     394
     383
     379
     376
     376
     361
     385
     358
     385
     357
     357
     318
     360
     375
     370
     343
     387
     321
     360
     330
     316
     302
     329
     291
     338
     346
     357
     310
     304
     323
     268
     285
     285
     291
     304
     313
     279
     313
     272
     305
     331
     286
     318
     269
     292
     295
     334
     297
     328
     290
     302
     315
     261
     286
     254
     299
     250
     255
     278
     259
     260
     254
     236
     262
     263
     247
     247
     251
     247
     278
     252
     238
     215
     227
     215
     217
     205
     220
     204
     232
     191
     199
     204
     220
     216
     187
     209
     199
     187
     201
     198
     220
     187
     180
     198
     176
     179
     193
     168
     173
     202
     216
     186
     205
     195
     188
     160
     169
     179
     197
     201
     179
     176
     194
     173
     185
     165
     166
     157
     165
     192
     186
     172
     182
     151
     166
     192
     199
     185
     173
     198
     190
     180
     177
     159
     168
     184
     199
     139
     155
     162
     163
     187
     162
     144
     176
     171
     190
     157
     176
     160
     152
     173
     168
     184
     171
     156
     147
     171
     159
     157
     163
     157
     153
     131
     164
     140
     158
     150
     162
     172
     165
     170
     172
     161
     180
     156
     156
     174
     158
     153
     163
     150
     126
     140
     180
     180
     170
     154
     159
     150
     167
     142
     161
     144
     150
     148
     140
     149
     151
     123
     135
     139
     120
     160
     135
     157
     152
     136
     154
     151
     142
     152
     138
     160
     154
     151
     151
     147
     136
     145
     151
     155
     151
     164
     157
     148
     167
     138
     156
     142
     161
     151
     171
     174
     153
     155
     155
     161
     155
     162
     164
     168
     145
     172
     130
     140
     136
     156
     136
     145
     142
     165
     157
     129
     135
     147
     151
     133
     129
     164
     155
     124
     144
     125
     125
     126
     144
     129
     133
     139
     119
     146
     142
     133
     118
     138
     133
     134
     124
     127
     116
     121
     124
     143
     135
     140
     157
     137
     147
     127
     130
     139
     133
     111
     129
     148
     130
     134
     126
     121
     142
     136
     112
     135
     138
     111
     132
     132
     132
     142
     143
     118
     105
     119
     122
     120
     102
     128
     132
     131
     132
     126
     140
     134
     108
     126
     122
     136
     126
     121
     135
     124
     145
     145
     128
     137
     129
     144
     134
     134
     125
     147
     122
     141
     131
     136
     125
     132
     121
     116
     121
     123
     153
     115
     146
     105
     145
     157
     127
     114
     133
     135
     129
     147
     117
     133
     117
     127
     122
     154
     129
     144
     134
     144
     161
     144
     133
     122
     140
     113
     138
     124
     149
     142
     141
     118
     141
     134
     142
     132
     125
     136
     129
     118
     125
     135
     150
     150
     141
     139
     118
     136
     132
     151
     123
     147
     143
     131
     122
     136
     135
     154
     117
     156
     134
     151
     172
     125
     141
     142
     128
     141
     124
     158
     150
     151
     151
     131
     144
     141
     145
     158
     142
     150
     153
     134
     148
     141
     131
     152
     156
     132
     141
     157
     136
     136
     137
     144
     130
     140
     135
     166
     150
     116
     153
     160
     158
     143
     142
     140
     139
     129
     134
     174
     146
     144
     136
     138
     120
     134
     126
     127
     113
     138
     136
     122
     133
     153
     144
     149
     119
     151
     124
     142
     127
     137
     119
     131
     145
     105
     126
     126
     119
     127
      99
     100
     129
     110
      94
     109
     116
     107
     113
     116
     116
     123
     112
     115
     115
     111
      92
     106
     106
     101
     114
      96
      95
     115
      78
     100
      99
     117
     107
     103
      92
     110
      93
      78
      84
      90
      91
      96
      73
     112
      87
      99
      93
      99
      86
      85
      82
      89
     104
     119
      97
      92
     102
      98
     109
      94
      88
      87
      98
      63
      88
      87
      88
      94
      79
     105
      94
     100
      89
      93
      97
      77
      83
      76
      71
      76
      79
      81
      85
      88
      73
      89
      80
      79
      56
      80
      77
      73
      76
      88
      67
      67
      71
      70
      79
      66
      83
      82
      59
      70
      59
      66
      87
      81
      71
     106
      77
      80
     113
      77
      91
      97
     102
     123
     114
     112
     100
     115
     125
     126
     128
     125
     133
     155
     145
     169
     153
     160
     189
     182
     173
     196
     214
     220
     219
     210
     219
     203
     234
     220
     251
     273
     243
     274
     281
     258
     263
     295
     298
     317
     255
     290
     288
     300
     293
     275
     299
     280
     293
     308
     255
     267
     288
     285
     263
     311
     249
     262
     234
     254
     234
     224
     212
     205
     203
     196
     183
     177
     151
     176
     158
     151
     144
     129
     128
     104
      97
     114
     104
     100
      94
     108
      83
      71
      84
      82
      74
      69
      73
      45
      59
      48
      48
      58
      52
      52
      49
      71
      43
      51
      37
      39
      51
      35
      36
      32
      53
      48
      33
      54
      53
      43
      58
      49
      56
      73
      50
      61
      63
      69
      71
      62
      89
      95
     105
      74
     108
     110
     110
     111
     119
     130
     129
     143
     135
     138
     134
     154
     167
     192
     169
     163
     184
     204
     197
     197
     202
     181
     167
     186
     204
     233
     217
     215
     210
     222
     223
     240
     184
     212
     235
     226
     213
     218
     233
     213
     209
     196
     177
     191
     188
     195
     185
     194
     160
     157
     149
     162
     159
     131
     141
     155
     129
     137
     145
     121
     126
     124
     107
      86
      99
      76
      90
      86
      90
      88
      59
      73
      76
      64
      64
      66
      63
      47
      41
      46
      27
      50
      38
      30
      48
      40
      34
      34
      33
      34
      33
      31
      25
      32
      26
      16
      22
      34
      46
      31
      20
      26
      17
      24
      17
      17
      26
      21
      22
      27
      27
      24
      24
      26
      24
      30
      23
      35
      16
      24
      31
      28
      27
      30
      27
      17
      18
      27
      25
      21
      25
      26
      21
      23
      21
      17
      26
       8
      21
      14
      24
      17
      21
      14
      17
      13
      10
      18
      17
      16
      13
      15
      13
       5
      22
      14
       6
      13
      12
      12
      12
      14
      12
      10
       5
       7
      12
       8
       7
       8
       5
       9
      10
       6
       6
       3
       9
       7
       9
       3
       3
       4
       5
       9
       4
       6
       3
      12
       6
       3
       6
       6
       8
       3
       4
       6
       2
       7
       4
       4
       3
       4
       6
       4
       5
       3
       3
       6
       4
       3
       4
       8
       4
       7
       6
       4
       3
       5
       2
       4
       5
       6
       5
       7
       2
       7
       1
       6
       5
       7
       7
       5
       6
       5
       4
       7
       3
       4
       6
       3
       2
       3
       6
       6
       6
       3
       3
       3
       4
       3
       5
       4
       2
       1
       2
       6
       4
       2
       4
       5
       4
       4
       2
       3
       2
       5
       4
       1
       3
       1
       1
       5
       2
       4
       6
       3
       2
       5
       3
       3
       4
       4
       1
       2
       5
       8
       3
       2
       6
       5
       3
       4
       3
       8
       1
       4
       7
       5
       5
       4
       5
       2
       5
       4
       4
       3
       6
       4
       3
       6
       4
       4
       1
       7
       4
       3
       4
       3
       3
       3
       3
       6
       4
       8
       5
       3
       1
       7
       5
       9
       2
       4
       4
       5
       3
       8
       5
       8
       3
       5
       6
       3
       0
       6
       3
       2
       3
       3
       6
       5
       2
       6
       6
       3
       4
       0
       4
       1
       1
       3
       2
       7
       5
       4
       2
       5
       5
       6
       2
       3
       2
       3
       0
       4
       7
       0
       3
       3
       6
       2
       2
       6
       3
       4
       2
       2
       6
       4
       3
       3
       4
       2
       4
       2
       3
       3
       2
       1
       4
       1
       1
       4
       4
       5
       4
       4
       0
       4
       3
       2
       1
       2
       0
       3
       4
       4
       2
       3
       0
       4
       3
       3
       1
       4
       4
       7
       5
       3
       3
       0
       3
       0
       5
       3
       4
       0
       5
       1
       1
       1
       3
       0
       6
       0
       5
       2
       1
       1
       1
       4
       0
       2
       1
       3
       1
       2
       2
       4
       3
       1
       5
       1
       0
       1
       2
       1
       0
       0
       0
       1
       1
       0
       1
       5
       4
       1
       1
       4
       2
       0
       2
       1
       0
       2
       1
       2
       2
       2
       2
       0
       5
       1
       2
       3
       4
       3
       2
       2
       0
       2
       1
       0
       0
       2
       1
       2
       0
       2
       1
       2
       3
       2
       3
       2
       1
       0
       0
       1
       3
       2
       2
       4
       1
       2
       1
       0
       1
       2
       1
       0
       3
       2
       0
       2
       2
       4
       2
       1
       5
       1
       3
       1
       3
       2
       5
       4
       0
       4
       1
       0
       4
       2
       1
       2
       1
       6
       3
       3
       3
       4
       4
       3
       2
       3
       3
       1
       1
       2
       2
       1
       0
       1
       5
       4
       5
       2
       6
       5
       1
       3
       2
       2
       2
       6
       6
       1
       1
       3
       1
       2
      11
       2
       4
       2
       0
       2
       2
       1
       4
       6
       6
       4
       3
       2
       1
       5
       5
       1
       2
       0
       2
       3
       0
       7
       6
       4
       3
       2
       2
       1
       2
       1
       3
       4
       1
       2
       3
       0
       4
       5
       3
       1
       3
       1
       5
       3
       2
       5
       1
       1
       2
       6
       3
       1
       0
       1
       1
       3
       0
       4
       5
       0
       1
       2
       3
       0
       4
       1
       1
       3
       1
       6
       3
       7
       4
       3
       3
       4
       3
       2
       6
       2
       2
       1
       4
       2
       2
       1
       3
       1
       2
       2
       6
       3
       0
       3
       0
       2
       2
       1
       5
       2
       2
       1
       3
       1
       1
       3
       2
       1
       2
       0
       2
       1
       0
       5
       1
       1
       3
       4
       3
       0
       3
       3
       1
       2
       1
       0
       2
       2
       1
       2
       2
       2
       2
       0
       1
       0
       1
       3
       2
       0
       1
       2
       2
       2
       1
       2
       3
       1
       4
       2
       1
       2
       3
       0
       1
       0
       1
       2
       4
       2
       0
       1
       2
       1
       1
       1
       1
       1
       3
       2
       1
       2
       1
       0
       0
       2
       2
       0
       0
       0
       1
       1
       3
       2
       4
       1
       3
       1
       1
       4
       3
       1
       1
       2
       2
       2
       2
       1
       1
       0
       0
       1
       1
       0
       0
       1
       3
       2
       2
       0
       0
       0
       1
       0
       1
       0
       0
       1
       2
       1
       2
       1
       0
       0
       2
       2
       0
       2
       0
       2
       0
       0
       0
       0
       0
       0
       3
       0
       1
       0
       0
       0
       0
       0
       0
       0
       1
       1
       1
       0
       2
       1
       0
       1
       0
       1
       0
       1
       1
       0
       1
       0
       0
       2
       1
       1
       0
       0
       1
       1
       2
       1
       1
       2
       2
       1
       2
       1
       1
       0
       0
       1
       0
       1
       0
       1
       2
       1
       3
       1
       0
       2
       1
       0
       2
       5
       1
       2
       1
       1
       2
       2
       0
       4
       1
       0
       2
       0
       1
       0
       2
       0
       2
       1
       4
       0
       5
       1
       3
       1
       2
       3
       2
       1
       1
       1
       2
       3
       2
       3
       5
       3
       4
       1
       1
       2
       2
       0
       1
       3
       2
       6
       1
       1
       3
       3
       2
       7
       2
       2
       3
       2
       1
       3
       2
       1
       2
       3
       2
       1
       1
       1
       2
       4
       1
       3
       3
       1
       4
       6
       2
       1
       2
       2
       1
       2
       4
       4
       3
       2
       3
       1
       2
       0
       1
       2
       1
       2
       4
       4
       1
       1
       1
       1
       5
       1
       2
       3
       2
       0
       1
       2
       1
       1
       0
       1
       0
       1
       1
       2
       2
       0
       0
       1
       0
       2
       1
       0
       0
       2
       0
       0
       0
       0
       1
       2
       0
       1
       0
       0
       0
       1
       0
       2
       0
       0
       0
       0
       0
       0
       0
       1
       1
       0
       0
       0
       0
       1
       0
       0
       0
       0
       0
       0
       0
       0
       0
       0
       0
       0
       0
       0
       0
       0
       0
       1
       0
       0
       0
       0
       0
       0
       0
       0
       0
       0
       0
       0
       0
       0
       0
       0
       0
       0
       0
       0
       0
       0
       0
       0
       0
       0
       0
       0
       0
       0
       0
       0
       0
       0
       0
       0
       0
       0
       0
       0
       0
       0
       0
       0
       0
       0
       0
$ROI:
3
802 910
919 1048
1812 1935
$PRESETS:
None
0
0
$ENER_FIT:
-43.015625 1.438746
$MCA_CAL:
3
-4.301563E+001 1.438746E+000 -3.635760E-005 keV
$SHAPE_CAL:
3
5.967719E+001 -6.308020E-002 3.454509E-005
