$SPEC_ID:
No sample description was entered.
$SPEC_REM:
DET# 4
DETDESC# RBS-D MCB 129 Input 2
AP# Maestro Version 6.08
$DATE_MEA:
01/01/2008 04:40:42
$MEAS_TIM:
12 14
$DATA:
0 2047
       0
       0
       0
       0
       0
      39
      18
      13
      19
      30
      20
      20
      16
      11
       8
      24
      23
      17
      18
      19
      24
      32
      24
      27
      27
      18
      26
      24
      30
      27
      36
      26
      39
      22
      15
      31
      26
      23
      23
      31
      35
      28
      32
      24
      30
      28
      31
      36
      20
      35
      33
      28
      33
      27
      44
      26
      35
      33
      50
      35
      20
      31
      41
      36
      45
      41
      34
      25
      34
      38
      41
      34
      36
      40
      41
      40
      34
      38
      46
      29
      32
      33
      42
      38
      33
      33
      31
      41
      37
      30
      46
      42
      39
      33
      46
      29
      38
      41
      45
      35
      36
      32
      37
      36
      26
      33
      23
      26
      40
      47
      30
      37
      36
      40
      29
      35
      35
      41
      40
      35
      30
      34
      33
      38
      33
      45
      28
      38
      31
      24
      35
      35
      41
      25
      35
      35
      36
      32
      29
      33
      34
      28
      29
      33
      21
      32
      35
      29
      32
      39
      36
      26
      28
      29
      30
      36
      36
      36
      32
      30
      22
      41
      28
      33
      34
      34
      39
      32
      28
      43
      26
      43
      25
      36
      29
      38
      37
      28
      42
      38
      26
      32
      32
      38
      34
      24
      34
      31
      48
      30
      33
      25
      28
      27
      43
      27
      37
      20
      26
      25
      34
      30
      27
      33
      41
      30
      24
      45
      32
      29
      28
      24
      19
      30
      31
      31
      29
      28
      30
      20
      31
      31
      32
      19
      31
      36
      29
      26
      20
      27
      33
      26
      30
      25
      27
      16
      28
      19
      15
      25
      25
      29
      20
      29
      39
      31
      32
      25
      37
      30
      30
      20
      26
      36
      22
      23
      20
      39
      33
      17
      25
      17
      25
      23
      27
      31
      31
      23
      31
      25
      24
      22
      30
      22
      24
      25
      20
      20
      25
      32
      16
      25
      19
      31
      16
      26
      18
      27
      32
      27
      23
      28
      32
      23
      20
      25
      23
      27
      24
      21
      23
      18
      23
      29
      32
      25
      31
      31
      23
      24
      27
      26
      24
      23
      18
      28
      20
      24
      24
      27
      20
      27
      26
      24
      19
      22
      27
      24
      18
      22
      18
      21
      24
      26
      27
      21
      22
      27
      17
      24
      30
      27
      33
      16
      35
      20
      15
      20
      23
      31
      23
      19
      20
      23
      22
      25
      21
      16
      31
      16
      21
      29
      12
      19
      19
      26
      16
      24
      31
      19
      24
      29
      26
      20
      27
      24
      29
      31
      14
      17
      28
      26
      17
      27
      23
      26
      22
      28
      26
      23
      22
      23
      18
      18
      25
      24
      12
      20
      19
      17
      22
      16
      26
      17
      16
      23
      17
      20
      21
      37
      12
      23
      22
      20
      26
      21
      24
      23
      17
      19
      17
      20
      18
      26
      27
      15
      21
      20
      30
      25
      22
      20
      22
      20
      30
      27
      23
      24
      18
      21
      22
      21
      22
      33
      24
      29
      20
      21
      32
      24
      24
      12
      21
      27
      20
      22
      24
      21
      20
      18
      31
      30
      20
      21
      23
      29
      22
      21
      16
      17
      17
      24
      22
      23
      22
      27
      21
      18
      19
      24
      25
      15
      12
      19
      20
      21
      29
      27
      26
      18
      23
      28
      21
      23
      25
      27
      20
      20
      19
      23
      24
      22
      17
      23
      17
      14
      19
      20
      21
      15
      23
      24
      21
      23
      24
      25
      20
      26
      25
      19
      20
      34
      18
      13
      25
      14
      10
      20
      21
      27
      34
      22
      23
      20
      25
      30
      20
      24
      13
      21
      33
      26
      26
      31
      24
      17
      26
      18
      15
      31
      12
      25
      25
      24
      23
      24
      21
      26
      28
      25
      26
      21
      22
      35
      33
      18
      19
      29
      21
      16
      22
      22
      24
      37
      24
      18
      25
      21
      17
      27
      30
      26
      27
      16
      21
      22
      25
      22
      21
      33
      19
      30
      22
      21
      22
      26
      27
      25
      33
      32
      30
      25
      21
      28
      31
      20
      28
      29
      26
      25
      24
      15
      24
      18
      20
      28
      31
      16
      30
      31
      20
      24
      18
      24
      27
      29
      24
      18
      27
      31
      29
      28
      35
      23
      28
      30
      23
      29
      30
      19
      16
      28
      34
      25
      23
      21
      29
      30
      24
      16
      25
      28
      24
      27
      25
      27
      34
      41
      29
      35
      30
      23
      28
      21
      29
      26
      26
      21
      19
      25
      24
      23
      33
      28
      29
      24
      26
      23
      30
      21
      33
      25
      31
      22
      32
      28
      30
      23
      26
      28
      33
      24
      27
      20
      26
      29
      30
      32
      27
      19
      18
      17
      25
      23
      20
      22
      23
      27
      18
      15
      23
      26
      23
      15
      28
      21
      21
      20
      16
      25
      27
      22
      19
      15
      26
      28
      27
      15
      20
      12
      26
      26
      18
      18
      16
      20
      25
      14
      15
      14
      21
      18
      15
      16
      18
      17
      21
      15
      22
      18
      19
      18
      22
      18
      19
      20
      15
      18
      16
      14
      20
      17
      17
      13
      15
      13
      18
      12
      11
      12
      11
      18
      16
      19
      14
      13
      15
      17
      19
      17
      23
      10
      21
      16
      21
      14
      15
      10
       7
      10
       8
      13
      20
      12
      11
      11
      11
      21
      15
      13
      17
      14
      14
      14
      10
      16
       8
      12
      21
      17
      20
      13
      18
      18
       7
      13
      15
      16
      14
      20
      21
      14
      37
      17
      14
      23
      18
      28
      20
      23
      22
      26
      31
      17
      36
      41
      44
      31
      44
      43
      35
      50
      50
      37
      52
      51
      37
      45
      53
      52
      38
      49
      52
      51
      62
      43
      64
      73
      56
      60
      60
      62
      67
      73
      72
      68
      50
      42
      58
      54
      54
      51
      48
      55
      62
      45
      43
      54
      47
      46
      49
      38
      50
      53
      35
      40
      40
      35
      43
      29
      30
      35
      30
      26
      28
      24
      13
      18
      23
      20
      25
      15
      16
      14
      17
      18
      17
      14
      12
       9
      14
      13
      13
      15
      12
      14
      15
      13
      11
      15
      11
       7
      16
       7
       7
      11
      13
      10
      16
      10
      12
       9
      10
      12
      13
      16
      19
      15
      16
      21
      22
      14
      36
      11
      18
      15
      22
      18
      25
      21
      22
      26
      29
      25
      28
      33
      29
      23
      34
      40
      41
      34
      33
      26
      40
      44
      39
      53
      38
      59
      37
      36
      50
      34
      36
      52
      58
      54
      35
      55
      49
      49
      43
      50
      42
      33
      47
      29
      43
      37
      39
      42
      37
      33
      46
      40
      48
      30
      28
      23
      29
      31
      37
      24
      20
      16
      22
      19
      19
      32
      27
      16
      11
      21
      21
      18
      14
      15
      19
      16
      16
      13
      10
      17
      12
      12
      14
      13
      11
      12
      11
      17
       6
       9
       4
       8
       5
       7
       8
       7
       6
       5
       9
       4
      10
       5
       4
       4
       4
       4
       1
       2
       2
       3
       3
       3
       1
       3
       3
       2
       4
       4
       2
       6
       2
       4
       3
       3
       2
       4
       1
       5
       4
       2
       1
       4
       0
       3
       2
       1
       2
       4
       4
       5
       0
       2
       0
       3
       2
       2
       3
       4
       7
       1
       2
       2
       3
       3
       4
       0
       2
       5
       5
       0
       2
       2
       2
       3
       2
       2
       4
       3
       2
       1
       3
       1
       3
       3
       1
       3
       2
       3
       3
       2
       3
       2
       2
       0
       2
       2
       2
       2
       0
       2
       2
       6
       1
       2
       4
       1
       2
       1
       2
       2
       3
       2
       2
       0
       2
       3
       1
       0
       4
       0
       2
       3
       1
       1
       2
       0
       2
       4
       2
       1
       2
       4
       2
       4
       1
       1
       4
       3
       3
       3
       1
       3
       1
       1
       8
       1
       3
       2
       2
       4
       3
       5
       1
       2
       2
       3
       0
       4
       1
       1
       2
       3
       3
       4
       1
       2
       2
       2
       2
       0
       0
       1
       2
       1
       2
       0
       0
       4
       0
       2
       2
       3
       3
       2
       0
       2
       4
       2
       2
       3
       2
       3
       1
       4
       2
       2
       2
       2
       1
       1
       2
       0
       1
       1
       2
       3
       3
       1
       4
       4
       2
       2
       0
       3
       0
       0
       4
       2
       1
       2
       2
       1
       1
       0
       1
       4
       3
       0
       2
       1
       1
       1
       2
       2
       2
       0
       0
       2
       1
       1
       3
       1
       1
       2
       2
       1
       5
       2
       1
       2
       1
       1
       1
       0
       0
       2
       2
       2
       3
       1
       2
       2
       0
       2
       0
       4
       1
       2
       3
       2
       4
       2
       3
       3
       2
       3
       0
       0
       0
       2
       4
       2
       0
       2
       3
       4
       3
       1
       0
       2
       3
       0
       1
       3
       2
       3
       0
       2
       2
       4
       1
       4
       4
       3
       1
       3
       3
       1
       1
       1
       2
       2
       2
       2
       1
       2
       3
       6
       1
       1
       3
       1
       1
       1
       3
       0
       1
       3
       2
       3
       3
       2
       3
       4
       1
       2
       1
       3
       2
       2
       3
       2
       1
       2
       4
       1
       1
       0
       2
       2
       3
       3
       1
       3
       2
       1
       0
       1
       0
       1
       0
       0
       0
       3
       0
       0
       0
       2
       3
       5
       3
       5
       0
       1
       2
       3
       0
       0
       1
       2
       0
       0
       2
       0
       2
       0
       3
       0
       3
       1
       3
       0
       1
       0
       2
       2
       2
       1
       0
       1
       1
       0
       1
       2
       1
       1
       0
       0
       3
       5
       1
       1
       1
       1
       2
       0
       1
       2
       3
       2
       1
       2
       1
       2
       2
       1
       1
       0
       1
       2
       2
       1
       1
       1
       2
       0
       4
       1
       2
       1
       0
       1
       1
       1
       1
       1
       1
       3
       0
       0
       1
       5
       2
       0
       3
       1
       3
       2
       1
       1
       0
       2
       3
       0
       3
       0
       1
       3
       0
       3
       0
       1
       2
       1
       5
       2
       2
       1
       1
       0
       1
       1
       0
       2
       1
       0
       0
       1
       2
       0
       0
       2
       5
       2
       1
       2
       1
       1
       0
       2
       0
       0
       0
       1
       3
       0
       1
       0
       0
       3
       2
       2
       1
       2
       2
       0
       2
       0
       2
       1
       0
       1
       3
       2
       2
       0
       0
       0
       1
       1
       2
       1
       1
       1
       1
       1
       1
       0
       1
       2
       1
       2
       2
       3
       5
       5
       0
       1
       3
       2
       1
       1
       2
       1
       1
       1
       2
       2
       1
       1
       1
       1
       0
       2
       1
       1
       2
       1
       0
       0
       1
       1
       4
       1
       0
       2
       0
       2
       0
       1
       2
       1
       1
       0
       0
       2
       0
       3
       1
       4
       0
       0
       2
       0
       3
       1
       1
       2
       2
       1
       0
       1
       1
       3
       5
       2
       1
       3
       1
       1
       2
       2
       1
       0
       2
       3
       4
       3
       0
       2
       0
       2
       0
       1
       2
       1
       0
       2
       0
       0
       1
       1
       2
       0
       2
       1
       2
       3
       0
       2
       2
       0
       4
       2
       2
       0
       0
       2
       1
       4
       1
       0
       0
       2
       1
       2
       1
       1
       0
       0
       1
       0
       0
       0
       0
       0
       1
       2
       3
       0
       0
       0
       1
       2
       0
       0
       0
       1
       0
       1
       0
       0
       0
       0
       2
       0
       0
       0
       0
       1
       1
       0
       1
       0
       3
       1
       2
       0
       0
       0
       1
       0
       0
       0
       1
       2
       0
       1
       0
       2
       0
       2
       0
       1
       0
       0
       0
       0
       0
       0
       0
       1
       0
       0
       0
       0
       0
       0
       0
       0
       0
       0
       2
       0
       0
       0
       0
       0
       0
       0
       0
       0
       0
       0
       0
       2
       0
       0
       2
       0
       1
       0
       0
       1
       1
       0
       2
       1
       0
       1
       1
       2
       1
       0
       0
       0
       0
       1
       2
       1
       0
       0
       0
       2
       0
       1
       0
       1
       1
       2
       3
       1
       3
       1
       3
       0
       0
       1
       2
       1
       1
       5
       0
       2
       1
       3
       2
       0
       1
       3
       3
       0
       0
       0
       4
       1
       5
       1
       2
       2
       1
       0
       3
       1
       0
       3
       3
       0
       3
       4
       3
       3
       1
       0
       3
       0
       4
       0
       1
       2
       2
       0
       0
       2
       2
       0
       0
       3
       1
       0
       2
       3
       0
       1
       1
       1
       2
       0
       3
       0
       0
       2
       0
       1
       2
       3
       1
       0
       0
       0
       0
       0
       0
       1
       0
       1
       0
       2
       1
       0
       0
       0
       0
       2
       0
       0
       1
       0
       0
       0
       0
       0
       0
       2
       0
       0
       0
       0
       0
       0
       1
       0
       0
       0
       0
       0
       0
       0
       0
       0
       0
       0
       0
       0
       0
       0
       0
       0
       0
       0
       0
       0
       0
       0
       0
       1
       1
       0
       0
       0
       0
       0
       0
       0
       0
       0
       0
       0
       0
       0
       0
       0
       0
       1
       0
       0
       0
       0
       0
       0
       0
       0
       0
       0
       0
       0
       0
       1
       0
       0
       0
       0
       0
       0
       0
       0
       0
       0
       0
       0
       0
       0
       0
       0
       0
       0
       0
       0
       0
       0
       0
       0
       0
       0
       0
       0
       0
       0
       0
       0
       0
       0
       0
       0
       0
       0
       0
       0
       0
       0
       0
       0
       0
       0
       0
       0
       0
       0
       0
       0
       0
       0
       0
       0
       0
       0
       0
       0
       0
       0
       0
       0
       0
       0
$ROI:
2
809 917
921 1051
$PRESETS:
None
0
0
$ENER_FIT:
-43.015625 1.438746
$MCA_CAL:
3
-4.301563E+001 1.438746E+000 -3.635760E-005 keV
$SHAPE_CAL:
3
5.967719E+001 -6.308020E-002 3.454509E-005
