$SPEC_ID:
No sample description was entered.
$SPEC_REM:
DET# 4
DETDESC# RBS-D MCB 129 Input 2
AP# Maestro Version 6.08
$DATE_MEA:
01/01/2008 01:27:26
$MEAS_TIM:
40 50
$DATA:
0 2047
       0
       0
       0
       0
       0
     646
     333
     342
     312
     302
     349
     291
     285
     281
     343
     330
     316
     343
     374
     333
     350
     408
     426
     595
     837
    1211
    1570
    1841
    1843
    1634
    1280
     965
     746
     660
     566
     463
     431
     361
     395
     369
     362
     399
     389
     328
     384
     381
     406
     363
     371
     375
     394
     410
     351
     403
     373
     396
     419
     368
     379
     435
     358
     399
     390
     413
     403
     404
     400
     413
     368
     378
     370
     402
     388
     399
     383
     398
     375
     381
     386
     425
     391
     398
     412
     372
     402
     371
     385
     365
     407
     398
     397
     415
     404
     410
     392
     410
     374
     393
     363
     425
     350
     371
     391
     389
     377
     363
     403
     359
     393
     371
     376
     380
     380
     368
     404
     384
     387
     343
     396
     394
     387
     375
     377
     351
     384
     380
     372
     386
     364
     363
     370
     350
     410
     372
     392
     393
     372
     376
     368
     379
     413
     414
     433
     416
     450
     461
     414
     493
     414
     475
     516
     489
     510
     483
     486
     482
     491
     448
     480
     473
     494
     476
     465
     456
     412
     425
     474
     418
     414
     466
     434
     472
     411
     417
     394
     440
     396
     424
     409
     385
     439
     406
     407
     432
     379
     393
     399
     406
     406
     391
     409
     385
     388
     356
     377
     389
     394
     368
     373
     363
     338
     388
     367
     348
     349
     350
     353
     375
     349
     416
     369
     355
     378
     347
     342
     373
     353
     353
     331
     354
     358
     353
     384
     338
     362
     367
     347
     334
     317
     355
     362
     342
     373
     312
     343
     334
     326
     316
     341
     326
     328
     349
     317
     351
     340
     307
     314
     318
     308
     321
     315
     321
     334
     340
     340
     354
     313
     317
     323
     332
     326
     360
     312
     345
     277
     347
     302
     308
     311
     329
     323
     329
     323
     343
     352
     322
     338
     325
     334
     344
     309
     325
     319
     341
     326
     341
     271
     340
     303
     306
     333
     354
     327
     319
     326
     338
     309
     337
     313
     335
     327
     316
     328
     320
     311
     310
     292
     329
     300
     322
     322
     354
     322
     341
     320
     325
     303
     341
     348
     328
     384
     305
     339
     357
     336
     317
     321
     347
     350
     346
     324
     328
     342
     320
     298
     295
     319
     304
     302
     284
     302
     278
     298
     293
     282
     277
     240
     252
     257
     251
     265
     254
     239
     258
     217
     244
     229
     192
     225
     183
     209
     176
     179
     181
     161
     158
     157
     165
     147
     152
     114
     150
     108
     126
     119
     126
     113
     108
     112
     118
     118
     104
      93
      91
     108
      78
      88
      93
      70
      69
      85
      84
      79
      63
      62
      69
      60
      60
      54
      56
      52
      53
      54
      49
      53
      52
      56
      51
      55
      53
      61
      58
      35
      43
      67
      53
      43
      36
      43
      47
      36
      47
      53
      48
      46
      51
      45
      46
      47
      43
      50
      50
      43
      49
      42
      44
      31
      44
      54
      51
      60
      53
      41
      50
      64
      45
      67
      62
      84
      67
      70
     103
     125
     117
     112
     143
     140
     201
     176
     186
     238
     246
     248
     290
     334
     346
     406
     475
     470
     507
     561
     676
     735
     787
     832
     905
     930
    1039
    1074
    1239
    1227
    1315
    1431
    1436
    1525
    1612
    1674
    1740
    1751
    1813
    1880
    1888
    1985
    1903
    2124
    2034
    2116
    2060
    2088
    2017
    2058
    2011
    2048
    1923
    1840
    1843
    1755
    1656
    1648
    1579
    1486
    1507
    1364
    1350
    1176
    1133
    1060
     998
     938
     873
     744
     765
     641
     603
     536
     552
     431
     451
     386
     336
     306
     271
     248
     239
     203
     177
     144
     141
     114
     112
      95
      73
      84
      75
      50
      42
      52
      32
      35
      29
      33
      23
      21
      23
      18
      15
      19
      18
      17
      19
       8
      22
       9
      12
      11
      13
      15
      13
      10
      13
      16
       8
      12
      14
      16
      11
       9
       4
      15
      14
      18
       7
      17
      14
       7
      10
      16
      12
      14
       9
      18
      11
       9
      11
      17
      11
       7
      19
      14
       8
       9
       5
      11
      11
      11
      12
      13
       6
      11
       9
       7
       8
       9
      14
       8
      14
       5
      12
       7
      13
      10
       9
       9
      12
       5
       8
       3
       9
      18
       8
       7
       7
       7
       8
       5
       3
      10
      10
       9
       9
       9
       9
      12
       8
      12
      10
      15
      10
       8
       7
      14
       3
       5
       5
      11
      10
      13
       7
       8
       9
       7
       6
       4
       7
      11
      14
      11
      11
      14
       7
       9
       8
       4
      11
       5
       5
      10
      11
      10
      10
       4
       8
       6
       7
       4
       6
       8
      10
       9
       8
       4
       9
       5
       5
      11
       3
       7
       3
      11
       4
       9
       7
       8
       7
       4
       9
      13
       5
       7
       9
       8
       7
       6
       9
       1
       6
       5
      12
       8
       5
      12
       6
       9
       8
       4
       6
      11
       7
       4
      11
       6
       6
       9
       9
       3
       1
      12
       7
       5
       7
       4
       8
       7
       7
       4
       5
       3
       6
      10
       5
       5
       7
       9
       4
       6
      11
       7
       5
       5
       6
       6
      11
       7
       2
       5
       8
       5
       5
       7
       4
       7
       2
       2
       8
       5
       5
       7
       2
       2
       7
       7
       7
       2
       2
       4
       6
       7
       3
       5
       7
       6
       6
       6
       4
       2
       7
       4
       2
       6
       8
       6
       3
       6
       7
       5
      10
       5
       9
       5
       4
       3
       4
       5
       3
       6
       3
       5
       7
       3
       4
      10
       3
       3
       3
       6
       7
       4
       3
       5
       3
       6
       5
       4
       4
       4
       2
       2
       1
       4
       3
       1
       2
       4
       2
       4
       3
       3
       2
       3
       6
       2
       5
       4
       5
       2
       0
       6
       4
       4
       3
       3
       3
       4
       5
       2
      10
       3
       2
       2
       5
       1
       2
       1
       4
       3
       2
       5
       1
       5
       3
       2
       3
       3
       7
       6
       5
       1
       1
       5
       1
       1
       2
       3
       2
       2
       4
       2
       6
       3
       1
       1
       2
       2
       4
       3
       2
       1
       1
       4
       4
       3
       5
       1
       4
       1
       5
       3
       5
       3
       2
       4
       3
       7
       3
       1
       3
       5
       1
       2
       2
       2
       4
       8
       6
       4
       2
       6
       1
       3
       2
       3
       2
       0
       8
       4
       3
       2
      10
       2
       5
       4
       1
       7
       4
       4
       6
       5
       4
       2
       5
       6
       6
       4
       6
       6
       4
       3
       2
       4
       6
       5
       5
       3
       3
       5
       3
       7
       4
       7
       4
       3
       5
       7
       2
       8
       3
       1
       6
       7
       3
       4
       2
       5
       3
       6
       3
       7
       2
       7
       1
       4
       1
       2
       3
       3
       2
       1
       3
       3
       3
       6
       2
       3
       3
       1
       1
       3
       4
       2
       2
       0
       2
       0
       3
       2
       0
       1
       3
       2
       1
       2
       3
       1
       2
       2
       3
       3
       0
       2
       1
       1
       0
       3
       1
       0
       0
       2
       2
       1
       2
       1
       0
       2
       0
       0
       2
       0
       3
       1
       3
       0
       2
       1
       3
       0
       1
       0
       3
       1
       0
       1
       3
       1
       1
       2
       1
       1
       1
       1
       1
       1
       1
       0
       2
       2
       2
       1
       1
       1
       0
       0
       2
       0
       0
       1
       1
       0
       1
       1
       0
       1
       1
       0
       0
       0
       0
       1
       1
       2
       1
       1
       0
       1
       1
       0
       0
       0
       0
       0
       1
       0
       0
       0
       0
       0
       1
       0
       0
       0
       1
       0
       0
       0
       0
       0
       0
       1
       0
       0
       0
       0
       0
       0
       0
       1
       0
       0
       0
       0
       1
       1
       0
       0
       0
       0
       0
       0
       0
       0
       0
       0
       1
       0
       0
       0
       0
       1
       0
       1
       1
       0
       1
       0
       0
       0
       2
       0
       0
       0
       1
       0
       0
       0
       2
       0
       0
       0
       1
       0
       0
       0
       0
       0
       0
       0
       0
       0
       0
       1
       0
       0
       0
       0
       0
       0
       1
       0
       0
       0
       1
       0
       1
       0
       0
       0
       0
       0
       1
       0
       0
       1
       1
       0
       0
       0
       2
       1
       1
       1
       1
       0
       0
       0
       0
       0
       0
       0
       0
       0
       0
       0
       0
       0
       0
       0
       0
       0
       0
       0
       1
       0
       0
       1
       0
       0
       1
       0
       1
       0
       0
       0
       0
       0
       0
       1
       0
       0
       0
       0
       0
       0
       0
       1
       0
       1
       1
       1
       1
       1
       0
       0
       0
       0
       0
       1
       0
       0
       0
       0
       0
       0
       0
       0
       0
       0
       0
       0
       0
       0
       0
       0
       0
       0
       0
       0
       1
       2
       0
       0
       0
       0
       0
       0
       0
       1
       0
       0
       0
       0
       0
       0
       0
       0
       0
       0
       0
       0
       0
       0
       0
       1
       1
       0
       0
       0
       0
       0
       0
       0
       0
       0
       0
       0
       0
       0
       0
       0
       0
       0
       0
       0
       0
       0
       0
       0
       0
       0
       0
       1
       0
       0
       0
       0
       0
       0
       0
       0
       1
       0
       0
       0
       0
       0
       0
       0
       0
       0
       0
       1
       0
       0
       0
       0
       0
       0
       0
       0
       0
       0
       0
       1
       0
       0
       0
       0
       1
       0
       0
       0
       0
       0
       0
       0
       0
       0
       0
       0
       0
       0
       0
       0
       0
       0
       0
       0
       0
       0
       0
       0
       1
       0
       0
       0
       0
       0
       1
       0
       0
       0
       0
       0
       0
       0
       0
       0
       0
       0
       0
       0
       0
       0
       0
       0
       0
       0
       0
       0
       0
       0
       0
       0
       0
       0
       0
       0
       0
       0
       0
       0
       1
       0
       0
       0
       0
       0
       0
       1
       0
       0
       0
       0
       0
       0
       0
       0
       0
       0
       0
       0
       0
       0
       0
       0
       0
       0
       0
       0
       1
       0
       0
       0
       0
       0
       0
       0
       0
       0
       0
       0
       0
       0
       0
       0
       0
       0
       0
       0
       0
       0
       0
       0
       0
       0
       0
       0
       0
       1
       0
       0
       0
       0
       0
       0
       0
       0
       0
       0
       0
       1
       0
       0
       0
       0
       0
       0
       0
       0
       0
       0
       0
       1
       0
       0
       0
       0
       0
       0
       0
       0
       0
       0
       0
       0
       0
       1
       0
       0
       0
       0
       0
       0
       0
       1
       0
       0
       0
       1
       0
       1
       0
       0
       0
       0
       0
       0
       0
       0
       1
       0
       0
       0
       0
       0
       0
       0
       0
       0
       0
       0
       0
       0
       1
       0
       0
       0
       0
       1
       0
       0
       0
       0
       0
       1
       0
       0
       0
       0
       0
       0
       0
       0
       0
       0
       0
       0
       0
       0
       0
       0
       0
       0
       0
       0
       0
       1
       0
       0
       0
       0
       0
       0
       0
       0
       1
       0
       0
       0
       0
       0
       0
       0
       0
       0
       0
       0
       0
       0
       0
       0
       0
       0
       0
       0
       0
       0
       0
       0
       1
       1
       0
       0
       0
       0
       0
       0
       0
       1
       0
       0
       0
       0
       0
       0
       0
       0
       0
       0
       0
       0
       0
       0
       0
       0
       0
       0
       0
       0
       0
       0
       0
       0
       0
       0
       0
       0
       0
       0
       0
       0
       0
       0
       0
       0
       0
       0
       0
       0
       0
       0
       0
       0
       0
       0
       0
       0
       0
       0
       0
       0
       0
       0
       0
       0
       0
       0
       0
       1
       0
       0
       0
       0
       0
       0
       0
       0
       0
       0
       0
       0
       0
       0
       0
       0
       0
       0
       0
       0
       0
       0
       0
       0
       1
       0
       0
       0
       0
       0
       0
       1
       0
       0
       0
       0
       0
       0
       0
       0
       0
       0
       0
       0
       0
       0
       0
       0
       0
       0
       0
       0
       0
       0
       0
       0
       0
       0
       0
       0
       0
       0
       0
       0
       0
       0
       0
       0
       0
       0
       0
       0
       0
       0
       0
       0
       0
       0
       0
       0
       0
       0
       0
       0
       0
       0
       0
       0
       0
       0
       0
       0
       0
       0
       0
       0
       0
       0
       0
       0
       0
       0
       0
       0
       0
       0
       0
       0
       0
       0
       0
       0
       1
       0
       0
       0
       0
       0
       0
       0
       1
       0
       0
       0
       0
       0
       0
       0
       0
       0
       0
       0
       0
       0
       0
       1
       0
       0
       0
       0
       1
       0
       0
       0
       0
       1
       1
       1
       0
       0
       0
       0
       0
       0
       0
       0
       0
       0
       0
       0
       0
       0
       0
       0
       0
       0
       0
       0
       1
       0
       0
       2
       0
       0
       0
       0
       0
       0
       0
       0
       0
       0
       0
       0
       0
       0
       0
       0
       0
       0
       0
       0
       0
       0
       0
       0
       0
       0
       0
       0
       0
       0
       0
       0
       0
       0
       0
       0
       0
       0
       0
       0
       0
       0
       0
       0
       0
       0
       0
       0
       0
       0
       0
       0
       0
       0
       0
       0
       0
       0
       0
       0
       0
       0
       0
       0
       0
       0
       0
       0
       0
       0
       0
       0
       0
       0
       0
       0
       0
       0
       0
       0
       0
       0
       0
       0
       0
       0
       0
       0
       0
       0
       0
       0
       0
       0
       0
       0
       0
       0
       0
       0
       0
       0
       0
       0
       0
       0
       0
       0
       0
       0
       0
       0
       0
       0
       0
       0
       0
       0
       0
       0
       0
       0
       0
       0
       0
       0
       0
       0
       0
       0
       0
       0
       0
       0
       0
       0
       0
       0
       0
       0
       0
       0
       0
       0
       0
       0
       0
       0
       0
$ROI:
2
433 561
981 1139
$PRESETS:
None
0
0
$ENER_FIT:
-54.092594 1.465894
$MCA_CAL:
3
-5.409259E+001 1.465894E+000 -4.602540E-005 keV
$SHAPE_CAL:
3
-5.474841E+001 2.638014E-001 -1.572140E-004
