$SPEC_ID:
No sample description was entered.
$SPEC_REM:
DET# 4
DETDESC# RBS-D MCB 129 Input 2
AP# Maestro Version 6.08
$DATE_MEA:
01/01/2008 01:41:27
$MEAS_TIM:
588 744
$DATA:
0 2047
       0
       0
       0
       0
       0
    9660
    4868
    5079
    4884
    4620
    4625
    4526
    4519
    4570
    4786
    4864
    4879
    4898
    4994
    5025
    5391
    5815
    6993
    9040
   12795
   18228
   23638
   26822
   26892
   23506
   18796
   14808
   11707
    9380
    7771
    6817
    5978
    5577
    5441
    5365
    5536
    5391
    5439
    5405
    5421
    5437
    5642
    5622
    5539
    5636
    5655
    5596
    5634
    5633
    5634
    5856
    5704
    5818
    5730
    5882
    5754
    5795
    5775
    5808
    5922
    5800
    5868
    5875
    5748
    5868
    5704
    5787
    5896
    5821
    5755
    5891
    5691
    5822
    5834
    5790
    5731
    5827
    5675
    5766
    5807
    5684
    5687
    5839
    5976
    5748
    5715
    5713
    5726
    5695
    5649
    5816
    5731
    5696
    5650
    5745
    5604
    5553
    5658
    5650
    5589
    5610
    5614
    5537
    5561
    5603
    5566
    5721
    5638
    5503
    5672
    5570
    5563
    5550
    5424
    5555
    5598
    5567
    5542
    5488
    5470
    5617
    5512
    5512
    5551
    5411
    5450
    5371
    5532
    5558
    5609
    5536
    5589
    5820
    5774
    5991
    6164
    6095
    6155
    6301
    6486
    6575
    6732
    6727
    6628
    6766
    6852
    6888
    6984
    6937
    7008
    6949
    6920
    6839
    6906
    6918
    6866
    6759
    6757
    6566
    6530
    6555
    6465
    6468
    6479
    6367
    6491
    6420
    6285
    6349
    6327
    6313
    6072
    6185
    5976
    5951
    6167
    6009
    6155
    5969
    5854
    5876
    5691
    5837
    5833
    5768
    5751
    5640
    5555
    5523
    5625
    5519
    5693
    5507
    5484
    5390
    5597
    5464
    5335
    5430
    5374
    5142
    5208
    5363
    5408
    5353
    5302
    5283
    5389
    5261
    5216
    5132
    5187
    5087
    5217
    5137
    5136
    5110
    5144
    4935
    5205
    5173
    4962
    5113
    4976
    5106
    4991
    4929
    5000
    4956
    4959
    4968
    4924
    4893
    4864
    5001
    5021
    4944
    4875
    4828
    4857
    4682
    4917
    4873
    4965
    4892
    4711
    4864
    4878
    4899
    4804
    4979
    4820
    4775
    4877
    4810
    4774
    4878
    4692
    4733
    4735
    4766
    4701
    4853
    4601
    4715
    4696
    4787
    4868
    4799
    4826
    4816
    4673
    4799
    4786
    4722
    4840
    4827
    4770
    4691
    4736
    4599
    4626
    4609
    4787
    4693
    4696
    4684
    4733
    4823
    4725
    4928
    4695
    4673
    4756
    4665
    4740
    4820
    4814
    4743
    4743
    4705
    4786
    4800
    4744
    4915
    4804
    4692
    4742
    4732
    4714
    4951
    4676
    4712
    4866
    4893
    4753
    4890
    4863
    4907
    4922
    4842
    4822
    4730
    4733
    4685
    4623
    4767
    4777
    4678
    4670
    4553
    4493
    4543
    4424
    4445
    4359
    4177
    4235
    4190
    4098
    4017
    3867
    3752
    3779
    3693
    3644
    3596
    3460
    3349
    3289
    3332
    3106
    2907
    3077
    2852
    2762
    2724
    2561
    2610
    2408
    2302
    2231
    2286
    2126
    2114
    1966
    1882
    1902
    1822
    1740
    1690
    1656
    1559
    1557
    1476
    1527
    1422
    1343
    1306
    1330
    1218
    1220
    1172
    1181
    1096
    1106
    1072
    1049
     984
    1018
     965
     947
     951
     915
     912
     918
     856
     826
     822
     791
     786
     833
     783
     783
     736
     814
     792
     718
     687
     752
     730
     679
     651
     692
     716
     643
     684
     685
     715
     671
     664
     677
     675
     641
     681
     668
     646
     684
     675
     677
     688
     688
     679
     685
     701
     779
     743
     767
     818
     864
     914
     902
     982
    1116
    1162
    1206
    1389
    1491
    1613
    1782
    2044
    2268
    2521
    2803
    2989
    3375
    3706
    4198
    4576
    5253
    5549
    6176
    6786
    7452
    8027
    8807
    9652
   10538
   11452
   12662
   13396
   14162
   15479
   16508
   17416
   18413
   19664
   21075
   21568
   22631
   23670
   24534
   25627
   26393
   27205
   28063
   28690
   29239
   29714
   30221
   30070
   30587
   30471
   30378
   29994
   29718
   29514
   28774
   27947
   27034
   26503
   25808
   24619
   23570
   22525
   21670
   20922
   19625
   18676
   17297
   16256
   15103
   14239
   13330
   12241
   11300
   10555
    9760
    8702
    7980
    7309
    6583
    5895
    5379
    4785
    4327
    3971
    3574
    3187
    2824
    2462
    2248
    1959
    1614
    1474
    1349
    1102
    1034
     935
     794
     723
     666
     524
     544
     425
     406
     342
     343
     321
     303
     267
     293
     253
     191
     238
     209
     228
     193
     191
     191
     204
     183
     198
     160
     175
     153
     153
     161
     182
     158
     193
     181
     182
     171
     146
     190
     162
     171
     185
     171
     162
     167
     161
     161
     153
     160
     152
     162
     170
     181
     146
     153
     143
     151
     148
     143
     151
     153
     139
     168
     168
     149
     157
     159
     151
     153
     151
     139
     159
     149
     147
     126
     144
     139
     155
     157
     152
     142
     115
     124
     143
     155
     141
     136
     142
     154
     140
     130
     131
     146
     143
     127
     152
     142
     132
     146
     142
     128
     127
     141
     132
     133
     140
     115
     143
     132
     105
     118
     140
     137
     125
     144
     136
     124
     109
     105
     112
     129
     114
     117
     124
     123
     149
     114
     127
     107
     117
     111
     122
     112
     114
     108
     122
     103
     122
     114
     113
     118
     109
     110
     124
     122
     119
     119
     123
     115
     117
     119
     120
      97
     118
     104
     111
     116
     108
     112
     123
     120
     119
     103
     116
     103
     108
     108
     118
     120
      86
      97
     124
     123
     126
      97
     123
     100
      92
     109
     105
     105
     120
     102
     105
     110
      97
      92
      97
     116
     105
     107
     101
     109
      97
     107
      97
     103
     113
      93
     110
     108
      87
     101
      84
      97
     105
      86
      90
      70
     101
      88
      91
     102
      98
      96
      86
      91
      73
      80
      80
      80
      85
      85
      84
      97
      91
      86
      76
      97
      78
      86
     103
      93
      71
      91
      78
      80
      76
      85
      73
      73
      87
      79
      91
      93
      81
      79
      57
      81
      75
      90
      87
      68
      82
      84
      84
      76
      67
      72
      71
      80
      70
      70
      76
      75
      87
      84
      73
      73
      71
      71
      79
      90
      71
      61
      65
      59
      83
      64
      70
      78
      68
      59
      79
      70
      64
      61
      66
      78
      63
      59
      49
      63
      75
      61
      60
      66
      76
      46
      46
      58
      77
      59
      64
      62
      62
      54
      48
      49
      54
      57
      44
      49
      48
      65
      60
      59
      50
      48
      47
      44
      36
      52
      59
      53
      52
      51
      54
      54
      46
      58
      52
      56
      39
      42
      49
      41
      41
      46
      46
      43
      42
      54
      48
      44
      43
      60
      36
      32
      52
      40
      48
      50
      47
      50
      56
      54
      41
      48
      41
      32
      47
      34
      40
      54
      50
      44
      37
      43
      43
      61
      40
      37
      63
      48
      51
      44
      55
      48
      47
      50
      65
      46
      38
      48
      40
      54
      30
      44
      51
      53
      52
      57
      43
      48
      45
      37
      50
      46
      49
      59
      60
      58
      51
      48
      58
      52
      63
      51
      52
      62
      54
      63
      57
      54
      67
      55
      60
      54
      56
      56
      65
      59
      59
      58
      43
      59
      54
      59
      64
      67
      62
      63
      57
      60
      66
      65
      69
      57
      76
      73
      45
      70
      62
      54
      42
      61
      63
      63
      48
      60
      55
      59
      45
      45
      43
      43
      46
      54
      43
      38
      49
      43
      33
      46
      32
      40
      39
      42
      36
      28
      30
      32
      28
      29
      25
      24
      32
      28
      26
      12
      34
      22
      17
      26
      23
      27
      33
      16
      26
      25
      14
      17
      20
      24
       9
      20
      20
      13
      16
      19
      18
       9
      10
      14
      20
      20
      10
      20
      12
      24
      20
      19
      15
      15
      26
      25
      33
      21
      15
      21
      15
      21
      15
      13
      13
      17
      16
      18
      18
      15
      21
      17
      14
      17
      18
      20
      14
      15
      21
      16
      14
      11
      20
      15
      16
      13
      14
       9
      14
      12
       8
      14
      12
       9
      11
      10
       4
       9
      13
       6
       9
       4
       7
       7
       7
      12
       7
       5
       8
       5
       3
       5
       6
       7
       5
       2
       6
       6
       3
       4
       4
       7
       6
       4
       2
       4
       7
       8
       2
       2
       4
       3
       4
       3
       3
       3
       0
       7
       6
       5
       2
       5
       7
       6
       3
       4
       9
       1
       5
       9
       1
       3
       5
       3
       3
       4
       2
       0
       4
       1
       2
       4
       4
       2
       6
       2
       5
       2
       7
       1
       4
       4
       5
       5
       4
       1
       5
       6
       3
       0
       4
       4
       4
       1
       4
       4
       1
       4
       5
       4
       3
       2
       4
       1
       5
       3
       3
       2
       3
       0
       4
       2
       4
       3
       4
       3
       3
       2
       8
       6
       5
       5
       4
       3
       3
       3
       2
       3
       5
       1
       1
       4
       4
       2
       3
       4
       1
       3
       4
       1
       2
       5
       1
       4
       0
       3
       6
       3
       4
       4
       3
       3
       1
       0
       1
       4
       5
       5
       6
       4
       4
       4
       3
       3
       3
       2
       3
       3
       2
       4
       1
       2
       2
       1
       7
       4
       3
       5
       5
       4
       1
       4
       6
       6
       3
       2
       5
       0
       6
       0
       4
       3
       4
       3
       2
       6
       3
       4
       4
       2
       3
       5
       3
       1
       1
       3
       3
       2
       2
       3
       2
       3
       4
       6
       3
       2
       2
       2
       4
       4
       1
       2
       2
       3
       1
       1
       3
       4
       0
       1
       2
       2
       4
       4
       1
       0
       0
       4
       2
       2
       1
       4
       5
       0
       4
       3
       1
       0
       1
       1
       2
       0
       3
       1
       0
       0
       1
       4
       0
       2
       1
       3
       1
       3
       1
       1
       0
       2
       3
       2
       1
       3
       2
       0
       3
       1
       1
       2
       1
       3
       2
       0
       0
       2
       2
       1
       0
       2
       4
       2
       3
       0
       0
       2
       2
       1
       2
       3
       1
       2
       4
       2
       3
       1
       0
       1
       1
       1
       1
       0
       1
       0
       1
       1
       0
       2
       4
       1
       2
       1
       3
       1
       2
       1
       2
       1
       2
       2
       3
       2
       6
       1
       5
       0
       1
       2
       1
       1
       1
       2
       1
       0
       2
       1
       1
       2
       1
       1
       2
       5
       2
       3
       1
       1
       0
       1
       1
       0
       0
       3
       1
       1
       0
       0
       4
       1
       4
       0
       0
       0
       1
       1
       1
       2
       3
       3
       3
       0
       1
       2
       1
       1
       0
       1
       0
       1
       0
       2
       1
       0
       2
       0
       0
       0
       4
       1
       0
       2
       0
       3
       3
       2
       2
       3
       0
       2
       2
       1
       1
       3
       4
       4
       2
       1
       1
       1
       3
       5
       2
       1
       3
       1
       1
       3
       1
       2
       0
       1
       0
       2
       3
       4
       2
       3
       0
       1
       1
       2
       1
       4
       2
       2
       2
       1
       1
       2
       0
       2
       2
       1
       4
       2
       0
       1
       1
       1
       1
       0
       0
       3
       2
       2
       2
       1
       2
       3
       0
       0
       1
       3
       1
       6
       2
       1
       0
       2
       3
       0
       1
       1
       3
       1
       1
       2
       1
       1
       1
       2
       0
       1
       0
       2
       2
       0
       2
       1
       0
       0
       1
       2
       2
       1
       1
       2
       1
       0
       0
       1
       5
       3
       0
       4
       6
       1
       5
       1
       1
       1
       1
       2
       3
       5
       1
       1
       2
       2
       2
       0
       1
       3
       1
       2
       2
       1
       2
       2
       1
       3
       1
       1
       3
       0
       4
       2
       0
       0
       3
       3
       3
       0
       3
       2
       1
       2
       1
       1
       1
       1
       0
       1
       2
       1
       0
       0
       2
       2
       1
       0
       2
       0
       1
       2
       0
       1
       1
       1
       0
       1
       1
       1
       2
       1
       2
       0
       1
       3
       1
       0
       1
       0
       0
       0
       0
       0
       1
       2
       1
       1
       0
       2
       0
       1
       1
       2
       0
       1
       0
       0
       0
       1
       0
       2
       1
       0
       1
       0
       0
       1
       1
       0
       2
       0
       0
       0
       0
       1
       1
       1
       1
       0
       0
       0
       0
       1
       0
       0
       1
       2
       0
       1
       1
       1
       0
       0
       1
       0
       0
       0
       0
       0
       1
       0
       0
       1
       0
       0
       2
       2
       2
       0
       0
       0
       1
       0
       0
       2
       0
       1
       1
       1
       0
       1
       0
       1
       1
       0
       0
       0
       0
       1
       1
       1
       2
       1
       0
       0
       0
       0
       1
       0
       1
       0
       0
       0
       1
       0
       0
       1
       0
       2
       1
       1
       0
       0
       0
       0
       1
       0
       1
       0
       0
       0
       2
       0
       0
       0
       0
       1
       0
       0
       0
       0
       0
       1
       0
       0
       1
       0
       0
       1
       2
       1
       0
       0
       0
       1
       1
       2
       2
       1
       1
       0
       0
       3
       1
       1
       1
       1
       1
       0
       1
       1
       0
       0
       3
       1
       3
       0
       3
       1
       1
       1
       2
       0
       2
       1
       1
       0
       2
       2
       3
       2
       0
       3
       1
       1
       2
       4
       2
       3
       1
       4
       1
       0
       1
       1
       0
       0
       1
       4
       2
       1
       2
       0
       0
       0
       1
       0
       0
       1
       2
       5
       1
       3
       1
       2
       0
       3
       1
       1
       1
       0
       0
       1
       1
       0
       3
       0
       1
       0
       0
       0
       3
       2
       0
       1
       1
       1
       1
       0
       0
       1
       0
       0
       1
       1
       2
       1
       0
       1
       0
       0
       1
       0
       0
       0
       1
       0
       1
       1
       0
       1
       0
       0
       0
       0
       1
       0
       0
       1
       0
       0
       1
       0
       0
       2
       0
       0
       1
       1
       0
       1
       0
       0
       0
       0
       0
       0
       2
       0
       0
       0
       0
       0
       0
       0
       1
       1
       0
       0
       0
       0
       0
       0
       0
       0
       0
       0
       0
       0
       0
       0
       0
       0
       1
       0
       0
       0
       0
       0
       0
       0
       0
       0
       1
       0
       0
       1
       0
       0
       0
       0
       0
       0
       0
       0
       0
       0
       0
       0
       0
       0
       0
       0
       0
       0
       0
       0
       0
       0
       0
       0
       0
       0
       0
       0
       0
       0
       0
       0
       0
       0
       0
       0
       0
$ROI:
2
433 561
901 1034
$PRESETS:
None
0
0
$ENER_FIT:
-54.092594 1.465894
$MCA_CAL:
3
-5.409259E+001 1.465894E+000 -4.602540E-005 keV
$SHAPE_CAL:
3
-5.474841E+001 2.638014E-001 -1.572140E-004
