$SPEC_ID:
No sample description was entered.
$SPEC_REM:
DET# 4
DETDESC# RBS-D MCB 129 Input 2
AP# Maestro Version 6.08
$DATE_MEA:
01/01/2008 01:30:06
$MEAS_TIM:
174 220
$DATA:
0 2047
       0
       0
       0
       0
       0
    2879
    1415
    1497
    1405
    1392
    1362
    1367
    1354
    1359
    1412
    1495
    1468
    1439
    1510
    1436
    1617
    1677
    2056
    2660
    3793
    5372
    7061
    7926
    7995
    7008
    5549
    4400
    3425
    2755
    2395
    2020
    1796
    1659
    1680
    1626
    1611
    1633
    1643
    1559
    1656
    1643
    1637
    1590
    1615
    1711
    1718
    1717
    1612
    1690
    1643
    1717
    1680
    1652
    1671
    1736
    1680
    1741
    1741
    1764
    1708
    1710
    1790
    1726
    1697
    1770
    1674
    1714
    1752
    1724
    1667
    1743
    1744
    1764
    1719
    1733
    1628
    1689
    1733
    1674
    1736
    1707
    1615
    1699
    1812
    1739
    1692
    1739
    1713
    1721
    1680
    1773
    1748
    1704
    1662
    1715
    1633
    1662
    1671
    1713
    1642
    1637
    1721
    1583
    1734
    1649
    1673
    1684
    1649
    1631
    1634
    1624
    1594
    1617
    1676
    1594
    1629
    1637
    1627
    1641
    1680
    1705
    1599
    1635
    1637
    1560
    1578
    1559
    1657
    1622
    1651
    1619
    1662
    1628
    1699
    1751
    1834
    1777
    1877
    1854
    1964
    1930
    1946
    1973
    1980
    1998
    2093
    2020
    2164
    2081
    2024
    2076
    2032
    1992
    2084
    2023
    2039
    2031
    1993
    1938
    1947
    1986
    1990
    1914
    1909
    1893
    1933
    1974
    1807
    1912
    1853
    1900
    1791
    1845
    1767
    1686
    1901
    1832
    1807
    1827
    1715
    1718
    1696
    1784
    1793
    1700
    1714
    1689
    1645
    1626
    1663
    1656
    1706
    1632
    1642
    1608
    1621
    1624
    1585
    1535
    1612
    1539
    1555
    1562
    1567
    1632
    1632
    1509
    1627
    1563
    1520
    1500
    1531
    1549
    1506
    1541
    1520
    1504
    1518
    1447
    1499
    1597
    1521
    1488
    1479
    1486
    1513
    1520
    1545
    1433
    1508
    1424
    1457
    1448
    1463
    1435
    1496
    1514
    1468
    1439
    1441
    1382
    1442
    1399
    1439
    1460
    1378
    1459
    1457
    1473
    1447
    1505
    1426
    1353
    1386
    1390
    1432
    1511
    1418
    1437
    1390
    1426
    1367
    1432
    1363
    1403
    1384
    1434
    1451
    1444
    1442
    1394
    1435
    1358
    1457
    1348
    1426
    1383
    1412
    1411
    1458
    1369
    1368
    1421
    1396
    1390
    1403
    1420
    1378
    1371
    1402
    1490
    1377
    1376
    1336
    1322
    1388
    1432
    1381
    1431
    1400
    1315
    1349
    1446
    1435
    1472
    1391
    1424
    1434
    1410
    1389
    1417
    1391
    1467
    1476
    1409
    1504
    1470
    1443
    1488
    1497
    1358
    1445
    1390
    1414
    1407
    1363
    1438
    1419
    1419
    1400
    1361
    1318
    1306
    1316
    1320
    1276
    1288
    1240
    1202
    1220
    1214
    1131
    1064
    1099
    1116
    1102
    1087
    1045
    1021
     989
     976
     948
     871
     936
     827
     844
     796
     784
     781
     734
     702
     630
     685
     636
     622
     575
     571
     530
     545
     476
     526
     544
     472
     478
     428
     486
     432
     380
     386
     413
     354
     382
     372
     339
     343
     332
     309
     299
     286
     292
     270
     267
     290
     265
     275
     270
     257
     246
     224
     224
     247
     226
     215
     244
     203
     255
     242
     210
     208
     228
     227
     192
     178
     197
     215
     183
     200
     211
     227
     178
     196
     202
     191
     191
     202
     202
     208
     211
     203
     196
     196
     182
     193
     204
     223
     237
     217
     194
     233
     269
     267
     287
     284
     327
     328
     323
     413
     442
     493
     529
     579
     624
     750
     842
     860
    1014
    1043
    1159
    1325
    1517
    1589
    1801
    1967
    2109
    2324
    2594
    2882
    3172
    3427
    3635
    3917
    4096
    4552
    4805
    5167
    5295
    5751
    6154
    6221
    6565
    6883
    7152
    7445
    7781
    8029
    8113
    8361
    8722
    8723
    8935
    8984
    9118
    9046
    9055
    8834
    8738
    8781
    8691
    8271
    7999
    7993
    7713
    7315
    7080
    6703
    6341
    6334
    5832
    5649
    5277
    4799
    4574
    4241
    4065
    3737
    3314
    3154
    2983
    2584
    2419
    2245
    1984
    1838
    1590
    1512
    1273
    1205
    1081
     983
     866
     741
     663
     570
     475
     431
     423
     331
     316
     311
     234
     205
     201
     173
     143
     125
     144
      97
      99
     101
      91
      84
      80
      66
      53
      73
      56
      74
      56
      55
      60
      70
      47
      58
      46
      39
      36
      40
      42
      56
      49
      56
      45
      33
      58
      38
      59
      35
      49
      56
      42
      57
      51
      45
      55
      58
      48
      46
      51
      45
      63
      50
      52
      59
      42
      52
      35
      33
      41
      35
      50
      38
      40
      43
      51
      48
      43
      51
      40
      57
      43
      38
      41
      35
      37
      48
      37
      42
      45
      37
      37
      43
      36
      46
      50
      48
      45
      36
      26
      38
      39
      33
      42
      35
      33
      40
      43
      43
      34
      36
      49
      41
      41
      44
      34
      44
      44
      34
      40
      36
      51
      34
      51
      45
      36
      35
      28
      36
      43
      34
      43
      42
      45
      43
      39
      45
      35
      34
      30
      37
      38
      32
      33
      41
      37
      34
      32
      36
      41
      33
      32
      33
      37
      36
      36
      40
      33
      39
      30
      33
      35
      35
      27
      35
      35
      40
      33
      36
      30
      40
      28
      34
      36
      27
      27
      38
      35
      29
      25
      29
      27
      36
      28
      46
      29
      27
      41
      32
      33
      34
      26
      27
      33
      32
      29
      30
      35
      25
      34
      30
      36
      17
      37
      30
      27
      35
      29
      32
      31
      32
      27
      25
      26
      24
      26
      32
      15
      30
      31
      25
      28
      23
      32
      21
      29
      19
      27
      29
      27
      27
      28
      29
      26
      25
      22
      23
      25
      26
      23
      30
      25
      20
      31
      21
      24
      23
      23
      22
      23
      19
      23
      24
      32
      20
      25
      24
      18
      23
      28
      23
      16
      22
      22
      23
      22
      24
      25
      17
      21
      19
      17
      28
      27
      25
      26
      18
      20
      21
      18
      21
      21
      20
      22
      21
      14
      25
      21
      22
      20
      16
      26
      25
      24
      16
      14
      18
      21
      18
      19
      15
      23
      11
      17
      15
      24
      18
      12
      15
      17
      18
      22
      19
      21
      14
      17
      17
      15
      17
      11
      13
      15
       8
      16
      22
      14
      15
      17
      13
      14
      14
      17
      21
      14
      16
      11
      22
      12
      15
      12
      17
      16
      10
      19
      12
      15
      14
      11
      10
       9
      14
      19
      12
       9
      11
      17
       9
       7
      16
      13
      12
      21
      12
      14
      17
      16
      11
      10
      13
      10
      14
      10
      13
      17
      15
      13
      14
      14
      12
      18
      13
       6
      27
       8
      12
      15
      18
      13
      10
      20
      19
      10
      16
      12
       8
      11
      11
       9
      12
      17
      20
      15
      12
      18
       8
       9
      11
      18
      12
      15
      22
      20
      19
      16
      21
      16
      21
      11
      20
      25
      21
      18
      20
      22
      18
      19
      19
      20
      16
       9
      23
      18
      17
      10
       9
      15
      27
      22
      21
      13
      23
      20
      13
      27
      21
      21
      14
      18
      21
      25
      13
      20
      16
      15
      19
      23
      11
      15
      10
      14
      16
      21
      17
      15
      16
      11
      12
      18
      16
       7
      14
      10
      12
      18
      12
      13
      12
      14
      13
       9
      10
      14
       6
       9
      10
      10
       5
       6
       9
       5
      13
       4
       5
       7
       9
       8
      13
       3
       8
       5
       5
       6
       6
       7
       3
       8
       8
       2
       1
       6
       4
       1
       1
       5
       8
       6
       4
       9
       3
      11
       6
       2
       5
       1
      11
      10
      13
       4
       6
       7
       3
       4
       4
       2
       6
       5
       4
       4
       9
       3
       8
       7
       9
       4
       1
       4
       4
       5
       4
       7
       4
       6
       8
       6
       3
       5
       4
       3
       6
       6
       1
       4
       2
       2
       3
       3
       0
       2
       5
       3
       2
       2
       1
       1
       2
       5
       2
       2
       1
       2
       1
       1
       2
       5
       2
       2
       2
       2
       1
       1
       1
       2
       2
       0
       0
       0
       5
       2
       1
       1
       1
       2
       0
       1
       1
       1
       0
       4
       2
       0
       1
       2
       3
       0
       1
       0
       4
       1
       0
       2
       0
       0
       1
       0
       2
       1
       0
       0
       1
       1
       0
       1
       0
       1
       0
       2
       3
       0
       2
       1
       2
       0
       2
       1
       0
       0
       2
       3
       2
       0
       3
       0
       0
       0
       1
       0
       0
       0
       2
       1
       0
       0
       0
       1
       2
       1
       1
       0
       0
       0
       1
       1
       3
       1
       3
       1
       2
       0
       2
       3
       2
       1
       0
       1
       1
       1
       0
       2
       2
       0
       0
       0
       2
       1
       2
       2
       1
       1
       1
       0
       0
       0
       1
       1
       0
       2
       0
       0
       2
       1
       0
       1
       0
       0
       1
       2
       2
       1
       1
       1
       0
       1
       2
       0
       3
       1
       2
       0
       1
       1
       0
       1
       1
       0
       0
       2
       0
       3
       1
       2
       0
       2
       1
       2
       1
       2
       3
       0
       0
       0
       1
       1
       0
       1
       1
       2
       0
       1
       1
       0
       0
       1
       0
       0
       0
       0
       0
       1
       0
       0
       0
       2
       3
       5
       2
       0
       0
       1
       0
       1
       1
       1
       0
       0
       0
       1
       1
       3
       0
       0
       0
       0
       0
       1
       0
       0
       0
       2
       1
       1
       0
       2
       1
       0
       0
       2
       1
       0
       0
       0
       0
       0
       1
       0
       0
       0
       0
       3
       0
       0
       1
       0
       1
       0
       0
       1
       0
       0
       1
       0
       0
       2
       1
       0
       1
       0
       1
       0
       0
       3
       0
       0
       0
       1
       2
       1
       0
       0
       0
       0
       1
       0
       0
       2
       0
       0
       0
       1
       0
       0
       2
       0
       1
       0
       0
       0
       0
       0
       0
       0
       0
       0
       0
       0
       0
       1
       0
       0
       1
       0
       0
       0
       0
       0
       0
       0
       2
       1
       1
       0
       2
       0
       2
       0
       0
       1
       0
       0
       0
       2
       1
       0
       1
       0
       1
       1
       1
       1
       0
       1
       2
       1
       0
       0
       0
       0
       0
       0
       0
       0
       0
       0
       0
       0
       1
       1
       1
       0
       0
       0
       0
       0
       1
       2
       2
       0
       2
       0
       0
       0
       0
       1
       0
       1
       0
       0
       0
       0
       0
       0
       2
       0
       0
       0
       3
       1
       0
       1
       0
       0
       1
       0
       0
       0
       0
       0
       0
       0
       1
       0
       1
       1
       0
       0
       0
       0
       1
       2
       1
       0
       1
       0
       0
       1
       1
       0
       0
       0
       0
       0
       3
       2
       0
       1
       0
       1
       0
       1
       0
       1
       0
       1
       0
       0
       0
       0
       0
       2
       0
       1
       3
       0
       0
       0
       1
       0
       1
       0
       0
       0
       0
       1
       2
       0
       1
       1
       0
       0
       1
       1
       0
       1
       1
       1
       0
       1
       1
       0
       1
       0
       1
       0
       0
       1
       1
       0
       0
       0
       0
       1
       0
       0
       2
       0
       1
       1
       0
       0
       1
       0
       2
       0
       0
       1
       1
       0
       0
       1
       1
       1
       0
       1
       2
       0
       2
       0
       1
       0
       1
       0
       1
       0
       0
       1
       0
       0
       0
       0
       0
       0
       0
       1
       0
       0
       0
       1
       0
       1
       0
       0
       1
       0
       2
       0
       0
       0
       1
       1
       1
       0
       1
       0
       1
       0
       0
       0
       0
       0
       0
       1
       0
       0
       0
       0
       1
       1
       0
       0
       1
       0
       1
       0
       0
       1
       0
       0
       0
       0
       1
       0
       0
       0
       0
       0
       0
       0
       0
       0
       1
       0
       0
       0
       0
       0
       0
       0
       0
       0
       0
       1
       0
       0
       1
       1
       0
       0
       0
       0
       0
       0
       0
       1
       0
       0
       0
       0
       0
       1
       0
       0
       0
       0
       0
       0
       0
       0
       0
       1
       0
       0
       0
       0
       0
       1
       0
       0
       0
       0
       0
       1
       0
       1
       0
       0
       0
       0
       0
       0
       0
       0
       0
       0
       0
       0
       0
       0
       0
       0
       1
       0
       0
       0
       1
       0
       0
       2
       0
       0
       1
       0
       0
       0
       0
       0
       0
       0
       0
       0
       0
       1
       0
       0
       0
       0
       0
       0
       0
       0
       0
       0
       0
       0
       0
       0
       0
       0
       0
       1
       0
       0
       0
       0
       0
       0
       0
       0
       0
       0
       0
       0
       0
       0
       0
       0
       0
       0
       0
       0
       0
       0
       0
       0
       0
       0
       0
       0
       0
       0
       0
       0
       1
       0
       0
       0
       0
       1
       1
       0
       0
       1
       0
       0
       0
       0
       1
       0
       1
       1
       0
       0
       0
       1
       0
       0
       1
       1
       0
       0
       1
       0
       0
       0
       1
       0
       1
       0
       0
       0
       1
       1
       2
       1
       0
       0
       1
       0
       1
       0
       0
       1
       1
       2
       0
       0
       0
       0
       0
       0
       0
       1
       0
       1
       1
       0
       0
       0
       0
       0
       0
       1
       1
       1
       1
       0
       0
       2
       0
       1
       0
       0
       1
       0
       0
       0
       0
       0
       2
       0
       1
       0
       0
       0
       1
       1
       0
       0
       0
       1
       0
       0
       0
       0
       0
       0
       0
       0
       1
       0
       0
       0
       0
       0
       1
       0
       0
       0
       0
       0
       0
       0
       0
       0
       0
       0
       0
       0
       1
       0
       0
       1
       0
       0
       0
       0
       0
       1
       0
       0
       0
       0
       0
       0
       0
       0
       0
       0
       0
       0
       0
       0
       0
       0
       0
       0
       0
       0
       0
       1
       0
       0
       0
       0
       0
       0
       0
       0
       0
       0
       0
       0
       0
       0
       0
       0
       0
       0
       0
       0
       0
       0
       0
       0
       0
       0
       0
       0
       0
       0
       0
       0
       0
       0
       0
       0
       0
       0
       0
       0
       0
       0
       0
       0
       0
       0
       0
       0
       0
       0
       0
       0
       0
       0
       0
       0
       0
       0
       0
       0
       0
       0
       0
       0
       0
       0
       0
$ROI:
2
433 561
896 1035
$PRESETS:
None
0
0
$ENER_FIT:
-54.092594 1.465894
$MCA_CAL:
3
-5.409259E+001 1.465894E+000 -4.602540E-005 keV
$SHAPE_CAL:
3
-5.474841E+001 2.638014E-001 -1.572140E-004
