$SPEC_ID:
No sample description was entered.
$SPEC_REM:
DET# 4
DETDESC# RBS-D MCB 129 Input 2
AP# Maestro Version 6.08
$DATE_MEA:
01/01/2008 01:28:38
$MEAS_TIM:
88 111
$DATA:
0 2047
       0
       0
       0
       0
       0
    1459
     708
     768
     692
     700
     704
     668
     649
     660
     745
     741
     743
     761
     786
     724
     809
     877
    1028
    1359
    1919
    2732
    3483
    4044
    4029
    3537
    2872
    2163
    1708
    1385
    1230
     971
     896
     812
     820
     848
     827
     840
     831
     751
     854
     835
     885
     830
     855
     828
     860
     883
     780
     891
     824
     844
     862
     812
     827
     912
     830
     880
     862
     923
     878
     876
     848
     876
     826
     869
     835
     891
     882
     879
     828
     914
     859
     878
     869
     892
     816
     860
     872
     847
     856
     839
     790
     837
     885
     869
     829
     896
     882
     879
     825
     865
     844
     853
     828
     868
     825
     824
     849
     822
     819
     811
     881
     827
     873
     820
     823
     879
     812
     834
     833
     831
     827
     789
     857
     835
     848
     806
     867
     819
     879
     859
     834
     824
     793
     797
     822
     756
     854
     848
     832
     837
     835
     815
     854
     857
     936
     914
     942
     925
     971
     993
     947
    1000
     984
    1012
    1067
    1018
    1112
    1067
    1012
    1074
    1024
    1012
    1089
    1009
    1074
    1036
     999
    1011
     935
     996
    1006
     955
     943
     997
     979
    1000
     915
     947
     953
     944
     884
     941
     905
     868
     951
     929
     893
     957
     863
     874
     840
     905
     901
     861
     877
     834
     828
     802
     833
     860
     867
     859
     813
     800
     798
     858
     797
     772
     834
     796
     811
     781
     816
     879
     852
     779
     825
     806
     804
     761
     790
     780
     775
     808
     767
     775
     791
     719
     766
     821
     769
     753
     721
     745
     781
     746
     810
     694
     777
     731
     746
     715
     766
     726
     762
     768
     720
     735
     720
     761
     703
     709
     744
     751
     697
     755
     750
     734
     720
     770
     731
     691
     709
     709
     708
     752
     704
     733
     624
     721
     692
     723
     692
     703
     734
     762
     735
     714
     709
     712
     772
     680
     757
     704
     688
     709
     728
     721
     742
     710
     648
     711
     677
     741
     711
     738
     749
     707
     709
     762
     672
     724
     661
     710
     705
     708
     710
     726
     692
     668
     668
     724
     709
     728
     687
     705
     715
     706
     712
     713
     697
     725
     767
     721
     806
     723
     712
     738
     770
     679
     706
     690
     739
     731
     713
     741
     726
     696
     696
     682
     676
     655
     660
     656
     633
     633
     654
     619
     604
     598
     552
     537
     562
     546
     575
     557
     524
     545
     486
     509
     484
     455
     458
     402
     466
     394
     398
     389
     374
     352
     325
     335
     331
     335
     277
     319
     284
     281
     245
     269
     279
     230
     238
     232
     258
     211
     199
     198
     219
     166
     180
     199
     163
     159
     168
     163
     141
     137
     149
     135
     128
     144
     119
     136
     135
     125
     121
     115
     113
     120
     124
     105
     113
     115
     135
     125
      99
     101
     122
     110
      98
      75
      92
     112
      90
     104
     111
     108
     105
      99
      98
     104
      97
     100
     100
     115
     103
     110
      93
     102
      83
      90
     104
      99
     122
     115
      95
     139
     131
     132
     146
     136
     181
     165
     175
     211
     246
     256
     273
     305
     316
     402
     417
     412
     496
     565
     573
     649
     756
     794
     925
    1031
    1041
    1128
    1302
    1420
    1589
    1694
    1893
    2020
    2024
    2286
    2460
    2666
    2705
    2906
    3104
    3161
    3311
    3521
    3601
    3760
    3914
    3987
    4100
    4259
    4453
    4395
    4578
    4558
    4688
    4511
    4540
    4443
    4514
    4491
    4401
    4185
    4109
    4017
    3873
    3678
    3605
    3446
    3227
    3269
    3008
    2909
    2670
    2468
    2331
    2162
    2039
    1941
    1661
    1643
    1501
    1332
    1219
    1175
     983
     951
     860
     753
     611
     609
     553
     492
     440
     392
     325
     292
     256
     216
     221
     172
     166
     158
     107
     107
      99
      76
      74
      66
      80
      55
      49
      54
      41
      41
      44
      35
      32
      43
      27
      36
      26
      32
      31
      37
      33
      32
      19
      19
      23
      23
      18
      35
      29
      25
      20
      15
      24
      19
      32
      20
      35
      26
      22
      29
      25
      25
      25
      29
      31
      22
      25
      27
      37
      22
      23
      33
      22
      21
      15
      16
      20
      17
      22
      16
      20
      21
      24
      18
      22
      21
      20
      27
      19
      23
      19
      18
      24
      35
      22
      20
      19
      21
      15
      24
      17
      20
      32
      26
      21
      14
      12
      17
      18
      16
      22
      17
      15
      18
      18
      21
      22
      22
      20
      17
      26
      16
      16
      20
      25
      14
      17
      12
      29
      16
      26
      19
      22
      17
      15
      16
      23
      15
      23
      23
      18
      22
      22
      20
      22
      18
      13
      21
      18
      15
      17
      18
      18
      19
      14
      25
      19
      15
      10
      11
      20
      22
      23
      18
      18
      20
      11
      16
      18
      20
      14
      17
      20
      18
      21
      20
      16
      18
      15
      21
      21
      12
      13
      18
      17
      12
      15
      19
       9
      15
      15
      21
      13
      15
      24
      15
      19
      16
      12
      12
      21
      15
       9
      16
      12
      12
      17
      18
      12
       5
      19
      12
      13
      15
      11
      15
      15
      14
      11
      11
      10
      12
      15
      21
       8
      14
      16
      14
      12
      16
      13
      13
      15
      14
      13
      16
      13
      15
      13
      18
      13
      13
      13
      10
      12
       6
       8
      14
      11
      11
      14
      12
      12
      14
      16
      12
      13
       8
      10
      12
      16
      10
       9
      14
       9
      12
      12
       8
       7
      14
      12
       6
      13
      15
      11
       9
      10
      14
       7
      17
       9
      15
      16
       7
       9
      10
      10
      10
      12
       9
      11
      13
      10
      15
      14
      11
       8
       7
      15
      14
      13
       8
       9
       9
      10
       9
      14
       8
      15
       5
       8
       7
      11
       8
       3
       9
       7
       9
       9
      10
      10
       4
       6
       9
       8
      11
       7
       6
       7
       3
       9
      12
      10
       9
       8
       8
      11
       9
       8
      13
       5
       5
       7
      10
       5
       8
       5
       9
       9
       2
      10
       6
      12
       6
       6
       6
       4
       9
      10
       5
       5
       3
       9
       4
       6
       4
       5
       5
      11
       8
       6
      10
       6
       5
       7
       9
       7
       8
       7
       5
       5
       6
       7
       6
       7
       8
       4
       6
       2
      15
       6
       6
       7
       8
       6
       4
      12
       9
       4
       7
       9
       5
       6
       6
       5
       9
      11
      13
      10
       4
      11
       2
       5
       3
       7
       5
       1
      13
      14
       8
       8
      14
       5
      12
       7
       9
      12
      11
      13
      10
      13
      10
       6
      10
      12
       9
       6
      11
       9
      10
       4
       3
       7
      16
      11
      10
       5
       9
       7
       6
      12
      12
      12
       9
       6
      10
      14
       6
       9
       8
       4
      14
      11
       4
       7
       5
       8
       5
      10
       7
       9
       6
       8
       7
       7
       7
       3
       8
       7
       5
       9
       6
       9
       5
       7
       4
       4
       6
       5
       4
       7
       8
       3
       4
       2
       4
       0
       5
       3
       1
       7
       5
       5
       4
       2
       5
       1
       2
       4
       4
       4
       1
       3
       4
       2
       0
       4
       1
       1
       0
       2
       4
       2
       2
       4
       2
       4
       2
       1
       3
       0
       8
       1
       7
       2
       5
       5
       3
       2
       3
       0
       4
       3
       2
       2
       6
       2
       5
       4
       4
       3
       1
       1
       3
       2
       2
       1
       3
       5
       4
       5
       1
       1
       1
       2
       3
       3
       1
       2
       1
       0
       2
       2
       0
       1
       1
       2
       0
       1
       1
       1
       1
       3
       2
       1
       0
       1
       1
       1
       0
       2
       1
       0
       1
       2
       0
       1
       1
       1
       1
       0
       0
       0
       2
       1
       1
       0
       1
       0
       0
       1
       0
       1
       0
       1
       1
       0
       1
       2
       1
       0
       0
       0
       2
       1
       0
       1
       0
       0
       0
       0
       0
       0
       0
       0
       1
       1
       0
       0
       0
       1
       0
       1
       2
       0
       1
       1
       1
       0
       2
       1
       0
       0
       1
       0
       1
       0
       2
       0
       0
       0
       1
       0
       0
       0
       1
       0
       0
       0
       0
       0
       1
       1
       0
       0
       0
       0
       0
       0
       2
       1
       0
       0
       2
       0
       2
       3
       0
       0
       0
       0
       1
       0
       0
       2
       2
       0
       0
       0
       2
       1
       1
       2
       1
       0
       1
       0
       0
       0
       0
       1
       0
       0
       0
       0
       0
       0
       0
       1
       0
       0
       0
       0
       1
       0
       0
       1
       0
       0
       1
       0
       2
       0
       2
       0
       1
       1
       0
       1
       0
       0
       0
       1
       0
       1
       0
       1
       0
       2
       1
       1
       1
       1
       0
       0
       0
       0
       1
       1
       0
       1
       0
       0
       0
       0
       0
       0
       0
       0
       0
       0
       0
       0
       0
       0
       0
       0
       0
       0
       1
       3
       1
       0
       0
       1
       0
       0
       0
       1
       0
       0
       0
       0
       1
       0
       0
       0
       0
       0
       0
       0
       0
       0
       0
       2
       1
       1
       0
       1
       0
       0
       0
       2
       1
       0
       0
       0
       0
       0
       0
       0
       0
       0
       0
       1
       0
       0
       0
       0
       1
       0
       0
       1
       0
       0
       0
       0
       0
       1
       0
       0
       1
       0
       0
       0
       0
       1
       0
       0
       0
       0
       0
       1
       0
       0
       0
       0
       1
       0
       0
       2
       0
       0
       0
       1
       0
       0
       0
       0
       1
       0
       0
       0
       0
       0
       0
       0
       0
       0
       0
       0
       0
       0
       0
       0
       1
       0
       0
       0
       0
       0
       0
       0
       1
       1
       1
       0
       1
       0
       1
       0
       0
       0
       0
       0
       0
       1
       1
       0
       0
       0
       0
       0
       0
       1
       0
       0
       1
       1
       0
       0
       0
       0
       0
       0
       0
       0
       0
       0
       0
       0
       0
       0
       1
       0
       0
       0
       0
       0
       0
       1
       2
       0
       1
       0
       0
       0
       0
       0
       0
       1
       0
       0
       0
       0
       0
       0
       1
       0
       0
       0
       1
       0
       0
       0
       0
       0
       0
       0
       0
       0
       0
       0
       0
       0
       0
       0
       0
       1
       0
       0
       0
       0
       0
       1
       0
       0
       1
       0
       0
       1
       1
       0
       0
       0
       0
       0
       1
       0
       0
       0
       0
       1
       0
       0
       0
       0
       0
       0
       0
       0
       0
       0
       0
       1
       0
       0
       2
       0
       0
       0
       1
       0
       1
       0
       0
       0
       0
       1
       0
       0
       1
       0
       0
       0
       0
       1
       0
       0
       1
       1
       0
       1
       0
       0
       0
       0
       0
       0
       0
       0
       1
       0
       0
       0
       0
       0
       0
       0
       1
       0
       0
       0
       0
       0
       1
       0
       1
       0
       0
       1
       0
       0
       0
       1
       0
       1
       0
       0
       0
       0
       1
       0
       0
       0
       1
       0
       0
       0
       0
       0
       0
       0
       0
       0
       0
       0
       0
       1
       0
       0
       0
       0
       0
       0
       0
       0
       1
       0
       0
       0
       0
       0
       0
       0
       0
       0
       0
       0
       1
       0
       0
       0
       0
       0
       0
       0
       0
       0
       0
       0
       1
       1
       0
       0
       1
       0
       0
       0
       0
       1
       0
       0
       0
       0
       0
       0
       0
       0
       0
       0
       0
       0
       0
       0
       0
       0
       0
       0
       0
       0
       0
       0
       0
       0
       0
       0
       0
       0
       1
       0
       0
       0
       0
       0
       0
       0
       0
       1
       0
       0
       0
       0
       0
       0
       0
       0
       0
       0
       0
       0
       0
       0
       0
       0
       0
       0
       0
       0
       0
       1
       0
       0
       0
       0
       0
       0
       0
       0
       0
       0
       0
       0
       0
       0
       0
       0
       0
       0
       0
       0
       0
       0
       0
       0
       1
       0
       0
       0
       1
       0
       0
       1
       0
       0
       0
       0
       0
       0
       0
       0
       0
       0
       0
       0
       0
       0
       0
       0
       0
       0
       0
       0
       0
       0
       0
       0
       0
       0
       0
       0
       0
       0
       0
       1
       0
       0
       0
       0
       0
       0
       0
       0
       0
       0
       0
       0
       0
       0
       0
       0
       0
       0
       0
       0
       0
       0
       0
       0
       0
       0
       0
       0
       0
       0
       0
       0
       0
       0
       0
       0
       0
       1
       0
       0
       0
       0
       0
       0
       0
       0
       0
       0
       1
       1
       0
       0
       0
       0
       0
       0
       1
       0
       0
       0
       0
       0
       0
       0
       0
       0
       1
       0
       0
       0
       0
       1
       0
       1
       0
       0
       1
       0
       0
       0
       0
       1
       1
       2
       0
       0
       0
       0
       0
       0
       0
       1
       0
       0
       0
       0
       0
       0
       0
       0
       0
       0
       1
       0
       1
       0
       0
       2
       0
       0
       0
       0
       1
       0
       0
       0
       0
       0
       0
       0
       0
       0
       0
       0
       0
       0
       0
       0
       0
       1
       0
       0
       0
       0
       0
       0
       0
       0
       1
       0
       0
       0
       0
       0
       1
       0
       0
       0
       0
       0
       0
       0
       0
       0
       0
       0
       0
       0
       1
       0
       0
       1
       0
       0
       0
       0
       0
       1
       0
       0
       0
       0
       0
       0
       0
       0
       0
       0
       0
       0
       0
       0
       0
       0
       0
       0
       0
       0
       0
       0
       0
       0
       0
       0
       0
       0
       0
       0
       0
       0
       0
       0
       0
       0
       0
       0
       0
       0
       0
       0
       0
       0
       0
       0
       0
       0
       0
       0
       0
       0
       0
       0
       0
       0
       0
       0
       0
       0
       0
       0
       0
       0
       0
       0
       0
       0
       0
       0
       0
       0
       0
       0
       0
       0
       0
       0
       0
       0
       0
       0
       0
       0
       0
       0
       0
       0
       0
$ROI:
2
433 561
981 1139
$PRESETS:
None
0
0
$ENER_FIT:
-54.092594 1.465894
$MCA_CAL:
3
-5.409259E+001 1.465894E+000 -4.602540E-005 keV
$SHAPE_CAL:
3
-5.474841E+001 2.638014E-001 -1.572140E-004
