$SPEC_ID:
No sample description was entered.
$SPEC_REM:
DET# 4
DETDESC# RBS-D MCB 129 Input 2
AP# Maestro Version 6.08
$DATE_MEA:
01/01/2008 01:34:18
$MEAS_TIM:
328 415
$DATA:
0 2047
       0
       0
       0
       0
       0
    5384
    2751
    2864
    2715
    2560
    2589
    2567
    2494
    2521
    2658
    2757
    2771
    2697
    2777
    2778
    2992
    3249
    3924
    5067
    7149
   10171
   13320
   14981
   14913
   13128
   10495
    8231
    6589
    5179
    4431
    3822
    3375
    3139
    3131
    3007
    3074
    3021
    3041
    2946
    3025
    3047
    3131
    3092
    3106
    3167
    3147
    3183
    3035
    3187
    3092
    3204
    3141
    3200
    3156
    3358
    3200
    3301
    3210
    3254
    3233
    3207
    3357
    3265
    3131
    3333
    3204
    3227
    3308
    3250
    3192
    3299
    3248
    3251
    3269
    3189
    3144
    3233
    3245
    3200
    3252
    3209
    3121
    3206
    3340
    3237
    3121
    3268
    3222
    3156
    3214
    3306
    3242
    3220
    3170
    3271
    3140
    3108
    3169
    3179
    3142
    3103
    3188
    3038
    3183
    3101
    3141
    3242
    3151
    3088
    3158
    3050
    3052
    3103
    3026
    3076
    3090
    3104
    3062
    3068
    3104
    3130
    3017
    3053
    3109
    3022
    3061
    2937
    3145
    3143
    3099
    3078
    3122
    3242
    3205
    3349
    3432
    3376
    3476
    3511
    3634
    3683
    3760
    3769
    3733
    3826
    3867
    3903
    3944
    3935
    3845
    3887
    3830
    3853
    3866
    3878
    3748
    3770
    3787
    3616
    3668
    3618
    3642
    3624
    3623
    3546
    3631
    3648
    3433
    3508
    3553
    3526
    3405
    3386
    3383
    3257
    3511
    3388
    3413
    3355
    3296
    3288
    3211
    3285
    3294
    3190
    3182
    3197
    3039
    3056
    3142
    3077
    3168
    3080
    3103
    2982
    3066
    3075
    2953
    3009
    2954
    2907
    2845
    2998
    3009
    3032
    2986
    2923
    3014
    2903
    2884
    2828
    2824
    2807
    2866
    2846
    2849
    2823
    2887
    2698
    2873
    2889
    2741
    2852
    2757
    2852
    2802
    2733
    2847
    2733
    2780
    2747
    2788
    2723
    2689
    2739
    2807
    2764
    2697
    2707
    2691
    2660
    2709
    2711
    2752
    2715
    2643
    2747
    2720
    2752
    2682
    2810
    2649
    2611
    2663
    2640
    2654
    2729
    2676
    2674
    2699
    2648
    2631
    2727
    2551
    2651
    2620
    2633
    2688
    2711
    2688
    2645
    2696
    2650
    2690
    2592
    2727
    2654
    2691
    2616
    2649
    2554
    2548
    2606
    2648
    2598
    2680
    2623
    2613
    2662
    2641
    2759
    2625
    2611
    2548
    2551
    2613
    2688
    2683
    2702
    2663
    2597
    2608
    2696
    2650
    2700
    2675
    2678
    2681
    2662
    2611
    2673
    2545
    2649
    2705
    2738
    2676
    2760
    2751
    2768
    2790
    2639
    2667
    2655
    2639
    2602
    2584
    2669
    2672
    2637
    2623
    2525
    2491
    2522
    2419
    2483
    2413
    2339
    2392
    2281
    2272
    2215
    2127
    2047
    2079
    2076
    2048
    2052
    1914
    1894
    1825
    1843
    1750
    1674
    1725
    1597
    1576
    1503
    1458
    1449
    1374
    1275
    1219
    1288
    1215
    1185
    1137
    1057
    1051
    1031
     949
     932
     943
     878
     883
     796
     891
     810
     729
     683
     754
     667
     688
     667
     653
     616
     601
     588
     572
     530
     551
     514
     520
     558
     507
     506
     511
     489
     444
     452
     407
     465
     427
     422
     457
     389
     465
     445
     413
     389
     411
     402
     371
     357
     358
     410
     340
     387
     396
     434
     358
     373
     377
     375
     378
     379
     375
     378
     377
     392
     369
     372
     378
     376
     383
     388
     435
     423
     381
     453
     487
     492
     524
     516
     639
     636
     641
     740
     812
     927
     997
    1135
    1235
    1399
    1557
    1671
    1860
    2052
    2295
    2493
    2905
    3052
    3420
    3778
    4109
    4490
    4875
    5315
    5865
    6373
    6908
    7399
    7771
    8529
    9147
    9708
   10120
   10859
   11758
   11741
   12546
   13055
   13537
   14328
   14733
   15176
   15480
   15868
   16407
   16478
   16909
   16868
   17000
   17004
   17045
   16825
   16530
   16548
   16227
   15592
   14923
   14933
   14393
   13772
   13135
   12544
   12135
   11782
   10958
   10438
    9743
    9084
    8450
    7962
    7599
    6903
    6343
    5881
    5521
    4896
    4514
    4106
    3728
    3330
    3020
    2707
    2457
    2245
    2014
    1824
    1576
    1385
    1272
    1134
     902
     814
     773
     624
     591
     548
     441
     394
     361
     301
     292
     234
     237
     192
     198
     181
     162
     158
     156
     124
     101
     127
     118
     126
     101
     106
     113
     120
      96
     112
      89
     103
      90
      89
      85
     108
      88
     105
      97
      92
      99
      77
     107
      84
      91
      97
      91
      96
      96
      98
     105
      93
      86
      84
      94
      92
     108
      85
      95
      94
      86
      91
      73
      81
      78
      81
      90
      80
      82
      88
      88
      80
      78
      90
      85
     100
      82
      82
      71
      73
      73
      87
      85
      81
      78
      66
      65
      82
      77
      90
      88
      82
      82
      75
      71
      75
      75
      73
      76
      79
      74
      70
      92
      79
      64
      67
      82
      78
      69
      68
      59
      75
      75
      53
      70
      76
      82
      62
      87
      76
      74
      68
      61
      53
      74
      59
      74
      72
      75
      84
      68
      72
      64
      65
      61
      64
      68
      61
      63
      67
      60
      59
      53
      62
      71
      63
      61
      69
      72
      71
      68
      74
      67
      68
      61
      68
      56
      73
      53
      69
      61
      63
      65
      76
      58
      72
      62
      60
      57
      59
      58
      72
      64
      49
      55
      58
      64
      62
      57
      69
      62
      56
      65
      56
      66
      76
      68
      59
      58
      55
      62
      52
      63
      51
      55
      57
      61
      45
      61
      61
      48
      66
      47
      55
      58
      50
      57
      45
      55
      48
      47
      48
      35
      53
      52
      52
      56
      48
      59
      48
      58
      38
      49
      44
      49
      50
      54
      52
      60
      51
      41
      37
      50
      48
      47
      62
      54
      39
      48
      37
      40
      41
      44
      42
      38
      46
      39
      47
      51
      45
      43
      37
      37
      43
      48
      44
      37
      45
      38
      50
      40
      44
      48
      39
      38
      37
      36
      48
      42
      53
      56
      46
      37
      42
      44
      44
      42
      40
      38
      37
      28
      45
      32
      33
      44
      36
      39
      49
      40
      33
      35
      33
      44
      35
      29
      27
      41
      32
      29
      34
      36
      42
      22
      33
      26
      40
      37
      38
      38
      30
      29
      29
      29
      31
      28
      22
      27
      26
      32
      35
      27
      27
      28
      26
      23
      21
      34
      36
      25
      37
      27
      35
      35
      25
      30
      31
      28
      16
      28
      23
      24
      23
      22
      22
      23
      25
      29
      26
      24
      29
      30
      21
      19
      25
      21
      24
      30
      27
      29
      35
      33
      20
      23
      20
      22
      29
      19
      24
      25
      30
      25
      23
      26
      23
      31
      22
      17
      41
      21
      23
      22
      35
      25
      24
      30
      37
      25
      25
      27
      22
      30
      16
      22
      27
      24
      33
      37
      23
      26
      23
      18
      24
      28
      25
      32
      35
      31
      27
      27
      35
      29
      37
      26
      30
      39
      36
      31
      38
      33
      37
      37
      38
      34
      27
      28
      42
      34
      31
      24
      19
      38
      37
      40
      41
      32
      35
      36
      30
      40
      35
      36
      33
      29
      37
      43
      28
      35
      37
      29
      24
      35
      28
      31
      25
      30
      31
      38
      23
      31
      26
      25
      25
      28
      25
      20
      25
      25
      20
      29
      21
      23
      22
      26
      20
      18
      19
      22
      15
      15
      18
      17
      19
      15
      12
       7
      20
      10
       9
      11
      15
      17
      16
       5
      13
      12
      10
      11
      12
      16
       6
      13
       9
       7
       5
       9
      14
       6
       4
       8
      13
      10
       6
      12
       7
      17
      10
       9
       8
       8
      19
      17
      18
      11
      11
      15
       6
      10
       8
       5
      11
      10
       8
       8
      15
      12
      16
      11
      10
      12
      10
      11
       8
       9
      10
      11
       8
       9
      12
      11
       9
       9
       7
       5
       8
      10
       4
       6
       6
       3
       8
       3
       4
       5
       9
       5
       5
       2
       2
       3
       4
       6
       3
       3
       5
       4
       2
       2
       3
       6
       4
       2
       3
       5
       3
       1
       2
       2
       2
       3
       0
       1
       7
       3
       1
       1
       1
       2
       1
       2
       1
       2
       0
       6
       3
       0
       1
       2
       5
       0
       2
       2
       4
       1
       0
       5
       0
       1
       4
       0
       3
       3
       1
       0
       3
       1
       1
       1
       2
       1
       1
       2
       3
       1
       5
       1
       3
       1
       5
       2
       1
       0
       4
       5
       3
       0
       3
       1
       2
       0
       2
       2
       0
       2
       4
       4
       1
       1
       0
       1
       4
       1
       2
       1
       1
       0
       2
       1
       3
       2
       4
       1
       2
       1
       3
       6
       4
       3
       2
       3
       2
       3
       1
       3
       4
       1
       0
       0
       2
       1
       2
       3
       1
       2
       1
       0
       2
       2
       1
       1
       0
       3
       5
       0
       3
       3
       2
       1
       1
       0
       1
       4
       2
       2
       1
       2
       1
       3
       2
       0
       3
       2
       2
       1
       1
       1
       0
       1
       1
       0
       3
       3
       1
       4
       1
       2
       1
       3
       4
       3
       2
       2
       4
       0
       6
       0
       3
       2
       2
       2
       1
       3
       1
       1
       1
       1
       0
       3
       1
       0
       0
       2
       2
       1
       1
       0
       0
       3
       3
       5
       3
       0
       1
       1
       2
       2
       1
       2
       1
       1
       0
       1
       1
       3
       0
       1
       0
       1
       1
       2
       1
       0
       0
       3
       1
       1
       0
       2
       4
       0
       1
       2
       1
       0
       1
       1
       1
       0
       3
       0
       0
       0
       1
       3
       0
       0
       1
       2
       1
       1
       1
       1
       0
       0
       1
       2
       0
       2
       1
       0
       2
       0
       1
       0
       0
       3
       0
       0
       0
       1
       2
       1
       0
       2
       1
       1
       2
       0
       0
       2
       1
       0
       1
       3
       1
       0
       2
       1
       3
       1
       0
       0
       0
       0
       0
       0
       0
       0
       1
       0
       0
       1
       2
       1
       1
       0
       1
       0
       0
       0
       1
       0
       2
       1
       1
       2
       3
       0
       4
       0
       1
       1
       0
       1
       0
       2
       1
       0
       1
       0
       1
       1
       1
       1
       1
       2
       2
       3
       0
       0
       0
       0
       0
       0
       0
       1
       0
       0
       0
       0
       4
       1
       2
       0
       0
       0
       0
       0
       1
       2
       2
       1
       2
       0
       0
       0
       1
       1
       0
       1
       0
       1
       0
       2
       0
       0
       2
       0
       0
       0
       4
       1
       0
       2
       0
       2
       2
       0
       0
       1
       0
       1
       1
       0
       1
       1
       3
       2
       1
       0
       0
       1
       2
       3
       1
       1
       1
       0
       0
       1
       1
       0
       0
       0
       0
       2
       3
       2
       0
       2
       0
       1
       0
       2
       1
       1
       2
       2
       0
       0
       0
       0
       0
       2
       1
       1
       4
       0
       0
       0
       1
       0
       1
       0
       0
       2
       1
       2
       2
       1
       1
       2
       0
       0
       1
       1
       0
       3
       1
       1
       0
       1
       3
       0
       1
       0
       1
       1
       1
       2
       1
       0
       0
       1
       0
       1
       0
       1
       2
       0
       1
       1
       0
       0
       1
       1
       2
       1
       0
       1
       1
       0
       0
       1
       3
       2
       0
       3
       3
       1
       4
       0
       1
       1
       1
       1
       1
       2
       0
       1
       1
       1
       0
       0
       0
       1
       1
       2
       0
       1
       2
       1
       0
       2
       1
       1
       2
       0
       2
       0
       0
       0
       1
       2
       2
       0
       1
       1
       1
       0
       0
       0
       0
       0
       0
       1
       0
       0
       0
       0
       1
       2
       1
       0
       2
       0
       1
       2
       0
       1
       1
       1
       0
       0
       1
       1
       2
       0
       0
       0
       0
       0
       0
       0
       1
       0
       0
       0
       0
       0
       0
       1
       1
       0
       0
       2
       0
       0
       1
       1
       0
       0
       0
       0
       0
       0
       0
       1
       0
       0
       0
       0
       0
       1
       1
       0
       1
       0
       0
       0
       0
       1
       0
       1
       0
       0
       0
       0
       0
       1
       0
       0
       0
       0
       0
       1
       0
       1
       0
       0
       0
       0
       0
       0
       0
       0
       1
       0
       0
       1
       0
       0
       0
       2
       1
       0
       0
       0
       1
       0
       0
       2
       0
       0
       1
       1
       0
       0
       0
       0
       0
       0
       0
       0
       0
       1
       1
       0
       0
       0
       0
       0
       0
       0
       0
       0
       0
       0
       0
       0
       0
       0
       0
       1
       0
       1
       1
       0
       0
       0
       0
       0
       1
       0
       1
       0
       0
       0
       0
       0
       0
       0
       0
       0
       0
       0
       0
       0
       0
       0
       0
       0
       1
       0
       0
       1
       2
       0
       0
       0
       0
       1
       1
       0
       1
       1
       0
       0
       0
       0
       1
       1
       1
       1
       0
       0
       0
       1
       0
       0
       2
       1
       2
       0
       3
       0
       0
       0
       2
       0
       2
       0
       0
       0
       1
       2
       2
       1
       0
       0
       1
       0
       1
       1
       1
       2
       1
       2
       0
       0
       0
       1
       0
       0
       0
       1
       0
       1
       1
       0
       0
       0
       1
       0
       0
       1
       1
       2
       1
       1
       1
       2
       0
       2
       0
       1
       1
       0
       0
       0
       0
       0
       2
       0
       1
       0
       0
       0
       1
       1
       0
       1
       1
       1
       0
       0
       0
       0
       0
       0
       1
       1
       1
       0
       0
       1
       0
       0
       1
       0
       0
       0
       0
       0
       0
       1
       0
       1
       0
       0
       0
       0
       1
       0
       0
       1
       0
       0
       0
       0
       0
       1
       0
       0
       1
       0
       0
       0
       0
       0
       0
       0
       0
       0
       1
       0
       0
       0
       0
       0
       0
       0
       1
       1
       0
       0
       0
       0
       0
       0
       0
       0
       0
       0
       0
       0
       0
       0
       0
       0
       0
       0
       0
       0
       0
       0
       0
       0
       0
       0
       0
       0
       0
       0
       0
       0
       0
       0
       0
       0
       0
       0
       0
       0
       0
       0
       0
       0
       0
       0
       0
       0
       0
       0
       0
       0
       0
       0
       0
       0
       0
       0
       0
       0
       0
       0
       0
       0
       0
       0
       0
$ROI:
1
433 561
$PRESETS:
None
0
0
$ENER_FIT:
-54.092594 1.465894
$MCA_CAL:
3
-5.409259E+001 1.465894E+000 -4.602540E-005 keV
$SHAPE_CAL:
3
-5.474841E+001 2.638014E-001 -1.572140E-004
