$SPEC_ID:
No sample description was entered.
$SPEC_REM:
DET# 4
DETDESC# RBS-D MCB 129 Input 2
AP# Maestro Version 6.08
$DATE_MEA:
01/01/2008 01:44:58
$MEAS_TIM:
741 938
$DATA:
0 2047
       0
       0
       0
       0
       0
   12226
    6090
    6354
    6196
    5819
    5791
    5780
    5730
    5799
    5982
    6109
    6139
    6139
    6314
    6341
    6803
    7322
    8747
   11375
   16141
   23064
   29780
   33822
   33892
   29473
   23803
   18698
   14736
   11847
    9818
    8582
    7531
    7029
    6925
    6728
    6948
    6735
    6917
    6805
    6865
    6891
    7063
    7107
    7009
    7081
    7170
    7066
    7094
    7187
    7155
    7306
    7187
    7271
    7187
    7399
    7252
    7365
    7245
    7297
    7427
    7318
    7423
    7371
    7304
    7413
    7305
    7251
    7390
    7359
    7207
    7378
    7135
    7357
    7348
    7320
    7215
    7357
    7153
    7297
    7338
    7117
    7132
    7350
    7469
    7179
    7179
    7220
    7174
    7159
    7178
    7334
    7183
    7171
    7151
    7199
    7087
    7013
    7210
    7086
    7053
    7085
    7039
    6977
    7008
    7069
    7070
    7132
    7129
    6977
    7114
    7032
    6960
    6959
    6878
    6994
    7007
    7015
    6996
    6891
    6865
    7028
    6985
    6960
    6991
    6858
    6891
    6755
    6960
    7045
    7017
    6997
    7157
    7381
    7221
    7498
    7761
    7726
    7818
    7912
    8220
    8297
    8454
    8473
    8375
    8511
    8574
    8634
    8865
    8826
    8807
    8732
    8739
    8637
    8684
    8706
    8570
    8606
    8538
    8305
    8232
    8327
    8186
    8160
    8133
    8123
    8110
    8059
    7951
    7961
    7909
    7881
    7698
    7790
    7535
    7559
    7673
    7546
    7671
    7433
    7304
    7451
    7258
    7376
    7308
    7298
    7254
    7199
    7045
    6974
    7089
    7021
    7176
    6915
    6895
    6775
    6992
    6856
    6764
    6805
    6771
    6565
    6614
    6750
    6732
    6666
    6647
    6634
    6782
    6624
    6534
    6499
    6582
    6460
    6617
    6497
    6427
    6431
    6446
    6261
    6539
    6455
    6268
    6435
    6205
    6414
    6318
    6244
    6291
    6211
    6325
    6332
    6215
    6128
    6165
    6266
    6312
    6220
    6142
    6059
    6148
    5958
    6221
    6142
    6218
    6073
    6029
    6120
    6146
    6184
    6093
    6235
    6115
    6031
    6175
    6103
    6062
    6125
    5900
    6036
    5977
    6025
    5927
    6120
    5873
    5903
    6004
    6054
    6157
    6024
    6081
    6070
    5912
    6003
    6057
    6007
    6044
    6034
    5988
    5972
    5996
    5836
    5858
    5868
    6013
    5938
    5944
    5925
    5933
    6099
    5997
    6147
    5907
    5895
    5974
    5903
    5992
    6058
    6058
    5948
    5999
    5947
    6057
    6068
    6016
    6225
    6131
    5975
    5961
    5988
    5993
    6162
    5929
    5990
    6161
    6092
    5952
    6176
    6138
    6176
    6178
    6077
    6097
    5996
    5969
    5892
    5871
    6015
    5992
    5889
    5953
    5767
    5679
    5711
    5583
    5551
    5457
    5308
    5348
    5229
    5181
    5052
    4889
    4696
    4763
    4639
    4590
    4551
    4291
    4251
    4131
    4089
    3919
    3698
    3850
    3614
    3445
    3439
    3200
    3248
    3046
    2898
    2842
    2822
    2621
    2661
    2503
    2397
    2395
    2297
    2149
    2143
    2075
    1990
    1946
    1887
    1939
    1785
    1673
    1638
    1642
    1580
    1513
    1482
    1502
    1397
    1426
    1346
    1329
    1237
    1274
    1205
    1212
    1225
    1160
    1162
    1132
    1069
    1048
    1049
     983
     988
    1041
    1003
     987
     919
    1000
     979
     891
     872
     941
     918
     874
     860
     879
     903
     831
     854
     823
     882
     852
     828
     854
     826
     812
     856
     834
     799
     853
     853
     840
     858
     870
     880
     837
     930
     976
     945
     970
    1035
    1085
    1121
    1139
    1212
    1412
    1444
    1592
    1718
    1866
    2035
    2253
    2563
    2882
    3205
    3553
    3819
    4309
    4687
    5367
    5854
    6634
    7042
    7839
    8631
    9406
   10235
   11124
   12274
   13354
   14541
   15882
   16834
   17835
   19575
   20809
   21936
   23395
   24700
   26404
   27180
   28611
   30004
   30938
   32417
   33348
   34503
   35624
   36231
   36967
   37403
   37890
   37971
   38519
   38461
   38323
   37915
   37378
   36999
   36169
   35195
   33998
   33311
   32374
   31054
   29598
   28458
   27207
   26291
   24695
   23417
   21760
   20347
   18945
   17873
   16664
   15342
   14113
   13179
   12188
   10807
   10037
    9212
    8194
    7416
    6783
    5976
    5493
    4923
    4424
    3977
    3524
    3059
    2819
    2428
    2017
    1857
    1672
    1412
    1298
    1152
    1043
     903
     811
     650
     669
     539
     502
     451
     438
     388
     377
     322
     353
     311
     253
     288
     264
     286
     244
     236
     236
     263
     245
     242
     220
     216
     196
     192
     202
     219
     195
     235
     226
     231
     204
     182
     236
     211
     209
     237
     222
     212
     209
     200
     200
     192
     210
     195
     204
     210
     228
     190
     194
     187
     184
     200
     176
     194
     198
     170
     204
     200
     198
     207
     199
     198
     196
     180
     174
     198
     183
     175
     168
     178
     174
     194
     199
     189
     173
     161
     168
     177
     189
     176
     180
     174
     185
     171
     170
     180
     188
     182
     160
     183
     175
     163
     180
     181
     158
     163
     181
     164
     162
     175
     161
     172
     161
     133
     153
     171
     164
     156
     190
     169
     155
     152
     138
     150
     158
     142
     143
     152
     147
     182
     143
     159
     144
     141
     138
     147
     146
     143
     142
     158
     134
     154
     142
     155
     152
     136
     134
     159
     150
     150
     156
     148
     146
     147
     155
     153
     124
     146
     132
     139
     149
     138
     137
     157
     154
     161
     129
     142
     148
     135
     134
     150
     149
     118
     124
     151
     151
     157
     120
     142
     131
     121
     145
     141
     133
     150
     132
     132
     140
     120
     124
     124
     135
     132
     127
     136
     136
     133
     130
     123
     130
     139
     112
     130
     136
     115
     126
     112
     130
     129
     113
     122
      95
     121
     115
     117
     126
     130
     124
     110
     118
      96
     108
     107
     106
     114
     104
     104
     121
     111
      96
      94
     115
      92
     112
     126
     119
      92
     110
     102
     100
      93
     108
      97
      95
     109
      96
     112
     110
     100
     104
      80
     100
      96
     109
     105
      84
      97
     101
     101
      93
      77
      92
      98
     101
      84
      92
     103
      95
     103
      97
      88
      89
      90
      82
      97
     106
      93
      84
      79
      73
     106
      82
      85
      94
      82
      81
      92
      84
      84
      81
      84
      92
      87
      73
      68
      78
      90
      85
      69
      81
      90
      64
      65
      69
      90
      76
      83
      80
      86
      69
      62
      61
      70
      71
      55
      59
      58
      75
      76
      76
      66
      61
      62
      53
      49
      61
      72
      69
      64
      64
      66
      71
      54
      71
      62
      66
      54
      50
      55
      52
      56
      65
      60
      55
      56
      66
      60
      51
      55
      71
      40
      40
      63
      51
      59
      66
      61
      59
      69
      69
      54
      54
      52
      46
      55
      40
      48
      68
      61
      54
      47
      55
      55
      72
      51
      47
      79
      62
      59
      65
      59
      61
      58
      55
      73
      56
      51
      59
      48
      61
      41
      59
      61
      62
      71
      72
      58
      68
      57
      43
      61
      58
      62
      74
      76
      77
      65
      65
      68
      66
      71
      72
      64
      81
      71
      77
      72
      68
      79
      65
      75
      66
      73
      72
      81
      75
      70
      70
      60
      83
      71
      78
      81
      82
      75
      81
      72
      75
      86
      80
      85
      74
     102
      89
      60
      87
      76
      72
      52
      74
      83
      72
      62
      74
      75
      72
      58
      61
      62
      58
      59
      65
      53
      51
      56
      54
      42
      57
      40
      50
      43
      49
      47
      38
      38
      43
      35
      39
      37
      32
      40
      33
      36
      16
      42
      27
      29
      29
      25
      31
      37
      22
      36
      30
      22
      20
      22
      35
      14
      26
      25
      19
      20
      20
      24
      15
      16
      16
      23
      26
      12
      23
      16
      30
      26
      22
      17
      22
      31
      31
      36
      29
      20
      28
      23
      29
      21
      16
      18
      23
      22
      18
      23
      18
      24
      24
      20
      18
      27
      22
      18
      22
      25
      19
      20
      17
      22
      18
      21
      19
      17
       9
      14
      14
      12
      16
      16
      14
      15
      13
       4
      12
      15
       9
      13
       7
       9
      12
       8
      12
       9
       5
      11
       7
       3
       5
      10
       8
       7
       6
       8
       6
       4
       4
       6
       7
       7
       4
       5
       5
       8
       8
       2
       2
       6
       3
       5
       3
       6
       6
       2
       7
       9
       5
       3
       6
       7
       6
       3
       5
      11
       2
       5
      11
       1
       3
       5
       3
       4
       5
       3
       1
       4
       3
       2
       5
       6
       3
       7
       2
       5
       3
       8
       1
       5
       4
       7
       5
       5
       3
       5
       7
       6
       0
       5
       6
       5
       1
       4
       6
       1
       5
       6
       5
       3
       2
       5
       1
       6
       5
       3
       2
       3
       1
       5
       2
       4
       3
       5
       5
       3
       3
       9
       6
       6
       5
       4
       4
       8
       3
       4
       3
       5
       2
       3
       5
       5
       2
       3
       5
       1
       3
       4
       1
       2
       6
       2
       5
       2
       4
       6
       3
       5
       4
       3
       4
       1
       0
       2
       6
       6
       5
       8
       6
       6
       4
       4
       3
       3
       3
       3
       5
       3
       5
       1
       2
       2
       1
       7
       5
       3
       6
       6
       6
       2
       6
       6
       7
       5
       2
       6
       2
       8
       2
       4
       5
       5
       5
       4
       7
       3
       5
       4
       2
       5
       6
       4
       1
       2
       3
       4
       5
       2
       3
       4
       4
       4
       6
       4
       3
       3
       5
       5
       6
       1
       3
       3
       5
       1
       1
       3
       4
       0
       1
       2
       2
       4
       5
       1
       0
       0
       4
       3
       2
       1
       4
       6
       1
       4
       3
       2
       0
       1
       1
       2
       0
       3
       1
       1
       1
       1
       4
       0
       2
       1
       3
       1
       5
       2
       3
       0
       2
       3
       2
       1
       5
       3
       0
       4
       1
       1
       2
       2
       4
       2
       1
       1
       2
       2
       2
       0
       2
       5
       2
       4
       0
       1
       3
       2
       2
       2
       3
       3
       2
       5
       2
       4
       1
       0
       1
       1
       2
       1
       1
       1
       1
       2
       1
       0
       2
       4
       1
       2
       1
       4
       2
       2
       1
       2
       1
       3
       3
       3
       2
       6
       1
       5
       0
       1
       3
       2
       1
       2
       2
       2
       0
       2
       1
       1
       2
       1
       1
       2
       6
       2
       3
       1
       1
       1
       1
       1
       0
       0
       3
       2
       2
       0
       0
       5
       1
       4
       0
       0
       0
       1
       3
       2
       2
       3
       5
       3
       0
       1
       3
       1
       1
       0
       1
       0
       1
       0
       2
       1
       0
       3
       0
       1
       0
       4
       2
       1
       2
       0
       3
       3
       2
       2
       3
       1
       2
       3
       1
       1
       4
       5
       4
       2
       1
       1
       2
       4
       5
       2
       1
       4
       1
       1
       3
       1
       2
       1
       1
       0
       2
       3
       6
       2
       3
       0
       2
       1
       2
       2
       4
       3
       2
       3
       1
       1
       2
       2
       2
       2
       2
       5
       2
       0
       1
       1
       1
       2
       1
       0
       4
       3
       4
       3
       2
       2
       4
       1
       0
       3
       3
       2
       7
       2
       1
       1
       2
       3
       2
       1
       1
       3
       2
       1
       2
       1
       1
       1
       2
       0
       2
       1
       3
       2
       1
       3
       1
       0
       0
       1
       2
       3
       1
       1
       2
       1
       0
       0
       2
       5
       4
       0
       7
       6
       1
       5
       1
       1
       2
       1
       2
       4
       8
       1
       2
       2
       2
       4
       0
       1
       3
       1
       3
       4
       1
       2
       2
       1
       3
       2
       2
       5
       1
       6
       3
       0
       0
       3
       3
       4
       0
       3
       2
       1
       2
       1
       1
       2
       1
       0
       2
       2
       1
       0
       0
       2
       3
       1
       0
       3
       0
       1
       2
       0
       1
       1
       1
       0
       2
       2
       1
       2
       1
       3
       0
       2
       3
       1
       0
       1
       1
       0
       0
       0
       0
       1
       2
       2
       2
       0
       2
       0
       1
       1
       2
       0
       1
       0
       0
       0
       1
       0
       2
       1
       0
       1
       1
       0
       2
       2
       1
       2
       0
       0
       0
       0
       1
       1
       1
       1
       0
       2
       1
       0
       1
       0
       1
       1
       2
       0
       2
       1
       1
       0
       0
       3
       0
       0
       0
       0
       0
       1
       0
       0
       1
       0
       0
       2
       3
       2
       0
       0
       0
       1
       0
       0
       2
       0
       1
       1
       1
       0
       1
       0
       1
       2
       0
       0
       0
       0
       1
       1
       1
       2
       1
       0
       0
       0
       0
       1
       1
       1
       0
       0
       0
       1
       0
       0
       1
       1
       3
       1
       2
       0
       0
       0
       0
       1
       0
       1
       0
       1
       0
       2
       0
       0
       0
       2
       1
       0
       0
       0
       0
       0
       1
       0
       0
       1
       0
       0
       2
       2
       1
       0
       0
       0
       1
       2
       2
       2
       1
       1
       0
       0
       3
       1
       1
       1
       1
       1
       1
       1
       1
       0
       0
       4
       2
       3
       0
       4
       1
       1
       1
       2
       1
       2
       1
       1
       0
       3
       3
       3
       2
       0
       4
       1
       2
       2
       4
       4
       4
       2
       4
       1
       0
       2
       1
       0
       2
       1
       5
       2
       1
       2
       2
       0
       1
       1
       0
       0
       1
       4
       5
       2
       3
       2
       2
       0
       4
       1
       1
       2
       1
       0
       1
       1
       1
       4
       0
       2
       0
       0
       0
       4
       2
       1
       1
       1
       2
       1
       0
       0
       1
       0
       0
       1
       1
       2
       1
       0
       2
       0
       0
       1
       2
       0
       0
       1
       0
       1
       2
       0
       1
       0
       0
       0
       0
       2
       1
       0
       1
       1
       0
       1
       0
       0
       3
       0
       0
       1
       1
       0
       1
       0
       0
       0
       0
       0
       0
       2
       0
       0
       0
       0
       0
       0
       0
       1
       1
       0
       0
       0
       0
       0
       0
       0
       0
       0
       0
       0
       0
       0
       0
       0
       0
       1
       0
       0
       0
       0
       1
       0
       0
       0
       0
       1
       0
       0
       1
       0
       0
       0
       0
       0
       0
       0
       0
       0
       0
       0
       0
       0
       0
       0
       0
       0
       0
       0
       0
       0
       0
       0
       0
       0
       0
       0
       0
       0
       0
       0
       0
       0
       0
       0
       0
       0
$ROI:
2
433 561
901 1034
$PRESETS:
None
0
0
$ENER_FIT:
-54.092594 1.465894
$MCA_CAL:
3
-5.409259E+001 1.465894E+000 -4.602540E-005 keV
$SHAPE_CAL:
3
-5.474841E+001 2.638014E-001 -1.572140E-004
