$SPEC_ID:
No sample description was entered.
$SPEC_REM:
DET# 4
DETDESC# RBS-D MCB 129 Input 2
AP# Maestro Version 6.08
$DATE_MEA:
01/01/2008 01:38:41
$MEAS_TIM:
524 663
$DATA:
0 2047
       0
       0
       0
       0
       0
    8607
    4346
    4545
    4354
    4120
    4129
    4023
    4023
    4061
    4258
    4360
    4355
    4362
    4440
    4459
    4818
    5182
    6241
    8035
   11389
   16259
   21051
   23859
   23939
   21010
   16735
   13230
   10410
    8408
    6950
    6058
    5330
    5003
    4886
    4782
    4944
    4801
    4872
    4813
    4810
    4842
    5044
    5014
    4949
    5023
    5040
    5021
    4987
    5027
    4998
    5226
    5061
    5241
    5112
    5260
    5147
    5183
    5125
    5167
    5231
    5159
    5280
    5212
    5062
    5238
    5081
    5147
    5270
    5167
    5158
    5235
    5115
    5214
    5177
    5183
    5093
    5179
    5079
    5103
    5204
    5077
    5058
    5155
    5345
    5136
    5085
    5105
    5176
    5104
    5062
    5202
    5120
    5091
    5012
    5115
    4973
    4938
    5050
    5041
    4986
    4997
    5024
    4932
    4979
    4999
    4940
    5114
    5003
    4922
    5094
    4921
    4966
    4944
    4809
    4960
    4966
    4972
    4969
    4909
    4885
    4972
    4870
    4929
    4966
    4804
    4900
    4813
    4920
    4963
    4971
    4938
    4984
    5151
    5160
    5362
    5503
    5430
    5528
    5624
    5751
    5872
    5985
    6004
    5905
    6028
    6063
    6151
    6225
    6185
    6193
    6159
    6156
    6122
    6184
    6163
    6146
    6026
    6039
    5826
    5832
    5809
    5776
    5754
    5776
    5701
    5739
    5743
    5543
    5625
    5685
    5628
    5424
    5535
    5359
    5297
    5547
    5393
    5516
    5342
    5220
    5193
    5073
    5230
    5210
    5109
    5117
    5042
    4895
    4937
    5030
    4925
    5092
    4922
    4895
    4789
    4973
    4864
    4749
    4830
    4779
    4573
    4638
    4789
    4824
    4792
    4728
    4697
    4806
    4693
    4667
    4576
    4625
    4514
    4647
    4605
    4591
    4537
    4586
    4415
    4645
    4596
    4412
    4574
    4439
    4559
    4444
    4385
    4454
    4423
    4428
    4444
    4377
    4353
    4311
    4412
    4473
    4445
    4314
    4302
    4332
    4175
    4378
    4314
    4400
    4388
    4191
    4371
    4361
    4363
    4273
    4432
    4262
    4241
    4307
    4298
    4245
    4345
    4193
    4209
    4238
    4274
    4201
    4322
    4107
    4197
    4208
    4256
    4321
    4265
    4308
    4270
    4181
    4262
    4245
    4197
    4323
    4297
    4275
    4199
    4216
    4050
    4139
    4102
    4263
    4173
    4170
    4191
    4220
    4296
    4196
    4395
    4207
    4168
    4210
    4131
    4210
    4298
    4340
    4249
    4199
    4202
    4227
    4288
    4263
    4375
    4304
    4196
    4200
    4228
    4227
    4393
    4141
    4190
    4340
    4348
    4247
    4405
    4341
    4361
    4409
    4330
    4301
    4224
    4207
    4148
    4128
    4276
    4257
    4216
    4155
    4065
    3969
    4053
    3929
    3940
    3899
    3694
    3781
    3737
    3648
    3556
    3462
    3323
    3368
    3292
    3240
    3241
    3101
    3005
    2951
    2964
    2771
    2597
    2742
    2522
    2455
    2451
    2302
    2309
    2151
    2047
    1998
    2051
    1901
    1846
    1748
    1665
    1691
    1606
    1569
    1501
    1476
    1386
    1388
    1295
    1388
    1284
    1199
    1156
    1184
    1070
    1093
    1048
    1044
     976
     974
     953
     927
     874
     899
     848
     851
     860
     835
     825
     810
     765
     736
     743
     694
     704
     726
     686
     704
     663
     733
     706
     641
     619
     669
     644
     597
     578
     621
     656
     566
     615
     622
     647
     593
     600
     588
     621
     576
     610
     593
     584
     614
     609
     615
     618
     603
     609
     601
     622
     685
     664
     672
     722
     780
     798
     799
     881
    1011
    1036
    1084
    1236
    1290
    1448
    1584
    1808
    2029
    2271
    2468
    2663
    2979
    3272
    3719
    4042
    4711
    4932
    5492
    6028
    6615
    7144
    7879
    8601
    9397
   10181
   11234
   11892
   12598
   13819
   14686
   15550
   16350
   17520
   18695
   19155
   20135
   21030
   21831
   22819
   23566
   24248
   24923
   25453
   26115
   26546
   26913
   26856
   27316
   27154
   27135
   26774
   26443
   26446
   25704
   24878
   24058
   23730
   23059
   21932
   21078
   20103
   19346
   18689
   17466
   16663
   15458
   14529
   13460
   12701
   11905
   10897
   10146
    9408
    8698
    7768
    7145
    6522
    5898
    5262
    4787
    4293
    3840
    3568
    3195
    2838
    2521
    2193
    2013
    1759
    1426
    1302
    1225
     974
     930
     832
     708
     636
     596
     468
     489
     383
     364
     309
     306
     284
     263
     238
     262
     217
     168
     206
     191
     200
     169
     167
     174
     173
     166
     178
     149
     153
     134
     142
     143
     159
     141
     171
     160
     155
     157
     134
     171
     141
     144
     161
     152
     145
     151
     142
     148
     141
     144
     135
     143
     155
     161
     132
     137
     130
     140
     137
     126
     133
     130
     123
     144
     149
     136
     142
     144
     126
     135
     131
     127
     139
     129
     129
     112
     122
     126
     140
     144
     136
     127
     105
     111
     128
     130
     124
     127
     125
     141
     124
     114
     118
     124
     122
     118
     131
     129
     116
     131
     129
     113
     111
     123
     115
     108
     128
     100
     132
     121
      95
     108
     128
     128
     115
     130
     122
     110
      98
      94
      95
     117
     103
     102
     115
     113
     134
     103
     111
     100
     100
     100
     111
     105
     100
      97
     113
      95
     103
      91
     102
     110
      94
      99
     106
     108
     112
     110
     116
     102
     111
     101
     110
      86
     114
      98
     101
     101
      99
     101
     116
     101
     110
      93
     101
      87
      95
     100
     105
     105
      79
      88
     110
     110
     113
      83
     110
      87
      81
      97
      96
      99
     112
      95
      96
      96
      88
      84
      86
     100
      92
      97
      89
     101
      85
      96
      88
      89
      99
      79
      95
     100
      74
      92
      77
      86
      92
      73
      81
      61
      84
      80
      78
      88
      84
      87
      76
      86
      60
      71
      71
      73
      72
      76
      75
      93
      81
      72
      68
      84
      71
      79
      92
      86
      63
      73
      69
      68
      66
      74
      69
      64
      76
      69
      81
      82
      76
      68
      51
      70
      59
      79
      81
      61
      74
      73
      75
      66
      60
      65
      60
      74
      61
      61
      70
      66
      79
      77
      64
      63
      66
      64
      72
      80
      63
      53
      57
      54
      75
      55
      59
      73
      64
      55
      74
      62
      52
      55
      54
      75
      56
      53
      44
      56
      64
      54
      54
      55
      71
      36
      44
      49
      70
      56
      59
      54
      50
      46
      45
      40
      48
      54
      41
      43
      42
      57
      55
      50
      44
      40
      45
      39
      35
      51
      54
      48
      49
      45
      52
      51
      43
      50
      50
      49
      35
      38
      44
      35
      34
      40
      39
      37
      37
      45
      42
      40
      39
      51
      35
      29
      45
      34
      42
      43
      47
      44
      49
      48
      36
      41
      34
      28
      41
      28
      36
      51
      49
      40
      34
      39
      38
      56
      31
      34
      56
      42
      40
      36
      48
      46
      41
      44
      59
      40
      34
      43
      34
      50
      30
      43
      47
      47
      47
      51
      43
      44
      38
      34
      40
      41
      42
      52
      52
      50
      41
      45
      52
      47
      54
      45
      46
      52
      46
      58
      52
      47
      57
      47
      55
      48
      53
      43
      60
      52
      50
      46
      30
      54
      52
      56
      57
      59
      53
      54
      48
      52
      57
      58
      53
      52
      64
      68
      40
      62
      54
      48
      35
      53
      55
      51
      41
      51
      50
      57
      41
      40
      39
      37
      40
      44
      38
      34
      44
      40
      31
      42
      28
      37
      34
      38
      31
      27
      27
      30
      23
      25
      22
      23
      30
      27
      25
      10
      32
      17
      16
      24
      22
      24
      30
      13
      23
      22
      12
      15
      18
      21
       8
      18
      18
      12
      13
      17
      17
       9
       7
      12
      17
      17
       9
      19
       9
      22
      19
      17
      14
      12
      25
      23
      30
      14
      13
      19
      14
      20
      14
      11
      13
      16
      16
      14
      18
      14
      20
      15
      14
      15
      17
      19
      14
      14
      18
      14
      14
      11
      20
      13
      15
      12
      13
       7
      14
      12
       5
      14
      10
       8
       9
       7
       4
       9
      13
       6
       9
       3
       6
       5
       7
      11
       6
       5
       8
       5
       3
       5
       6
       7
       5
       2
       6
       6
       3
       4
       4
       6
       4
       3
       1
       4
       7
       7
       1
       2
       3
       3
       3
       2
       3
       2
       0
       7
       4
       4
       2
       5
       6
       5
       2
       4
       9
       1
       4
       9
       1
       2
       5
       3
       3
       4
       2
       0
       4
       1
       2
       4
       3
       2
       5
       2
       5
       2
       7
       1
       4
       4
       5
       4
       4
       1
       5
       5
       3
       0
       4
       3
       4
       1
       4
       4
       1
       4
       4
       4
       2
       2
       3
       1
       5
       2
       3
       1
       2
       0
       3
       2
       4
       2
       4
       2
       2
       2
       8
       6
       5
       4
       4
       3
       2
       3
       2
       3
       5
       1
       1
       2
       4
       2
       3
       4
       1
       3
       2
       1
       2
       5
       1
       4
       0
       3
       6
       2
       3
       3
       3
       2
       1
       0
       1
       4
       5
       5
       5
       3
       4
       4
       2
       2
       3
       2
       3
       3
       1
       4
       0
       2
       2
       1
       6
       4
       3
       5
       4
       3
       1
       3
       4
       5
       2
       2
       5
       0
       6
       0
       4
       3
       4
       2
       2
       4
       2
       4
       2
       2
       2
       5
       2
       1
       1
       3
       3
       2
       1
       2
       2
       3
       4
       6
       3
       2
       2
       2
       4
       4
       1
       2
       2
       3
       1
       1
       3
       4
       0
       1
       1
       2
       3
       3
       1
       0
       0
       4
       2
       2
       0
       3
       5
       0
       4
       3
       1
       0
       1
       1
       2
       0
       3
       1
       0
       0
       1
       3
       0
       2
       1
       3
       1
       1
       1
       1
       0
       2
       2
       2
       1
       3
       2
       0
       3
       1
       1
       1
       1
       3
       2
       0
       0
       2
       2
       1
       0
       2
       4
       2
       3
       0
       0
       2
       2
       1
       2
       3
       1
       1
       4
       2
       3
       1
       0
       1
       1
       1
       1
       0
       1
       0
       1
       1
       0
       2
       4
       1
       2
       1
       2
       1
       1
       0
       2
       0
       2
       2
       1
       2
       6
       1
       5
       0
       1
       1
       1
       1
       0
       2
       1
       0
       2
       0
       1
       2
       1
       1
       1
       3
       2
       3
       1
       0
       0
       0
       1
       0
       0
       3
       0
       1
       0
       0
       4
       1
       3
       0
       0
       0
       1
       1
       1
       2
       2
       2
       3
       0
       1
       2
       1
       1
       0
       1
       0
       1
       0
       2
       1
       0
       2
       0
       0
       0
       4
       1
       0
       2
       0
       2
       3
       2
       2
       3
       0
       1
       2
       1
       1
       2
       4
       3
       2
       1
       1
       1
       3
       4
       2
       1
       2
       1
       1
       2
       1
       2
       0
       1
       0
       2
       3
       4
       2
       3
       0
       1
       1
       2
       1
       4
       2
       2
       2
       1
       0
       2
       0
       2
       2
       1
       4
       1
       0
       1
       1
       0
       1
       0
       0
       3
       1
       2
       2
       1
       2
       3
       0
       0
       1
       2
       1
       4
       2
       1
       0
       2
       3
       0
       1
       1
       1
       1
       1
       2
       1
       1
       0
       2
       0
       1
       0
       1
       2
       0
       2
       1
       0
       0
       1
       1
       2
       1
       1
       1
       1
       0
       0
       1
       5
       2
       0
       3
       6
       1
       4
       1
       1
       1
       1
       2
       3
       4
       1
       1
       2
       2
       0
       0
       1
       2
       1
       2
       2
       1
       2
       2
       1
       2
       1
       1
       3
       0
       4
       2
       0
       0
       2
       3
       3
       0
       3
       2
       1
       2
       1
       1
       0
       1
       0
       1
       2
       1
       0
       0
       2
       2
       1
       0
       2
       0
       1
       2
       0
       1
       1
       1
       0
       1
       1
       1
       2
       1
       2
       0
       1
       3
       1
       0
       1
       0
       0
       0
       0
       0
       0
       2
       1
       1
       0
       2
       0
       0
       1
       2
       0
       1
       0
       0
       0
       1
       0
       2
       0
       0
       1
       0
       0
       1
       1
       0
       2
       0
       0
       0
       0
       1
       1
       1
       1
       0
       0
       0
       0
       1
       0
       0
       1
       2
       0
       1
       1
       1
       0
       0
       0
       0
       0
       0
       0
       0
       1
       0
       0
       1
       0
       0
       2
       2
       2
       0
       0
       0
       1
       0
       0
       2
       0
       0
       1
       1
       0
       0
       0
       1
       1
       0
       0
       0
       0
       1
       1
       0
       1
       1
       0
       0
       0
       0
       1
       0
       1
       0
       0
       0
       0
       0
       0
       1
       0
       2
       1
       1
       0
       0
       0
       0
       1
       0
       1
       0
       0
       0
       1
       0
       0
       0
       0
       1
       0
       0
       0
       0
       0
       1
       0
       0
       1
       0
       0
       1
       2
       0
       0
       0
       0
       1
       1
       1
       2
       1
       1
       0
       0
       3
       1
       1
       1
       1
       1
       0
       1
       1
       0
       0
       2
       1
       3
       0
       3
       1
       1
       1
       2
       0
       2
       1
       1
       0
       2
       2
       3
       2
       0
       3
       1
       1
       1
       3
       2
       2
       1
       4
       1
       0
       1
       1
       0
       0
       1
       4
       1
       1
       2
       0
       0
       0
       1
       0
       0
       1
       2
       5
       1
       3
       1
       2
       0
       3
       1
       1
       1
       0
       0
       1
       1
       0
       3
       0
       1
       0
       0
       0
       3
       2
       0
       1
       1
       1
       1
       0
       0
       1
       0
       0
       1
       1
       1
       0
       0
       1
       0
       0
       1
       0
       0
       0
       1
       0
       0
       1
       0
       1
       0
       0
       0
       0
       1
       0
       0
       1
       0
       0
       1
       0
       0
       2
       0
       0
       1
       0
       0
       1
       0
       0
       0
       0
       0
       0
       2
       0
       0
       0
       0
       0
       0
       0
       1
       1
       0
       0
       0
       0
       0
       0
       0
       0
       0
       0
       0
       0
       0
       0
       0
       0
       1
       0
       0
       0
       0
       0
       0
       0
       0
       0
       1
       0
       0
       1
       0
       0
       0
       0
       0
       0
       0
       0
       0
       0
       0
       0
       0
       0
       0
       0
       0
       0
       0
       0
       0
       0
       0
       0
       0
       0
       0
       0
       0
       0
       0
       0
       0
       0
       0
       0
       0
$ROI:
2
433 561
901 1034
$PRESETS:
None
0
0
$ENER_FIT:
-54.092594 1.465894
$MCA_CAL:
3
-5.409259E+001 1.465894E+000 -4.602540E-005 keV
$SHAPE_CAL:
3
-5.474841E+001 2.638014E-001 -1.572140E-004
