$SPEC_ID:
No sample description was entered.
$SPEC_REM:
DET# 4
DETDESC# RBS-D MCB 129 Input 2
AP# Maestro Version 6.08
$DATE_MEA:
01/01/2008 04:41:11
$MEAS_TIM:
36 41
$DATA:
0 2047
       0
       0
       0
       0
       0
      95
      44
      42
      61
      77
      63
      63
      63
      50
      43
      62
      71
      63
      58
      65
      65
      76
      62
      77
      77
      63
      61
      69
      84
      68
      80
      75
      76
      60
      57
      75
      69
      80
      79
      80
      91
      65
      88
      74
      98
      80
      75
      89
      82
      87
      83
      81
      88
      86
     115
     101
     101
     103
     104
      93
      95
      94
     107
      99
     124
     110
     100
      86
      94
      97
     117
      82
     105
     125
     108
     101
      89
     112
     111
      81
      90
     100
      98
      98
      87
     115
     100
      99
     104
      82
     121
     105
      93
      96
     113
     104
     111
     106
     126
      85
      96
     102
      99
     115
      82
     105
      89
      84
     121
     120
      89
      97
     116
      94
      90
      95
     104
     107
     108
      92
     104
      98
      87
      99
      98
     116
      78
      98
      70
      92
      93
      93
      93
      91
     103
     106
     103
      76
      92
      93
      86
      91
      93
      89
      89
     100
      92
     103
     104
      93
     101
      87
      93
     100
      78
      89
      95
      90
      86
      96
      96
      86
      91
      93
      94
      94
     105
      88
     103
     111
      96
     118
      94
     105
      94
     103
      96
      90
     106
     107
      95
     102
      90
      96
      91
      91
      94
      82
     102
      95
      93
      85
      91
      72
     119
      85
      97
      71
      71
      71
      94
      85
      83
      84
      90
      98
      75
      82
      93
      87
      79
      69
      79
      84
      90
     104
      82
      86
      72
      73
      82
      77
      83
      61
      89
      80
      71
      83
      73
      89
      71
      86
      79
      76
      80
      63
      75
      80
      67
      78
      73
      83
      86
      83
      94
      73
      71
      70
      94
      81
      72
      64
      70
      77
      64
      75
      59
      93
      70
      55
      77
      66
      73
      62
      74
      80
      87
      63
      72
      61
      78
      71
      61
      73
      76
      64
      58
      68
      78
      71
      48
      70
      60
      66
      49
      72
      58
      74
      89
      72
      57
      76
      74
      63
      64
      69
      70
      65
      66
      61
      57
      43
      72
      69
      85
      74
      66
      65
      54
      62
      63
      68
      66
      60
      72
      81
      61
      65
      69
      61
      60
      74
      76
      64
      70
      62
      65
      74
      58
      69
      60
      67
      76
      67
      74
      61
      55
      91
      59
      59
      74
      77
      74
      58
      73
      66
      60
      79
      54
      77
      70
      69
      59
      67
      66
      62
      55
      78
      76
      49
      75
      73
      49
      68
      68
      59
      48
      67
      72
      59
      63
      85
      68
      71
      69
      63
      68
      62
      56
      59
      71
      64
      66
      73
      68
      61
      64
      70
      69
      57
      68
      71
      56
      56
      70
      78
      39
      72
      78
      65
      58
      53
      62
      52
      58
      54
      58
      62
      55
      89
      44
      65
      61
      58
      70
      73
      76
      69
      66
      74
      54
      63
      57
      58
      76
      62
      64
      64
      66
      68
      66
      64
      57
      66
      86
      63
      63
      54
      67
      65
      68
      62
      57
      66
      71
      59
      59
      53
      64
      72
      65
      46
      59
      69
      67
      64
      59
      68
      65
      56
      65
      63
      56
      78
      66
      64
      61
      52
      57
      56
      63
      62
      64
      53
      54
      71
      62
      51
      49
      71
      66
      52
      56
      68
      56
      59
      79
      62
      61
      56
      63
      66
      50
      71
      68
      83
      55
      60
      59
      53
      73
      65
      53
      72
      64
      50
      61
      53
      64
      57
      70
      61
      63
      65
      53
      60
      72
      70
      69
      56
      66
      79
      64
      62
      55
      61
      65
      67
      61
      76
      79
      78
      77
      58
      63
      63
      61
      61
      49
      60
      78
      69
      83
      66
      66
      54
      72
      68
      70
      63
      59
      59
      66
      69
      61
      65
      60
      74
      75
      71
      75
      76
      62
      79
      85
      58
      61
      72
      68
      58
      61
      72
      67
      83
      55
      70
      75
      60
      74
      78
      66
      81
      66
      56
      58
      65
      74
      63
      58
      83
      69
      67
      60
      58
      72
      77
      70
      75
      78
      84
      81
      67
      76
      64
      72
      79
      76
      76
      71
      64
      70
      65
      67
      57
      59
      78
      82
      77
      73
      89
      65
      74
      73
      68
      78
      83
      78
      62
      68
      72
      80
      80
      85
      83
      85
      76
      76
      70
      84
      71
      67
      74
      80
      70
      66
      67
      82
      94
      64
      69
      79
      80
      65
      71
      64
      70
      94
      86
      85
      76
      88
      64
      88
      74
      68
      73
      66
      66
      69
      72
      71
      69
      82
      77
      85
      71
      85
      84
      79
      67
      84
      73
      60
      79
      84
      71
      85
      60
      81
      62
      82
      75
      70
      69
      77
      68
      82
      87
      76
      60
      59
      63
      78
      66
      61
      64
      60
      69
      57
      54
      61
      66
      60
      60
      60
      58
      51
      52
      54
      60
      69
      45
      58
      50
      69
      65
      63
      52
      53
      51
      59
      55
      55
      46
      57
      46
      66
      41
      51
      42
      60
      41
      56
      46
      61
      52
      60
      45
      65
      55
      53
      49
      63
      53
      49
      53
      50
      48
      44
      48
      50
      50
      43
      43
      42
      49
      49
      39
      38
      41
      37
      51
      54
      47
      47
      48
      36
      42
      45
      47
      42
      42
      55
      48
      51
      34
      36
      44
      43
      48
      33
      42
      50
      35
      37
      36
      45
      45
      45
      38
      44
      43
      39
      33
      41
      41
      28
      37
      55
      37
      53
      41
      42
      47
      47
      41
      46
      43
      43
      53
      50
      63
      72
      51
      51
      66
      51
      74
      68
      80
      71
      78
      83
      78
      97
     107
     102
     100
     111
     132
     126
     115
     136
     125
     136
     146
     119
     138
     137
     152
     130
     147
     156
     150
     153
     137
     169
     176
     153
     170
     170
     182
     176
     202
     182
     188
     162
     161
     166
     184
     163
     152
     141
     158
     165
     131
     128
     130
     136
     128
     138
     117
     131
     136
     109
     114
      99
     100
      92
      65
      86
      78
      86
      73
      75
      83
      54
      60
      61
      54
      71
      61
      60
      54
      41
      51
      44
      27
      36
      35
      35
      35
      31
      37
      33
      35
      31
      29
      30
      35
      27
      26
      42
      26
      31
      27
      29
      30
      36
      27
      33
      34
      42
      23
      42
      46
      39
      45
      38
      56
      64
      51
      66
      50
      64
      53
      69
      64
      57
      58
      64
      72
      73
      88
      80
      93
      87
      81
     107
     106
     106
      95
     102
     100
     104
     117
     120
     130
     123
     140
     123
      98
     136
     133
     129
     118
     148
     145
     128
     136
     125
     136
     129
     153
     105
     113
     122
     113
     112
     117
     109
     112
     100
     108
     116
     112
      93
      91
      91
      71
      80
      88
      89
      71
      63
      73
      77
      63
      69
      63
      70
      60
      55
      54
      46
      44
      50
      39
      43
      41
      41
      30
      39
      46
      27
      40
      26
      26
      25
      29
      22
      32
      22
      25
      22
      28
      13
      13
      18
      14
      14
      17
      18
      12
      19
      14
       7
       7
      15
      13
       7
      11
      11
       8
      14
      10
       8
      17
       8
       7
      10
      12
       5
      14
       8
       7
       5
       6
       7
      13
       7
      12
       9
       8
       5
      11
       4
       8
       6
       7
      10
       8
      14
       9
       3
      11
       6
       6
       7
       7
       8
      10
      13
       3
       6
       7
      11
       5
       9
       4
       4
       7
      10
       6
       7
       6
       6
       8
       8
      10
       7
       8
      11
       5
       5
       5
       8
       8
       3
       7
       8
       7
       7
       6
       6
       4
      11
       3
       6
       7
       8
       4
       4
       4
       4
      12
       5
       8
      12
       4
       8
       6
       4
       9
       6
       9
       7
       2
       5
       5
       7
       8
       7
       6
       5
       7
       3
       6
       4
       5
       2
       9
       4
       4
       5
       7
       3
      12
       7
       4
       8
       6
       5
       5
      10
       7
       4
       5
      10
       3
       9
       6
       2
       8
       9
       7
       1
       8
       4
       7
       1
       7
       3
       5
       5
       5
      10
      10
       1
       8
       3
       5
       6
       7
       3
       5
       3
       7
       4
       2
       2
       7
       3
       7
      10
       8
       7
       5
       3
       6
       8
       6
       7
       7
       2
       6
       2
       8
       5
       4
       5
       5
       3
       4
       5
       2
       2
       4
       7
      10
       5
      13
       8
      13
      10
       5
       0
       6
       2
       3
      10
       4
       3
       5
       6
       5
       2
       5
       2
       9
       5
       3
       6
       3
       5
       2
       5
       9
       3
       4
       2
       3
       6
       4
       4
       4
       5
       2
       7
       3
      10
       7
       1
       3
       5
       2
       4
       3
       3
       3
       5
       6
       5
       7
       2
       4
       2
       5
       6
       6
       4
       4
      10
       5
      10
       2
       4
       7
       8
       6
       1
       6
       4
       4
       6
       3
       5
       5
       4
      12
       9
       1
       5
       6
       6
       2
       4
       6
       3
       8
       1
       5
       6
       4
       5
       7
       6
       4
       5
       7
      12
       5
       2
       2
       4
       4
       4
       4
       4
       4
       7
      12
       6
       4
       3
       7
       2
       3
       7
       3
       3
       4
       4
       3
       7
       7
       5
       6
       6
       3
       8
       9
       5
       5
       3
       3
       7
       9
       7
       4
       3
       3
       5
       8
       6
       7
       4
       7
       9
       6
       3
       4
       4
       5
       5
       4
       4
      12
       3
       5
       2
       5
       8
      10
       6
       9
       4
       1
       7
       7
       7
       2
       3
       5
       5
       0
       7
       4
       5
       1
       6
       2
       8
       3
       6
       3
       2
       5
       6
       8
       5
       5
       3
       4
       2
       1
       1
       3
       2
       4
       2
       1
       5
       8
       6
       3
       6
       4
       4
       3
       5
       7
       6
       5
       2
       3
       5
       5
       3
       2
       4
       2
       7
       3
       6
       3
       2
       3
       5
       2
       5
       4
       4
       4
       4
       2
       2
       5
       3
       4
       6
       4
       2
       4
       3
       6
       5
       1
       4
       3
       4
       4
       4
       4
       6
      11
       6
       4
       5
       4
       2
       5
       3
       4
       4
       3
       6
       3
       6
       7
       3
       3
       6
       1
       1
       6
       1
       3
       3
       2
       2
       3
       7
       5
       2
       3
       7
       6
       3
       3
       6
       3
       0
       3
       5
       1
       3
       3
       9
       2
       7
       2
       6
      12
       3
       9
       3
       4
       8
       3
       2
       3
       3
       2
       2
       3
       6
       5
       5
       2
       5
       7
       2
       2
       4
       1
       1
       5
       3
       4
       1
       1
       4
       5
       2
       3
       8
       6
       8
       8
       3
       4
       7
       6
       2
       3
       6
       3
       3
       5
       8
       4
       6
       4
       4
       4
       2
       4
       2
       3
       3
       8
       6
       7
       3
       7
       5
       3
       3
       5
       1
       7
       2
       6
       5
       3
       7
       2
       4
       5
       2
       5
       2
       8
       2
       3
       3
       5
       5
       3
       2
       4
       4
       7
       2
       2
       2
       4
       8
       4
       6
       5
       4
       6
       4
       4
       3
       0
       6
       5
       9
       5
       7
       3
       3
       5
       2
       3
       5
       4
       4
       5
       0
       2
       2
       1
       6
       2
       3
       4
       4
       6
       3
       4
       3
       2
       5
       4
       4
       2
       2
       3
       1
       8
       2
       1
       0
       3
       4
       3
       2
       2
       1
       2
       2
       4
       0
       2
       1
       1
       4
       3
       4
       0
       1
       1
       2
       4
       2
       1
       3
       3
       1
       1
       2
       0
       1
       1
       6
       1
       1
       2
       1
       1
       2
       1
       1
       2
       4
       3
       2
       1
       1
       0
       1
       2
       0
       0
       2
       2
       1
       1
       2
       3
       2
       3
       1
       4
       1
       0
       1
       1
       1
       0
       0
       1
       0
       0
       1
       1
       0
       1
       1
       0
       2
       1
       2
       1
       0
       0
       0
       1
       1
       1
       1
       1
       0
       0
       0
       2
       1
       0
       2
       3
       1
       2
       1
       1
       2
       2
       3
       2
       1
       1
       4
       3
       1
       2
       1
       2
       0
       1
       2
       2
       3
       1
       4
       4
       2
       6
       1
       1
       4
       4
       4
       4
       6
       2
       4
       1
       6
       3
       6
       4
       2
       9
       2
       6
       5
       6
       3
       0
       5
       7
       9
       2
       1
       1
       6
       4
       8
       3
       3
       7
       4
       5
       4
       7
       2
       8
       4
       5
       5
       5
      10
       7
       2
       4
       5
       4
       7
       2
       6
       6
       4
       2
       3
       5
       4
       3
       2
       4
       2
       1
       5
       5
       1
       2
       3
       3
       2
       1
       4
       0
       3
       4
       2
       3
       3
       4
       3
       1
       2
       1
       3
       1
       2
       4
       1
       3
       1
       2
       1
       0
       0
       2
       0
       3
       0
       2
       1
       1
       0
       2
       0
       0
       2
       4
       0
       1
       1
       0
       1
       0
       1
       0
       0
       0
       1
       1
       1
       0
       0
       1
       0
       0
       0
       0
       1
       0
       0
       0
       0
       0
       0
       2
       0
       0
       0
       2
       1
       0
       0
       0
       0
       0
       0
       0
       0
       0
       0
       0
       0
       0
       0
       1
       0
       1
       1
       0
       0
       1
       0
       0
       0
       0
       0
       0
       0
       0
       0
       1
       0
       0
       0
       0
       0
       0
       0
       0
       0
       0
       0
       0
       0
       0
       0
       0
       0
       0
       0
       0
       0
       0
       1
       0
       0
       0
       0
       0
       0
       0
       0
       0
       0
       0
       0
       0
       0
       0
       0
       0
       0
       0
       0
       0
       0
       0
       0
       0
       0
       0
       0
       0
       0
       0
       0
       0
       0
       0
       0
       0
       0
       0
       0
       0
       0
       0
$ROI:
2
809 917
921 1051
$PRESETS:
None
0
0
$ENER_FIT:
-43.015625 1.438746
$MCA_CAL:
3
-4.301563E+001 1.438746E+000 -3.635760E-005 keV
$SHAPE_CAL:
3
5.967719E+001 -6.308020E-002 3.454509E-005
