$SPEC_ID:
No sample description was entered.
$SPEC_REM:
DET# 4
DETDESC# RBS-D MCB 129 Input 2
AP# Maestro Version 6.08
$DATE_MEA:
01/01/2008 01:36:33
$MEAS_TIM:
411 521
$DATA:
0 2047
       0
       0
       0
       0
       0
    6751
    3437
    3572
    3389
    3240
    3224
    3188
    3182
    3140
    3333
    3451
    3430
    3412
    3441
    3497
    3788
    4094
    4900
    6332
    8942
   12869
   16590
   18821
   18791
   16548
   13246
   10394
    8224
    6565
    5499
    4796
    4205
    3924
    3886
    3775
    3849
    3798
    3825
    3746
    3785
    3813
    3944
    3913
    3884
    3955
    3950
    3960
    3881
    3958
    3933
    4069
    3945
    4084
    3985
    4141
    4031
    4116
    4043
    4078
    4066
    4056
    4189
    4137
    3977
    4160
    3958
    3999
    4165
    4062
    4025
    4142
    4082
    4037
    4086
    4037
    3969
    4039
    4019
    4026
    4097
    3999
    3931
    4041
    4195
    4072
    3926
    4056
    4055
    3980
    4005
    4124
    4042
    3994
    3910
    4068
    3922
    3896
    3999
    3970
    3919
    3854
    3985
    3849
    3995
    3935
    3911
    4037
    3929
    3850
    3919
    3882
    3876
    3864
    3797
    3879
    3900
    3890
    3885
    3867
    3885
    3932
    3824
    3847
    3900
    3763
    3845
    3722
    3878
    3902
    3880
    3873
    3912
    4020
    4043
    4245
    4344
    4187
    4325
    4382
    4521
    4606
    4707
    4752
    4629
    4755
    4784
    4809
    4933
    4906
    4815
    4872
    4805
    4808
    4869
    4873
    4816
    4764
    4739
    4533
    4614
    4511
    4532
    4534
    4584
    4509
    4528
    4527
    4353
    4393
    4465
    4387
    4303
    4292
    4226
    4104
    4375
    4259
    4325
    4189
    4104
    4108
    4026
    4094
    4121
    4024
    3975
    3989
    3815
    3871
    3950
    3851
    4001
    3884
    3835
    3762
    3871
    3841
    3679
    3796
    3708
    3627
    3602
    3740
    3790
    3776
    3701
    3655
    3769
    3602
    3647
    3577
    3600
    3542
    3594
    3605
    3551
    3557
    3634
    3441
    3647
    3601
    3482
    3576
    3464
    3586
    3487
    3427
    3507
    3463
    3485
    3488
    3427
    3436
    3370
    3450
    3513
    3507
    3392
    3388
    3375
    3274
    3448
    3420
    3466
    3419
    3278
    3429
    3426
    3448
    3359
    3475
    3334
    3277
    3369
    3352
    3360
    3399
    3323
    3367
    3367
    3354
    3267
    3408
    3220
    3290
    3311
    3352
    3371
    3337
    3372
    3318
    3262
    3332
    3364
    3320
    3369
    3336
    3407
    3308
    3335
    3177
    3227
    3242
    3328
    3283
    3295
    3278
    3302
    3350
    3317
    3474
    3287
    3251
    3241
    3233
    3320
    3357
    3402
    3348
    3322
    3283
    3298
    3380
    3351
    3431
    3392
    3346
    3347
    3305
    3319
    3358
    3229
    3329
    3389
    3460
    3339
    3452
    3442
    3463
    3477
    3380
    3364
    3335
    3285
    3269
    3243
    3363
    3362
    3296
    3310
    3186
    3103
    3206
    3084
    3119
    3043
    2934
    2987
    2876
    2853
    2760
    2679
    2554
    2646
    2588
    2588
    2553
    2424
    2352
    2286
    2340
    2173
    2056
    2165
    1982
    1936
    1902
    1833
    1810
    1693
    1601
    1553
    1618
    1513
    1470
    1419
    1309
    1335
    1271
    1204
    1144
    1165
    1095
    1121
     998
    1119
    1001
     935
     897
     937
     830
     842
     846
     825
     768
     753
     750
     721
     672
     700
     651
     646
     690
     652
     646
     637
     611
     567
     582
     519
     561
     552
     526
     568
     494
     581
     556
     508
     472
     519
     505
     471
     444
     473
     508
     441
     486
     494
     536
     459
     463
     464
     481
     456
     477
     476
     471
     479
     488
     473
     477
     471
     477
     475
     486
     525
     521
     505
     557
     613
     615
     649
     675
     803
     808
     814
     941
    1021
    1128
    1223
    1431
    1575
    1757
    1929
    2123
    2324
    2579
    2899
    3135
    3665
    3868
    4276
    4741
    5202
    5583
    6169
    6733
    7373
    8049
    8756
    9283
    9823
   10812
   11419
   12194
   12794
   13688
   14676
   14874
   15742
   16439
   17074
   17873
   18482
   19061
   19521
   19947
   20498
   20786
   21134
   21195
   21293
   21346
   21342
   21048
   20816
   20825
   20224
   19573
   18795
   18702
   18067
   17274
   16580
   15754
   15249
   14795
   13764
   13086
   12122
   11446
   10594
    9961
    9404
    8584
    7958
    7443
    6879
    6167
    5644
    5155
    4647
    4132
    3814
    3356
    3051
    2780
    2528
    2246
    1971
    1720
    1594
    1417
    1130
    1022
     963
     782
     728
     668
     554
     497
     450
     378
     377
     298
     288
     239
     249
     223
     199
     187
     198
     167
     128
     164
     148
     156
     130
     136
     140
     143
     122
     149
     115
     131
     109
     110
     117
     125
     114
     135
     121
     117
     125
      98
     130
     107
     121
     130
     118
     112
     119
     117
     120
     112
     104
     106
     116
     117
     127
     107
     111
     110
     107
     105
      99
      99
     101
      94
     116
     107
     102
     114
     109
      94
     107
     108
     106
     113
     100
      96
      86
      93
      95
     103
     111
     109
      98
      77
      79
     101
      96
     101
     103
      99
     103
      98
      86
      95
      94
      91
      94
     101
     100
      89
     109
     104
      85
      84
      95
      91
      88
      92
      76
     102
      97
      70
      86
      98
     105
      86
     105
      93
      86
      81
      73
      68
      95
      71
      89
      89
      91
     101
      81
      88
      76
      82
      77
      85
      80
      81
      74
      87
      75
      80
      72
      78
      86
      79
      78
      83
      90
      90
      84
      92
      89
      87
      72
      86
      67
      92
      77
      84
      79
      80
      85
      93
      82
      88
      71
      76
      67
      73
      81
      88
      81
      64
      71
      87
      85
      82
      67
      77
      76
      72
      75
      74
      79
      89
      81
      72
      71
      70
      72
      61
      77
      70
      74
      73
      80
      57
      79
      73
      67
      80
      61
      70
      71
      62
      71
      54
      64
      59
      63
      62
      48
      70
      66
      62
      69
      58
      70
      61
      74
      47
      60
      58
      57
      59
      64
      64
      76
      62
      53
      49
      66
      53
      60
      77
      73
      54
      57
      47
      51
      56
      59
      50
      47
      66
      51
      58
      60
      59
      51
      42
      60
      51
      64
      57
      48
      62
      50
      58
      50
      48
      52
      45
      47
      47
      47
      57
      52
      66
      63
      53
      42
      52
      51
      56
      60
      52
      45
      46
      37
      59
      46
      45
      59
      50
      43
      58
      50
      43
      40
      40
      57
      44
      38
      34
      50
      48
      39
      42
      43
      53
      25
      40
      41
      49
      47
      47
      45
      40
      34
      40
      35
      36
      41
      30
      32
      31
      40
      42
      34
      34
      36
      36
      32
      27
      41
      44
      35
      45
      33
      40
      42
      32
      39
      40
      31
      25
      30
      36
      29
      28
      30
      30
      28
      32
      39
      35
      30
      34
      40
      28
      25
      34
      26
      29
      36
      39
      35
      40
      41
      28
      30
      26
      24
      32
      23
      30
      35
      39
      31
      26
      29
      30
      43
      26
      22
      45
      29
      31
      27
      39
      33
      35
      35
      47
      32
      30
      33
      30
      38
      27
      31
      33
      35
      38
      43
      31
      32
      31
      24
      29
      30
      35
      40
      40
      44
      36
      37
      43
      36
      42
      35
      36
      42
      40
      42
      40
      38
      42
      40
      46
      39
      36
      35
      53
      43
      35
      29
      26
      43
      45
      47
      47
      45
      43
      40
      35
      43
      46
      47
      42
      39
      49
      47
      32
      45
      47
      39
      31
      39
      40
      39
      31
      38
      38
      48
      31
      35
      31
      31
      32
      33
      30
      27
      30
      30
      25
      36
      25
      29
      27
      32
      27
      24
      23
      26
      18
      19
      19
      20
      25
      19
      18
       9
      26
      12
      11
      18
      17
      21
      21
       7
      16
      17
      10
      13
      13
      18
       6
      16
      13
       9
      11
      11
      15
       7
       5
       9
      15
      14
       7
      14
       8
      18
      12
      13
      11
      10
      21
      20
      23
      13
      12
      15
      11
      15
      11
       7
      11
      13
      12
       9
      16
      12
      16
      12
      13
      13
      10
      12
      12
      11
      15
      13
       9
      10
      15
      11
      10
      11
       9
       6
       9
      11
       4
      11
       8
       5
       8
       6
       4
       5
      10
       6
       5
       3
       4
       3
       6
       8
       4
       4
       6
       4
       3
       2
       5
       6
       5
       2
       3
       6
       3
       3
       2
       3
       2
       3
       1
       1
       7
       5
       1
       2
       1
       2
       2
       2
       1
       2
       0
       7
       4
       2
       1
       3
       5
       3
       2
       2
       5
       1
       1
       5
       1
       2
       5
       1
       3
       3
       2
       0
       4
       1
       2
       1
       3
       1
       2
       2
       4
       2
       5
       1
       3
       3
       5
       3
       3
       0
       5
       5
       3
       0
       3
       1
       3
       0
       3
       3
       1
       2
       4
       4
       1
       1
       2
       1
       5
       1
       3
       1
       1
       0
       2
       1
       4
       2
       4
       2
       2
       1
       5
       6
       5
       3
       4
       3
       2
       3
       1
       3
       4
       1
       1
       0
       3
       2
       2
       3
       1
       2
       1
       0
       2
       3
       1
       1
       0
       3
       6
       2
       3
       3
       3
       1
       1
       0
       1
       4
       4
       2
       1
       2
       4
       4
       2
       0
       3
       2
       2
       2
       1
       2
       0
       1
       1
       1
       6
       3
       3
       5
       2
       2
       1
       3
       4
       4
       2
       2
       4
       0
       6
       0
       4
       2
       4
       2
       1
       3
       1
       4
       1
       1
       1
       5
       1
       0
       0
       2
       3
       1
       1
       1
       1
       3
       4
       6
       3
       0
       1
       1
       3
       3
       1
       2
       1
       3
       0
       1
       1
       3
       0
       1
       1
       1
       2
       2
       1
       0
       0
       3
       2
       1
       0
       2
       4
       0
       3
       3
       1
       0
       1
       1
       1
       0
       3
       0
       0
       0
       1
       3
       0
       0
       1
       2
       1
       1
       1
       1
       0
       0
       2
       2
       1
       2
       2
       0
       3
       1
       1
       0
       1
       3
       1
       0
       0
       2
       2
       1
       0
       2
       2
       2
       2
       0
       0
       2
       1
       1
       2
       3
       1
       0
       2
       1
       3
       1
       0
       0
       0
       0
       1
       0
       0
       0
       1
       1
       0
       1
       3
       1
       2
       0
       1
       0
       0
       0
       1
       0
       2
       2
       1
       2
       4
       1
       4
       0
       1
       1
       1
       1
       0
       2
       1
       0
       2
       0
       1
       1
       1
       1
       1
       2
       2
       3
       1
       0
       0
       0
       0
       0
       0
       1
       0
       1
       0
       0
       4
       1
       3
       0
       0
       0
       1
       1
       1
       2
       2
       2
       3
       0
       1
       0
       1
       1
       0
       1
       0
       1
       0
       2
       0
       0
       2
       0
       0
       0
       4
       1
       0
       2
       0
       2
       3
       0
       1
       1
       0
       1
       1
       1
       1
       2
       3
       3
       1
       0
       1
       1
       2
       4
       1
       1
       1
       1
       0
       1
       1
       2
       0
       0
       0
       2
       3
       2
       2
       3
       0
       1
       1
       2
       1
       1
       2
       2
       1
       0
       0
       0
       0
       2
       1
       1
       4
       0
       0
       1
       1
       0
       1
       0
       0
       2
       1
       2
       2
       1
       1
       3
       0
       0
       1
       1
       0
       3
       2
       1
       0
       2
       3
       0
       1
       1
       1
       1
       1
       2
       1
       0
       0
       2
       0
       1
       0
       1
       2
       0
       1
       1
       0
       0
       1
       1
       2
       1
       0
       1
       1
       0
       0
       1
       3
       2
       0
       3
       5
       1
       4
       0
       1
       1
       1
       1
       1
       3
       0
       1
       2
       2
       0
       0
       0
       1
       1
       2
       2
       1
       2
       2
       1
       2
       1
       1
       2
       0
       2
       1
       0
       0
       2
       2
       2
       0
       2
       1
       1
       1
       0
       0
       0
       1
       0
       1
       1
       1
       0
       0
       1
       2
       1
       0
       2
       0
       1
       2
       0
       1
       1
       1
       0
       1
       1
       1
       2
       0
       0
       0
       1
       0
       0
       0
       1
       0
       0
       0
       0
       0
       0
       1
       1
       0
       0
       2
       0
       0
       1
       1
       0
       0
       0
       0
       0
       1
       0
       2
       0
       0
       1
       0
       0
       1
       1
       0
       2
       0
       0
       0
       0
       1
       0
       1
       0
       0
       0
       0
       0
       1
       0
       0
       0
       1
       0
       1
       0
       1
       0
       0
       0
       0
       0
       0
       0
       0
       1
       0
       0
       1
       0
       0
       0
       2
       1
       0
       0
       0
       1
       0
       0
       2
       0
       0
       1
       1
       0
       0
       0
       1
       0
       0
       0
       0
       0
       1
       1
       0
       0
       0
       0
       0
       0
       0
       0
       0
       0
       0
       0
       0
       0
       0
       0
       1
       0
       1
       1
       1
       0
       0
       0
       0
       1
       0
       1
       0
       0
       0
       0
       0
       0
       0
       0
       1
       0
       0
       0
       0
       0
       1
       0
       0
       1
       0
       0
       1
       2
       0
       0
       0
       0
       1
       1
       0
       1
       1
       0
       0
       0
       1
       1
       1
       1
       1
       1
       0
       0
       1
       0
       0
       2
       1
       2
       0
       3
       0
       0
       0
       2
       0
       2
       0
       1
       0
       1
       2
       2
       2
       0
       1
       1
       0
       1
       3
       1
       2
       1
       3
       1
       0
       0
       1
       0
       0
       0
       1
       0
       1
       1
       0
       0
       0
       1
       0
       0
       1
       1
       4
       1
       2
       1
       2
       0
       2
       0
       1
       1
       0
       0
       1
       1
       0
       3
       0
       1
       0
       0
       0
       1
       1
       0
       1
       1
       1
       1
       0
       0
       0
       0
       0
       1
       1
       1
       0
       0
       1
       0
       0
       1
       0
       0
       0
       1
       0
       0
       1
       0
       1
       0
       0
       0
       0
       1
       0
       0
       1
       0
       0
       1
       0
       0
       1
       0
       0
       1
       0
       0
       0
       0
       0
       0
       0
       0
       0
       1
       0
       0
       0
       0
       0
       0
       0
       1
       1
       0
       0
       0
       0
       0
       0
       0
       0
       0
       0
       0
       0
       0
       0
       0
       0
       0
       0
       0
       0
       0
       0
       0
       0
       0
       0
       1
       0
       0
       0
       0
       0
       0
       0
       0
       0
       0
       0
       0
       0
       0
       0
       0
       0
       0
       0
       0
       0
       0
       0
       0
       0
       0
       0
       0
       0
       0
       0
       0
       0
       0
       0
       0
       0
       0
       0
       0
$ROI:
1
433 561
$PRESETS:
None
0
0
$ENER_FIT:
-54.092594 1.465894
$MCA_CAL:
3
-5.409259E+001 1.465894E+000 -4.602540E-005 keV
$SHAPE_CAL:
3
-5.474841E+001 2.638014E-001 -1.572140E-004
