$SPEC_ID:
No sample description was entered.
$SPEC_REM:
DET# 4
DETDESC# RBS-D MCB 129 Input 2
AP# Maestro Version 6.08
$DATE_MEA:
01/01/2008 01:32:26
$MEAS_TIM:
240 304
$DATA:
0 2047
       0
       0
       0
       0
       0
    3954
    1982
    2113
    1985
    1897
    1883
    1891
    1842
    1878
    1897
    2038
    2037
    1990
    2035
    2013
    2198
    2360
    2870
    3697
    5260
    7501
    9648
   11019
   10991
    9674
    7707
    6044
    4781
    3826
    3258
    2824
    2440
    2338
    2313
    2216
    2271
    2209
    2259
    2159
    2234
    2260
    2301
    2228
    2267
    2346
    2344
    2380
    2232
    2355
    2249
    2325
    2343
    2349
    2325
    2486
    2326
    2400
    2390
    2409
    2384
    2361
    2450
    2382
    2337
    2439
    2337
    2362
    2447
    2402
    2311
    2400
    2363
    2386
    2430
    2353
    2281
    2356
    2388
    2348
    2382
    2352
    2265
    2369
    2473
    2391
    2308
    2400
    2378
    2348
    2335
    2427
    2413
    2353
    2316
    2372
    2292
    2301
    2303
    2376
    2295
    2246
    2367
    2213
    2352
    2260
    2311
    2354
    2284
    2251
    2271
    2235
    2183
    2243
    2287
    2229
    2300
    2266
    2241
    2261
    2339
    2327
    2208
    2292
    2292
    2206
    2223
    2200
    2322
    2270
    2276
    2266
    2316
    2330
    2358
    2438
    2553
    2495
    2543
    2575
    2693
    2719
    2746
    2784
    2724
    2790
    2864
    2839
    2917
    2881
    2863
    2856
    2817
    2804
    2866
    2851
    2784
    2797
    2814
    2687
    2689
    2700
    2675
    2633
    2641
    2577
    2675
    2740
    2503
    2648
    2576
    2609
    2505
    2508
    2474
    2389
    2639
    2535
    2484
    2475
    2414
    2375
    2393
    2445
    2453
    2363
    2344
    2354
    2244
    2227
    2349
    2247
    2340
    2278
    2267
    2206
    2235
    2276
    2164
    2136
    2187
    2148
    2132
    2194
    2179
    2270
    2210
    2120
    2241
    2137
    2110
    2064
    2104
    2087
    2070
    2083
    2099
    2076
    2119
    2005
    2105
    2150
    2058
    2049
    2017
    2073
    2056
    2037
    2112
    2006
    2066
    1974
    2007
    1989
    1959
    2005
    2094
    2082
    2025
    2013
    1996
    1959
    2010
    1974
    1994
    2006
    1923
    2013
    2015
    2041
    1971
    2077
    1944
    1892
    1922
    1942
    1949
    2041
    1982
    1979
    1964
    1921
    1919
    2004
    1859
    1945
    1914
    1940
    1982
    1975
    1984
    1944
    1988
    1925
    1994
    1885
    1994
    1939
    1965
    1924
    1982
    1887
    1859
    1920
    1906
    1895
    1961
    1930
    1895
    1899
    1964
    2039
    1901
    1888
    1845
    1816
    1875
    1967
    1983
    1989
    1954
    1872
    1874
    2004
    1937
    2009
    1914
    1966
    1956
    1987
    1874
    1939
    1870
    1961
    1992
    2000
    2012
    2014
    1997
    2035
    2043
    1883
    1960
    1948
    1938
    1953
    1879
    1973
    1979
    1961
    1959
    1863
    1821
    1845
    1808
    1821
    1785
    1766
    1738
    1687
    1676
    1610
    1570
    1486
    1520
    1521
    1516
    1487
    1404
    1397
    1361
    1364
    1276
    1226
    1303
    1176
    1147
    1102
    1083
    1037
    1020
     966
     892
     928
     872
     871
     833
     783
     766
     751
     669
     707
     725
     660
     655
     588
     660
     598
     520
     525
     564
     493
     510
     492
     459
     461
     438
     425
     420
     388
     404
     365
     379
     412
     366
     384
     369
     351
     338
     326
     290
     351
     323
     314
     327
     284
     360
     325
     300
     288
     300
     311
     263
     262
     261
     293
     257
     292
     290
     327
     252
     268
     272
     279
     279
     279
     275
     273
     284
     272
     271
     273
     257
     282
     286
     287
     313
     304
     277
     338
     351
     377
     390
     380
     465
     459
     463
     551
     601
     677
     728
     831
     896
    1065
    1145
    1215
    1379
    1467
    1648
    1820
    2168
    2241
    2493
    2740
    2998
    3237
    3600
    3945
    4340
    4678
    5084
    5439
    5670
    6277
    6628
    7092
    7390
    7967
    8578
    8610
    9131
    9620
    9853
   10450
   10821
   11168
   11324
   11655
   12103
   12017
   12378
   12315
   12539
   12431
   12555
   12331
   12107
   12159
   11962
   11355
   11000
   11004
   10659
   10108
    9687
    9220
    8827
    8620
    8052
    7769
    7206
    6606
    6262
    5825
    5594
    5072
    4659
    4299
    4115
    3637
    3331
    3052
    2757
    2488
    2176
    2025
    1808
    1652
    1487
    1354
    1187
    1033
     940
     833
     664
     602
     581
     453
     440
     421
     324
     274
     273
     234
     200
     165
     188
     142
     149
     138
     123
     117
     114
      89
      71
      95
      74
      98
      79
      70
      88
      90
      76
      75
      66
      69
      58
      60
      64
      76
      68
      76
      64
      54
      75
      49
      79
      55
      66
      71
      62
      75
      67
      71
      75
      71
      64
      64
      68
      63
      87
      66
      69
      77
      58
      72
      53
      51
      63
      62
      67
      55
      58
      60
      66
      62
      60
      64
      57
      74
      55
      55
      58
      50
      54
      65
      56
      60
      58
      52
      48
      58
      52
      66
      63
      63
      61
      50
      45
      54
      52
      49
      61
      53
      50
      54
      61
      56
      48
      55
      64
      58
      55
      58
      46
      54
      57
      40
      52
      57
      63
      49
      66
      55
      56
      50
      42
      44
      60
      42
      57
      51
      59
      60
      54
      61
      48
      46
      46
      45
      50
      46
      47
      48
      43
      42
      44
      46
      54
      47
      48
      49
      59
      60
      51
      57
      42
      47
      41
      44
      44
      56
      37
      53
      40
      50
      46
      44
      45
      57
      39
      44
      44
      38
      38
      46
      48
      34
      38
      42
      46
      48
      42
      56
      37
      42
      50
      43
      48
      58
      48
      40
      40
      43
      40
      41
      45
      34
      40
      40
      46
      25
      49
      44
      38
      48
      38
      41
      42
      35
      42
      35
      36
      33
      32
      40
      21
      36
      42
      38
      43
      32
      41
      32
      40
      29
      37
      37
      38
      35
      38
      38
      40
      34
      29
      29
      34
      35
      36
      45
      34
      24
      35
      25
      30
      28
      29
      29
      32
      32
      27
      36
      40
      30
      29
      29
      26
      26
      36
      33
      25
      34
      25
      36
      29
      35
      39
      24
      30
      25
      23
      36
      34
      35
      38
      32
      27
      30
      29
      30
      34
      27
      29
      29
      20
      35
      27
      27
      32
      21
      30
      34
      34
      24
      24
      25
      31
      25
      21
      22
      32
      20
      20
      25
      29
      30
      15
      20
      21
      33
      29
      26
      30
      20
      22
      20
      20
      27
      18
      14
      18
      16
      24
      28
      19
      22
      23
      19
      16
      17
      22
      26
      19
      27
      17
      29
      20
      19
      16
      26
      25
      14
      22
      17
      20
      18
      14
      15
      15
      21
      23
      19
      16
      18
      26
      15
      12
      22
      14
      15
      27
      19
      19
      28
      22
      16
      14
      16
      13
      19
      14
      16
      19
      21
      19
      16
      18
      17
      25
      16
      12
      34
      13
      16
      16
      20
      18
      15
      23
      24
      12
      17
      18
      15
      20
      12
      15
      16
      20
      24
      23
      14
      22
      15
      15
      17
      21
      20
      25
      30
      25
      23
      21
      29
      20
      31
      17
      23
      33
      25
      23
      27
      25
      29
      26
      28
      26
      20
      16
      32
      25
      24
      18
      14
      26
      32
      29
      29
      21
      29
      27
      20
      34
      25
      29
      22
      23
      30
      32
      21
      28
      26
      22
      21
      30
      16
      25
      17
      22
      23
      26
      20
      24
      18
      19
      17
      22
      20
      14
      19
      15
      14
      25
      15
      17
      17
      17
      15
      11
      14
      18
       9
      13
      13
      12
      12
       9
      10
       6
      14
       5
       6
       9
      12
      13
      15
       3
       9
       5
       7
       9
       7
      10
       5
       9
       9
       4
       3
       8
       8
       4
       3
       8
      10
       9
       5
      10
       6
      15
      10
       5
       6
       4
      15
      12
      14
       7
      10
      10
       5
       6
       5
       5
       9
       8
       5
       7
      11
       8
      13
       7
       9
       7
       7
       8
       5
       6
       7
       9
       6
       7
      12
       7
       6
       7
       6
       5
       6
       7
       2
       5
       4
       3
       6
       3
       2
       4
       8
       4
       4
       2
       1
       2
       3
       5
       2
       2
       1
       3
       2
       1
       2
       6
       3
       2
       2
       4
       1
       1
       2
       2
       2
       1
       0
       1
       6
       3
       1
       1
       1
       2
       1
       1
       1
       1
       0
       4
       2
       0
       1
       2
       5
       0
       2
       2
       4
       1
       0
       3
       0
       0
       3
       0
       2
       1
       0
       0
       2
       1
       0
       1
       1
       1
       0
       2
       3
       0
       2
       1
       3
       0
       2
       1
       1
       0
       3
       4
       2
       0
       3
       1
       0
       0
       1
       1
       0
       0
       2
       3
       0
       0
       0
       1
       3
       1
       1
       0
       1
       0
       2
       1
       3
       2
       4
       1
       2
       1
       3
       4
       2
       1
       2
       2
       2
       2
       0
       3
       3
       0
       0
       0
       2
       1
       2
       3
       1
       1
       1
       0
       0
       0
       1
       1
       0
       3
       4
       0
       3
       1
       2
       1
       1
       0
       1
       4
       2
       2
       1
       2
       1
       3
       2
       0
       3
       2
       2
       1
       1
       1
       0
       1
       1
       0
       1
       3
       0
       4
       1
       2
       1
       3
       1
       3
       2
       2
       4
       0
       4
       0
       1
       1
       2
       2
       1
       2
       0
       1
       1
       1
       0
       3
       1
       0
       0
       0
       1
       1
       0
       0
       0
       3
       3
       5
       3
       0
       0
       1
       2
       2
       1
       2
       0
       0
       0
       1
       1
       3
       0
       0
       0
       0
       0
       1
       1
       0
       0
       3
       1
       1
       0
       2
       3
       0
       0
       2
       1
       0
       0
       1
       1
       0
       3
       0
       0
       0
       1
       3
       0
       0
       1
       2
       1
       0
       0
       1
       0
       0
       1
       0
       0
       2
       1
       0
       1
       0
       1
       0
       0
       3
       0
       0
       0
       1
       2
       1
       0
       2
       1
       0
       2
       0
       0
       2
       1
       0
       1
       2
       1
       0
       2
       1
       2
       1
       0
       0
       0
       0
       0
       0
       0
       0
       0
       0
       0
       1
       0
       0
       1
       0
       0
       0
       0
       0
       0
       0
       2
       1
       1
       1
       3
       0
       3
       0
       1
       1
       0
       1
       0
       2
       1
       0
       1
       0
       1
       1
       1
       1
       1
       1
       2
       2
       0
       0
       0
       0
       0
       0
       0
       0
       0
       0
       0
       0
       2
       1
       1
       0
       0
       0
       0
       0
       1
       2
       2
       1
       2
       0
       0
       0
       0
       1
       0
       1
       0
       1
       0
       1
       0
       0
       2
       0
       0
       0
       3
       1
       0
       1
       0
       1
       2
       0
       0
       0
       0
       0
       0
       0
       1
       1
       1
       1
       0
       0
       0
       1
       2
       3
       1
       1
       1
       0
       0
       1
       1
       0
       0
       0
       0
       2
       3
       2
       0
       2
       0
       1
       0
       1
       0
       1
       1
       2
       0
       0
       0
       0
       0
       2
       0
       1
       3
       0
       0
       0
       1
       0
       1
       0
       0
       0
       0
       2
       2
       1
       1
       1
       0
       0
       1
       1
       0
       2
       1
       1
       0
       1
       1
       0
       1
       0
       1
       0
       1
       1
       1
       0
       0
       0
       0
       1
       0
       0
       2
       0
       1
       1
       0
       0
       1
       0
       2
       0
       0
       1
       1
       0
       0
       1
       1
       2
       0
       3
       3
       1
       4
       0
       1
       0
       1
       0
       1
       0
       0
       1
       1
       0
       0
       0
       0
       0
       1
       2
       0
       0
       0
       1
       0
       2
       0
       1
       2
       0
       2
       0
       0
       0
       1
       1
       1
       0
       1
       1
       1
       0
       0
       0
       0
       0
       0
       1
       0
       0
       0
       0
       1
       1
       1
       0
       2
       0
       1
       1
       0
       1
       0
       0
       0
       0
       1
       0
       1
       0
       0
       0
       0
       0
       0
       0
       1
       0
       0
       0
       0
       0
       0
       0
       1
       0
       0
       2
       0
       0
       1
       1
       0
       0
       0
       0
       0
       0
       0
       1
       0
       0
       0
       0
       0
       1
       1
       0
       1
       0
       0
       0
       0
       0
       0
       1
       0
       0
       0
       0
       0
       1
       0
       0
       0
       0
       0
       1
       0
       1
       0
       0
       0
       0
       0
       0
       0
       0
       1
       0
       0
       1
       0
       0
       0
       0
       1
       0
       0
       0
       1
       0
       0
       2
       0
       0
       1
       1
       0
       0
       0
       0
       0
       0
       0
       0
       0
       1
       0
       0
       0
       0
       0
       0
       0
       0
       0
       0
       0
       0
       0
       0
       0
       0
       0
       1
       0
       0
       0
       0
       0
       0
       0
       0
       0
       0
       1
       0
       0
       0
       0
       0
       0
       0
       0
       0
       0
       0
       0
       0
       0
       0
       0
       0
       1
       0
       0
       0
       1
       0
       0
       0
       0
       1
       1
       0
       0
       1
       0
       0
       0
       0
       1
       0
       1
       1
       0
       0
       0
       1
       0
       0
       2
       1
       0
       0
       1
       0
       0
       0
       1
       0
       1
       0
       0
       0
       1
       2
       2
       1
       0
       0
       1
       0
       1
       0
       0
       2
       1
       2
       0
       0
       0
       1
       0
       0
       0
       1
       0
       1
       1
       0
       0
       0
       1
       0
       0
       1
       1
       2
       1
       0
       0
       2
       0
       1
       0
       0
       1
       0
       0
       0
       0
       0
       2
       0
       1
       0
       0
       0
       1
       1
       0
       0
       0
       1
       0
       0
       0
       0
       0
       0
       1
       1
       1
       0
       0
       0
       0
       0
       1
       0
       0
       0
       0
       0
       0
       1
       0
       0
       0
       0
       0
       0
       1
       0
       0
       1
       0
       0
       0
       0
       0
       1
       0
       0
       1
       0
       0
       0
       0
       0
       0
       0
       0
       0
       0
       0
       0
       0
       0
       0
       0
       0
       0
       1
       0
       0
       0
       0
       0
       0
       0
       0
       0
       0
       0
       0
       0
       0
       0
       0
       0
       0
       0
       0
       0
       0
       0
       0
       0
       0
       0
       0
       0
       0
       0
       0
       0
       0
       0
       0
       0
       0
       0
       0
       0
       0
       0
       0
       0
       0
       0
       0
       0
       0
       0
       0
       0
       0
       0
       0
       0
       0
       0
       0
       0
       0
       0
       0
       0
       0
       0
$ROI:
1
433 561
$PRESETS:
None
0
0
$ENER_FIT:
-54.092594 1.465894
$MCA_CAL:
3
-5.409259E+001 1.465894E+000 -4.602540E-005 keV
$SHAPE_CAL:
3
-5.474841E+001 2.638014E-001 -1.572140E-004
