$SPEC_ID:
No sample description was entered.
$SPEC_REM:
DET# 4
DETDESC# RBS-D MCB 129 Input 2
AP# Maestro Version 6.08
$DATE_MEA:
01/01/2008 01:43:14
$MEAS_TIM:
651 825
$DATA:
0 2047
       0
       0
       0
       0
       0
   10702
    5362
    5604
    5466
    5105
    5124
    5040
    5063
    5096
    5303
    5381
    5407
    5429
    5525
    5557
    5983
    6488
    7734
    9985
   14191
   20160
   26180
   29697
   29830
   25965
   20888
   16402
   12944
   10406
    8590
    7574
    6625
    6182
    6056
    5940
    6098
    5941
    6062
    5999
    5984
    6028
    6205
    6249
    6147
    6235
    6270
    6210
    6229
    6290
    6278
    6480
    6318
    6428
    6305
    6544
    6365
    6427
    6389
    6408
    6534
    6447
    6504
    6530
    6381
    6498
    6402
    6371
    6519
    6454
    6338
    6500
    6293
    6431
    6434
    6421
    6341
    6491
    6307
    6371
    6417
    6288
    6275
    6448
    6590
    6356
    6306
    6327
    6314
    6316
    6308
    6461
    6312
    6297
    6276
    6330
    6252
    6193
    6326
    6260
    6189
    6230
    6188
    6120
    6138
    6217
    6209
    6326
    6292
    6147
    6283
    6154
    6150
    6137
    6005
    6155
    6166
    6172
    6146
    6049
    6051
    6179
    6119
    6121
    6141
    6004
    6025
    5910
    6105
    6172
    6179
    6116
    6236
    6439
    6369
    6622
    6820
    6782
    6868
    6928
    7202
    7295
    7470
    7464
    7346
    7464
    7549
    7611
    7732
    7728
    7708
    7716
    7655
    7534
    7660
    7648
    7582
    7534
    7551
    7304
    7227
    7348
    7169
    7180
    7163
    7129
    7145
    7082
    6982
    7009
    6978
    6959
    6800
    6844
    6595
    6595
    6775
    6641
    6789
    6593
    6415
    6559
    6328
    6480
    6454
    6389
    6365
    6312
    6192
    6118
    6240
    6098
    6302
    6083
    6040
    5974
    6168
    6073
    5937
    5981
    5950
    5708
    5746
    5934
    5950
    5886
    5872
    5835
    5958
    5821
    5755
    5705
    5730
    5618
    5797
    5722
    5682
    5654
    5668
    5448
    5753
    5704
    5497
    5681
    5451
    5663
    5511
    5495
    5554
    5460
    5524
    5482
    5455
    5398
    5387
    5533
    5541
    5463
    5413
    5335
    5383
    5222
    5439
    5419
    5504
    5378
    5249
    5385
    5394
    5443
    5328
    5491
    5327
    5298
    5418
    5323
    5340
    5395
    5180
    5281
    5239
    5317
    5198
    5389
    5123
    5226
    5225
    5328
    5417
    5294
    5325
    5336
    5198
    5278
    5294
    5243
    5345
    5342
    5277
    5234
    5257
    5125
    5167
    5142
    5306
    5190
    5253
    5197
    5266
    5375
    5272
    5418
    5176
    5167
    5275
    5175
    5267
    5328
    5323
    5267
    5238
    5221
    5316
    5329
    5253
    5472
    5339
    5213
    5245
    5252
    5227
    5458
    5180
    5223
    5378
    5406
    5263
    5448
    5371
    5427
    5420
    5362
    5341
    5247
    5272
    5169
    5135
    5272
    5273
    5189
    5223
    5058
    4961
    5010
    4926
    4925
    4809
    4665
    4680
    4622
    4545
    4455
    4305
    4143
    4194
    4069
    4005
    3979
    3801
    3742
    3638
    3656
    3440
    3203
    3387
    3147
    3039
    3025
    2827
    2855
    2703
    2539
    2501
    2494
    2343
    2348
    2187
    2081
    2120
    2055
    1917
    1873
    1830
    1721
    1724
    1657
    1702
    1571
    1485
    1439
    1452
    1365
    1341
    1295
    1298
    1233
    1247
    1195
    1174
    1086
    1130
    1064
    1046
    1058
    1007
    1014
    1015
     943
     906
     915
     873
     856
     929
     885
     868
     819
     890
     867
     794
     765
     822
     797
     758
     734
     781
     793
     723
     765
     741
     787
     745
     729
     751
     740
     708
     736
     727
     712
     753
     762
     747
     753
     761
     760
     745
     788
     860
     828
     853
     907
     959
    1009
     996
    1071
    1223
    1277
    1360
    1541
    1641
    1805
    1990
    2255
    2516
    2784
    3116
    3337
    3786
    4123
    4690
    5123
    5837
    6164
    6869
    7575
    8288
    8979
    9738
   10763
   11668
   12702
   14013
   14852
   15675
   17157
   18272
   19266
   20510
   21770
   23201
   23908
   25049
   26261
   27149
   28402
   29251
   30162
   31145
   31871
   32494
   32942
   33429
   33243
   33863
   33760
   33578
   33275
   32884
   32569
   31833
   30895
   29959
   29350
   28548
   27289
   26152
   24946
   23960
   23165
   21753
   20689
   19157
   17976
   16661
   15774
   14705
   13522
   12503
   11648
   10739
    9571
    8830
    8132
    7255
    6553
    5966
    5268
    4792
    4369
    3930
    3507
    3141
    2712
    2473
    2148
    1787
    1632
    1482
    1234
    1134
    1033
     897
     793
     719
     571
     596
     473
     453
     385
     378
     350
     334
     293
     317
     275
     216
     263
     231
     254
     216
     209
     210
     231
     207
     212
     184
     191
     178
     168
     177
     199
     177
     217
     205
     201
     187
     164
     214
     184
     187
     212
     191
     187
     185
     180
     175
     166
     179
     168
     181
     183
     206
     163
     168
     159
     155
     174
     158
     165
     170
     152
     180
     181
     172
     177
     179
     168
     177
     158
     160
     181
     163
     158
     143
     156
     155
     176
     178
     165
     154
     135
     143
     155
     172
     155
     154
     156
     165
     153
     149
     158
     163
     160
     141
     161
     157
     150
     160
     155
     143
     140
     155
     149
     147
     155
     133
     155
     146
     118
     129
     154
     145
     136
     167
     151
     136
     128
     118
     134
     140
     124
     125
     135
     136
     164
     128
     139
     124
     128
     124
     133
     120
     122
     126
     144
     118
     137
     128
     130
     131
     114
     118
     139
     137
     137
     139
     134
     129
     132
     135
     133
     109
     132
     113
     121
     131
     118
     125
     134
     133
     138
     109
     130
     124
     118
     115
     127
     131
     101
     111
     134
     138
     138
     106
     134
     109
     105
     128
     126
     120
     128
     115
     112
     128
     110
     105
     109
     124
     119
     115
     113
     123
     112
     118
     108
     115
     122
     104
     119
     119
     103
     111
      97
     107
     116
     102
     108
      78
     107
      98
     101
     112
     111
     111
      97
     102
      84
      89
      89
      86
      98
      94
      94
     103
      98
      90
      79
     103
      85
      96
     110
     105
      79
     101
      88
      91
      82
      94
      82
      84
      95
      85
     105
     104
      86
      88
      65
      87
      84
      98
      95
      73
      86
      91
      93
      80
      72
      83
      80
      86
      75
      80
      93
      86
      91
      88
      82
      79
      79
      77
      87
      94
      81
      72
      70
      60
      89
      72
      79
      86
      75
      66
      84
      79
      66
      70
      76
      85
      75
      63
      55
      69
      85
      73
      65
      74
      80
      51
      56
      60
      86
      66
      72
      69
      71
      58
      51
      54
      59
      64
      48
      52
      54
      70
      70
      67
      56
      54
      55
      46
      41
      59
      66
      60
      58
      56
      57
      62
      49
      63
      57
      62
      46
      47
      50
      45
      44
      54
      55
      51
      48
      58
      51
      46
      50
      66
      38
      38
      56
      46
      52
      55
      53
      52
      65
      61
      44
      49
      44
      34
      52
      37
      44
      61
      55
      49
      43
      46
      48
      70
      44
      40
      70
      55
      52
      55
      55
      53
      51
      55
      71
      52
      42
      53
      43
      58
      34
      48
      54
      57
      59
      63
      52
      59
      51
      42
      55
      51
      56
      67
      65
      64
      55
      52
      60
      55
      66
      59
      58
      70
      59
      68
      60
      56
      71
      62
      65
      59
      64
      62
      72
      67
      59
      62
      52
      69
      62
      68
      72
      70
      67
      68
      64
      67
      77
      69
      76
      61
      89
      81
      50
      78
      67
      62
      46
      67
      69
      67
      52
      68
      64
      63
      49
      54
      54
      50
      48
      59
      46
      43
      53
      49
      37
      53
      36
      46
      41
      45
      40
      32
      34
      37
      31
      32
      33
      25
      36
      29
      31
      14
      37
      26
      23
      27
      24
      29
      34
      18
      29
      27
      16
      17
      22
      29
      10
      22
      23
      16
      18
      20
      21
      12
      14
      15
      21
      23
      10
      21
      12
      29
      24
      22
      15
      19
      27
      27
      35
      25
      17
      24
      16
      24
      18
      14
      13
      20
      19
      18
      21
      17
      23
      20
      16
      18
      21
      20
      17
      18
      22
      18
      18
      16
      20
      16
      20
      14
      16
       9
      14
      12
      10
      14
      14
      12
      13
      12
       4
      10
      13
       6
      10
       5
       8
       8
       7
      12
       8
       5
       9
       5
       3
       5
       7
       7
       5
       2
       8
       6
       3
       4
       5
       7
       6
       4
       4
       5
       8
       8
       2
       2
       6
       3
       4
       3
       4
       5
       1
       7
       9
       5
       3
       5
       7
       6
       3
       4
       9
       2
       5
      10
       1
       3
       5
       3
       3
       4
       2
       1
       4
       1
       2
       4
       6
       3
       6
       2
       5
       2
       8
       1
       5
       4
       5
       5
       5
       2
       5
       6
       3
       0
       4
       4
       4
       1
       4
       5
       1
       5
       5
       4
       3
       2
       5
       1
       6
       4
       3
       2
       3
       1
       5
       2
       4
       3
       4
       4
       3
       2
       9
       6
       5
       5
       4
       4
       6
       3
       4
       3
       5
       1
       1
       5
       5
       2
       3
       5
       1
       3
       4
       1
       2
       6
       2
       5
       0
       4
       6
       3
       5
       4
       3
       3
       1
       0
       1
       5
       6
       5
       8
       5
       5
       4
       4
       3
       3
       2
       3
       3
       2
       4
       1
       2
       2
       1
       7
       4
       3
       6
       5
       5
       2
       4
       6
       6
       3
       2
       6
       0
       7
       1
       4
       4
       4
       5
       3
       6
       3
       4
       4
       2
       5
       5
       3
       1
       1
       3
       3
       4
       2
       3
       4
       4
       4
       6
       3
       2
       3
       3
       5
       5
       1
       2
       2
       4
       1
       1
       3
       4
       0
       1
       2
       2
       4
       4
       1
       0
       0
       4
       2
       2
       1
       4
       6
       0
       4
       3
       2
       0
       1
       1
       2
       0
       3
       1
       0
       0
       1
       4
       0
       2
       1
       3
       1
       3
       1
       2
       0
       2
       3
       2
       1
       4
       3
       0
       4
       1
       1
       2
       1
       4
       2
       0
       1
       2
       2
       2
       0
       2
       5
       2
       4
       0
       0
       2
       2
       2
       2
       3
       2
       2
       4
       2
       3
       1
       0
       1
       1
       1
       1
       0
       1
       0
       2
       1
       0
       2
       4
       1
       2
       1
       3
       2
       2
       1
       2
       1
       2
       2
       3
       2
       6
       1
       5
       0
       1
       2
       2
       1
       1
       2
       1
       0
       2
       1
       1
       2
       1
       1
       2
       5
       2
       3
       1
       1
       1
       1
       1
       0
       0
       3
       1
       1
       0
       0
       4
       1
       4
       0
       0
       0
       1
       1
       1
       2
       3
       3
       3
       0
       1
       3
       1
       1
       0
       1
       0
       1
       0
       2
       1
       0
       3
       0
       0
       0
       4
       2
       0
       2
       0
       3
       3
       2
       2
       3
       1
       2
       2
       1
       1
       4
       4
       4
       2
       1
       1
       1
       3
       5
       2
       1
       4
       1
       1
       3
       1
       2
       0
       1
       0
       2
       3
       4
       2
       3
       0
       1
       1
       2
       1
       4
       2
       2
       3
       1
       1
       2
       2
       2
       2
       2
       4
       2
       0
       1
       1
       1
       2
       0
       0
       3
       2
       2
       2
       2
       2
       4
       1
       0
       2
       3
       1
       6
       2
       1
       0
       2
       3
       0
       1
       1
       3
       2
       1
       2
       1
       1
       1
       2
       0
       2
       0
       2
       2
       0
       3
       1
       0
       0
       1
       2
       3
       1
       1
       2
       1
       0
       0
       1
       5
       4
       0
       4
       6
       1
       5
       1
       1
       1
       1
       2
       4
       6
       1
       1
       2
       2
       4
       0
       1
       3
       1
       2
       2
       1
       2
       2
       1
       3
       2
       1
       5
       0
       4
       2
       0
       0
       3
       3
       3
       0
       3
       2
       1
       2
       1
       1
       1
       1
       0
       1
       2
       1
       0
       0
       2
       3
       1
       0
       3
       0
       1
       2
       0
       1
       1
       1
       0
       2
       1
       1
       2
       1
       2
       0
       1
       3
       1
       0
       1
       1
       0
       0
       0
       0
       1
       2
       2
       2
       0
       2
       0
       1
       1
       2
       0
       1
       0
       0
       0
       1
       0
       2
       1
       0
       1
       0
       0
       1
       1
       1
       2
       0
       0
       0
       0
       1
       1
       1
       1
       0
       2
       1
       0
       1
       0
       1
       1
       2
       0
       1
       1
       1
       0
       0
       2
       0
       0
       0
       0
       0
       1
       0
       0
       1
       0
       0
       2
       2
       2
       0
       0
       0
       1
       0
       0
       2
       0
       1
       1
       1
       0
       1
       0
       1
       2
       0
       0
       0
       0
       1
       1
       1
       2
       1
       0
       0
       0
       0
       1
       1
       1
       0
       0
       0
       1
       0
       0
       1
       0
       2
       1
       2
       0
       0
       0
       0
       1
       0
       1
       0
       0
       0
       2
       0
       0
       0
       1
       1
       0
       0
       0
       0
       0
       1
       0
       0
       1
       0
       0
       1
       2
       1
       0
       0
       0
       1
       1
       2
       2
       1
       1
       0
       0
       3
       1
       1
       1
       1
       1
       1
       1
       1
       0
       0
       4
       2
       3
       0
       3
       1
       1
       1
       2
       0
       2
       1
       1
       0
       3
       2
       3
       2
       0
       3
       1
       2
       2
       4
       4
       3
       2
       4
       1
       0
       1
       1
       0
       1
       1
       5
       2
       1
       2
       1
       0
       0
       1
       0
       0
       1
       4
       5
       1
       3
       2
       2
       0
       3
       1
       1
       2
       0
       0
       1
       1
       1
       3
       0
       1
       0
       0
       0
       4
       2
       1
       1
       1
       1
       1
       0
       0
       1
       0
       0
       1
       1
       2
       1
       0
       2
       0
       0
       1
       2
       0
       0
       1
       0
       1
       1
       0
       1
       0
       0
       0
       0
       2
       0
       0
       1
       0
       0
       1
       0
       0
       2
       0
       0
       1
       1
       0
       1
       0
       0
       0
       0
       0
       0
       2
       0
       0
       0
       0
       0
       0
       0
       1
       1
       0
       0
       0
       0
       0
       0
       0
       0
       0
       0
       0
       0
       0
       0
       0
       0
       1
       0
       0
       0
       0
       0
       0
       0
       0
       0
       1
       0
       0
       1
       0
       0
       0
       0
       0
       0
       0
       0
       0
       0
       0
       0
       0
       0
       0
       0
       0
       0
       0
       0
       0
       0
       0
       0
       0
       0
       0
       0
       0
       0
       0
       0
       0
       0
       0
       0
       0
$ROI:
2
433 561
901 1034
$PRESETS:
None
0
0
$ENER_FIT:
-54.092594 1.465894
$MCA_CAL:
3
-5.409259E+001 1.465894E+000 -4.602540E-005 keV
$SHAPE_CAL:
3
-5.474841E+001 2.638014E-001 -1.572140E-004
