$SPEC_ID:
No sample description was entered.
$SPEC_REM:
DET# 4
DETDESC# RBS-D MCB 129 Input 2
AP# Maestro Version 6.08
$DATE_MEA:
01/01/2008 01:56:43
$MEAS_TIM:
101 104
$DATA:
0 2047
       0
       0
       0
       0
       0
     241
     111
     112
      77
     101
      94
      91
     124
      99
     119
     126
     112
     100
      90
     102
     135
     166
     216
     309
     479
     667
     763
     815
     750
     614
     425
     317
     268
     221
     198
     132
     135
     134
     132
     150
     146
     147
     118
     118
     136
     127
     160
     152
     167
     162
     192
     189
     176
     204
     165
     196
     198
     193
     208
     210
     220
     199
     223
     236
     219
     210
     187
     208
     210
     204
     215
     215
     231
     241
     220
     230
     214
     197
     227
     226
     227
     217
     248
     223
     207
     221
     198
     224
     214
     221
     233
     239
     201
     243
     209
     235
     224
     199
     240
     236
     224
     241
     224
     209
     226
     218
     209
     210
     204
     225
     215
     212
     185
     227
     180
     203
     219
     216
     232
     217
     183
     226
     200
     188
     197
     204
     211
     188
     200
     191
     191
     178
     174
     170
     155
     176
     185
     174
     206
     188
     204
     197
     238
     228
     231
     221
     243
     233
     228
     234
     210
     229
     209
     225
     210
     227
     240
     187
     222
     175
     219
     183
     195
     194
     200
     212
     198
     179
     206
     188
     175
     181
     187
     174
     180
     179
     162
     171
     160
     173
     168
     165
     170
     163
     208
     176
     181
     182
     180
     179
     165
     168
     178
     142
     181
     151
     151
     166
     166
     157
     133
     146
     153
     162
     152
     148
     153
     159
     131
     168
     128
     140
     129
     153
     142
     128
     144
     162
     132
     124
     130
     157
     104
     152
     162
     141
     122
     144
     127
     120
     134
     122
     148
     147
     117
     108
     114
     153
     124
     132
     142
     118
     141
     107
     115
     104
     116
     126
     108
     113
     139
     138
     126
     113
     104
     122
     129
     115
     115
     116
     118
     100
     115
     137
     116
      87
     122
      90
     100
     104
     123
     104
     110
      95
     119
     120
     101
     101
     121
     118
      97
     130
     116
      87
     101
      99
     110
     107
     113
     108
     134
     120
      96
     104
     107
     103
     123
     100
     123
     116
     111
      99
     128
     118
     106
     107
     111
     108
     107
     105
     114
     118
     120
     119
     123
     114
     105
     112
      96
     104
     132
     134
     128
     111
     105
     125
     107
     123
     100
     108
     114
     117
     116
     106
      94
      97
     109
      84
     102
     100
      92
      85
     108
      95
      77
      78
      82
      79
      74
      87
      73
      81
      76
      65
      72
      67
      74
      55
      51
      61
      49
      58
      57
      49
      58
      50
      53
      45
      42
      42
      40
      36
      36
      36
      42
      39
      51
      28
      29
      28
      38
      23
      25
      36
      27
      21
      27
      22
      25
      31
      23
      19
      23
      25
      25
      23
      22
      26
      14
      25
      17
      20
      22
      17
      20
      14
      15
       9
      31
      17
      17
      17
      27
      15
      18
      12
      17
      14
      14
      10
      16
      20
      18
      16
      14
      15
      14
      17
      14
      21
      15
      13
      17
      19
      28
      20
      27
      14
      25
      27
      20
      24
      23
      26
      25
      29
      30
      29
      29
      33
      29
      48
      37
      45
      61
      53
      65
      64
      74
      73
      97
     113
     114
     133
     105
     137
     140
     164
     172
     199
     198
     234
     277
     275
     300
     347
     334
     358
     371
     390
     380
     426
     453
     526
     507
     525
     536
     542
     592
     584
     600
     608
     605
     616
     637
     649
     607
     613
     635
     614
     556
     543
     514
     547
     502
     502
     468
     397
     440
     420
     375
     319
     288
     302
     290
     280
     216
     245
     212
     175
     155
     126
     151
     121
     123
      95
     101
      75
      62
      64
      43
      47
      43
      32
      30
      22
      26
      18
      13
      27
      13
      10
      11
      16
       7
      10
       9
       8
       8
       8
       6
       3
       2
      10
      11
       6
       7
       4
       8
       2
       5
       3
       4
       5
       0
       4
       2
       3
       1
       3
       5
       9
       2
       2
       0
       4
       5
       5
       1
       4
       2
       3
       7
       4
       2
       5
       2
       8
       0
       5
       5
       5
       2
       3
       2
       2
       2
       4
       3
       2
       4
       6
       6
       6
       5
       4
       4
       3
       4
       6
       4
       2
       5
       4
       3
       7
       5
       3
       1
       1
       4
       4
       4
       2
       8
       1
       4
       1
       1
       5
       5
       7
       3
       5
       1
       6
       6
       7
       2
       5
       2
       1
       5
       1
       1
       4
       2
       4
       3
       3
       0
       6
       1
       7
       5
       7
       8
       2
       3
       4
       1
       5
       3
       7
       3
       7
       1
       4
       4
       5
       1
       3
       2
       1
       4
       4
       5
       1
       3
       6
       5
       1
       3
       3
       6
       4
       2
       3
       2
       3
       3
       5
       1
       4
       5
       4
       4
       4
       4
       1
       2
       3
       3
       5
       4
       2
       4
       4
       4
       4
       4
       2
       3
       4
       0
       7
       4
       2
       3
       1
       3
       3
       3
       2
       2
       3
       3
       1
       3
       5
       2
       6
       6
       2
       0
       1
       5
       3
       5
       1
       1
       3
       4
       1
       0
       1
       1
       3
       1
       3
       6
       4
       3
       3
       2
       3
       2
       1
       2
       1
       0
       1
       5
       2
       2
       1
       2
       1
       5
       6
       1
       3
       1
       4
       1
       4
       3
      10
       5
       4
       1
       3
       4
       0
       2
       2
       3
       0
       1
       2
       0
       2
       1
       2
       3
       1
       2
       2
       1
       1
       3
       2
       1
       0
       3
       4
       0
       3
       2
       2
       0
       5
       4
       5
       0
       4
       2
       3
       1
       1
       4
       2
       2
       4
       0
       1
       1
       2
       1
       1
       3
       5
       3
       3
       5
       3
       3
       3
       2
       3
       2
       1
       0
       2
       2
       0
       0
       2
       2
       1
       1
       2
       3
       4
       0
       0
       2
       0
       3
       1
       1
       1
       2
       5
       3
       1
       3
       1
       1
       1
       1
       3
       2
       3
       2
       2
       2
       2
       1
       0
       0
       1
       1
       2
       2
       1
       1
       1
       0
       2
       1
       2
       2
       6
       0
       0
       1
       3
       1
       1
       1
       0
       3
       1
       3
       1
       1
       2
       0
       3
       1
       4
       0
       0
       1
       0
       2
       2
       1
       1
       0
       1
       2
       2
       4
       4
       1
       2
       3
       0
       1
       4
       0
       0
       0
       4
       0
       1
       1
       0
       1
       2
       1
       0
       2
       2
       3
       2
       1
       0
       1
       2
       1
       2
       0
       1
       2
       1
       2
       1
       0
       0
       4
       2
       1
       1
       2
       0
       0
       1
       2
       0
       0
       0
       3
       0
       1
       2
       0
       1
       1
       1
       0
       1
       1
       0
       0
       1
       1
       0
       2
       4
       1
       1
       0
       0
       0
       1
       2
       0
       2
       0
       3
       4
       0
       1
       0
       0
       2
       0
       2
       0
       0
       0
       3
       3
       1
       0
       0
       2
       2
       0
       2
       0
       1
       1
       1
       3
       1
       1
       0
       3
       1
       1
       2
       1
       4
       4
       5
       0
       7
       2
       2
       4
       1
       3
       4
       3
       2
       2
       4
       1
       4
       2
       2
       1
       3
       1
       2
       2
       6
       2
       2
       5
       2
       4
       2
       7
       3
       3
       1
       4
       3
       1
       0
       3
       6
       5
       2
       3
       2
       4
       3
       4
       1
       2
       3
       3
       1
       2
       0
       2
       1
       1
       2
       1
       3
       1
       1
       1
       2
       1
       2
       0
       4
       3
       0
       0
       1
       0
       0
       0
       2
       2
       1
       1
       1
       0
       0
       0
       1
       3
       1
       0
       1
       1
       1
       0
       0
       1
       0
       0
       0
       0
       1
       0
       1
       0
       0
       0
       0
       0
       1
       0
       1
       0
       1
       0
       0
       0
       0
       1
       0
       1
       2
       0
       0
       0
       1
       0
       2
       0
       0
       0
       0
       1
       0
       0
       2
       1
       1
       0
       1
       0
       0
       0
       0
       0
       1
       0
       0
       0
       1
       0
       2
       1
       1
       0
       0
       0
       0
       1
       0
       0
       0
       0
       0
       1
       1
       0
       0
       0
       1
       0
       0
       1
       0
       1
       0
       1
       1
       0
       0
       0
       1
       1
       0
       1
       0
       0
       0
       0
       0
       1
       0
       0
       0
       0
       1
       1
       1
       0
       1
       1
       1
       0
       0
       0
       0
       1
       2
       0
       1
       1
       1
       0
       0
       0
       1
       1
       0
       0
       0
       0
       0
       0
       0
       0
       0
       0
       1
       0
       1
       1
       0
       0
       2
       1
       3
       0
       1
       1
       0
       0
       1
       1
       0
       1
       2
       0
       0
       1
       1
       0
       0
       0
       1
       0
       0
       0
       1
       2
       0
       2
       0
       0
       0
       1
       1
       2
       0
       0
       0
       1
       0
       0
       1
       1
       0
       0
       0
       1
       0
       0
       0
       0
       1
       0
       0
       1
       0
       0
       1
       1
       0
       0
       0
       0
       1
       0
       0
       0
       0
       0
       0
       2
       1
       0
       0
       0
       0
       1
       1
       1
       0
       1
       0
       0
       1
       1
       0
       0
       2
       0
       0
       0
       0
       1
       0
       0
       0
       0
       1
       1
       1
       0
       0
       0
       0
       0
       0
       0
       2
       0
       0
       0
       0
       0
       0
       0
       0
       0
       0
       1
       0
       0
       0
       0
       1
       1
       0
       0
       1
       1
       0
       0
       1
       0
       0
       0
       0
       0
       0
       0
       1
       0
       0
       0
       0
       0
       1
       1
       0
       0
       0
       0
       0
       0
       0
       0
       0
       0
       0
       0
       0
       0
       0
       0
       0
       0
       2
       0
       0
       0
       0
       0
       0
       0
       0
       0
       0
       0
       0
       0
       0
       0
       0
       0
       0
       0
       0
       0
       0
       0
       0
       0
       0
       0
       0
       0
       0
       1
       2
       0
       0
       0
       0
       0
       0
       0
       0
       2
       0
       0
       0
       0
       0
       0
       0
       0
       0
       1
       0
       0
       0
       0
       0
       1
       0
       0
       0
       0
       0
       0
       0
       0
       1
       1
       0
       0
       0
       0
       0
       0
       0
       0
       1
       0
       0
       0
       0
       0
       1
       1
       2
       0
       0
       0
       1
       0
       0
       0
       0
       0
       0
       0
       0
       0
       1
       1
       0
       1
       0
       1
       0
       1
       0
       1
       0
       0
       0
       0
       0
       1
       3
       0
       0
       1
       0
       0
       0
       0
       0
       0
       0
       0
       0
       1
       0
       0
       1
       1
       1
       0
       0
       1
       0
       0
       0
       0
       0
       1
       0
       0
       0
       0
       0
       0
       1
       0
       0
       0
       0
       0
       0
       0
       0
       0
       0
       0
       0
       0
       1
       0
       0
       0
       0
       0
       0
       0
       0
       0
       0
       0
       0
       0
       0
       0
       0
       1
       0
       1
       0
       0
       1
       0
       0
       0
       0
       0
       0
       0
       0
       0
       0
       0
       1
       0
       0
       0
       0
       0
       1
       0
       0
       0
       0
       0
       0
       0
       0
       1
       0
       0
       0
       0
       0
       0
       0
       0
       0
       0
       0
       0
       0
       0
       0
       0
       0
       0
       0
       2
       0
       0
       0
       0
       0
       0
       0
       0
       0
       1
       0
       1
       1
       0
       0
       0
       0
       0
       0
       0
       0
       0
       0
       0
       0
       1
       0
       0
       0
       0
       0
       0
       1
       0
       0
       0
       0
       0
       0
       0
       0
       0
       1
       0
       0
       0
       0
       0
       0
       0
       0
       0
       0
       0
       0
       0
       0
       0
       0
       0
       0
       0
       1
       0
       0
       0
       0
       1
       0
       0
       0
       1
       1
       1
       1
       0
       0
       0
       0
       0
       0
       0
       1
       1
       0
       0
       0
       0
       0
       0
       0
       0
       0
       0
       0
       0
       0
       0
       0
       0
       1
       0
       0
       0
       0
       0
       0
       0
       0
       0
       0
       0
       0
       0
       0
       0
       0
       0
       0
       0
       0
       0
       0
       0
       0
       0
       0
       0
       0
       0
       0
       0
       0
       0
       0
       0
       0
       0
       0
       0
       0
       0
       0
       0
       0
       0
       0
       3
       0
       0
       0
       0
       0
       0
       0
       0
       0
       0
       0
       0
       0
       0
       0
       0
       0
       0
       0
       0
       0
       1
       1
       1
       0
       0
       0
       0
       0
       1
       1
       0
       0
       1
       0
       0
       0
       0
       0
       1
       0
       0
       0
       0
       0
       1
       1
       0
       0
       1
       0
       2
       0
       0
       0
       1
       1
       0
       0
       2
       0
       0
       0
       0
       1
       0
       0
       0
       0
       0
       0
       1
       0
       0
       1
       0
       0
       0
       1
       0
       0
       0
       1
       0
       2
       1
       0
       0
       0
       0
       1
       1
       0
       0
       1
       0
       0
       0
       1
       0
       0
       0
       0
       0
       0
       0
       0
       0
       0
       0
       0
       0
       0
       0
       0
       0
       0
       0
       0
       0
       1
       0
       0
       0
       0
       1
       0
       0
       0
       0
       0
       0
       0
       0
       0
       0
       0
       0
       0
       0
       0
       0
       0
       0
       0
       0
       0
       0
       0
       0
       0
       0
       0
       0
       0
       0
       0
       0
       0
       0
       0
       0
       0
       0
       0
       0
       0
       0
       0
       0
       0
       0
       0
       0
       0
       0
       0
       0
       0
       0
       0
       0
       0
       0
       0
       0
       0
       0
       0
       0
       0
       1
       0
       0
       0
       0
       0
       0
       0
       0
       0
       0
       0
       0
       0
       0
       0
       0
       0
       0
       0
       0
       0
       0
       0
       0
       0
       0
       0
       0
       0
       0
       0
       0
       0
       0
       0
       0
       0
       0
       0
       0
       0
       0
       0
       0
       0
       0
$ROI:
1
433 561
$PRESETS:
None
0
0
$ENER_FIT:
-54.092594 1.465894
$MCA_CAL:
3
-5.409259E+001 1.465894E+000 -4.602540E-005 keV
$SHAPE_CAL:
3
-5.474841E+001 2.638014E-001 -1.572140E-004
