$SPEC_ID:
No sample description was entered.
$SPEC_REM:
DET# 4
DETDESC# RBS-D MCB 129 Input 2
AP# Maestro Version 6.08
$DATE_MEA:
01/01/2008 01:48:56
$MEAS_TIM:
989 1253
$DATA:
0 2047
       0
       0
       0
       0
       0
   16292
    8129
    8580
    8190
    7744
    7828
    7679
    7604
    7846
    8004
    8096
    8128
    8194
    8515
    8613
    9006
    9745
   11700
   15154
   21684
   30674
   39679
   45345
   45036
   39348
   31966
   24940
   19746
   15784
   13212
   11297
   10072
    9457
    9159
    9012
    9293
    9054
    9109
    9083
    9170
    9266
    9459
    9496
    9376
    9404
    9628
    9383
    9521
    9687
    9596
    9715
    9639
    9750
    9653
    9899
    9644
    9789
    9743
    9693
    9923
    9833
    9929
    9849
    9803
    9849
    9725
    9680
    9803
    9780
    9657
    9724
    9597
    9758
    9858
    9783
    9632
    9784
    9448
    9727
    9825
    9533
    9520
    9831
    9846
    9628
    9536
    9591
    9549
    9551
    9661
    9839
    9580
    9571
    9589
    9607
    9564
    9501
    9610
    9455
    9488
    9467
    9443
    9392
    9447
    9345
    9402
    9477
    9461
    9335
    9484
    9407
    9343
    9336
    9231
    9320
    9268
    9380
    9270
    9241
    9217
    9386
    9270
    9284
    9243
    9138
    9197
    9129
    9271
    9495
    9326
    9380
    9520
    9761
    9669
   10017
   10291
   10329
   10394
   10650
   10981
   11105
   11238
   11348
   11160
   11348
   11404
   11567
   11886
   11752
   11748
   11664
   11722
   11603
   11502
   11582
   11339
   11563
   11411
   11088
   11042
   11112
   11039
   10931
   10818
   10870
   10778
   10678
   10614
   10604
   10522
   10432
   10271
   10380
   10176
   10202
   10275
   10027
   10237
    9916
    9885
    9949
    9743
    9810
    9712
    9749
    9677
    9635
    9431
    9365
    9463
    9435
    9481
    9152
    9239
    9089
    9300
    9077
    9124
    9147
    9082
    8820
    8887
    8977
    9013
    8929
    8950
    8894
    8995
    8875
    8695
    8685
    8776
    8690
    8803
    8716
    8619
    8578
    8554
    8432
    8787
    8550
    8378
    8583
    8367
    8604
    8452
    8355
    8409
    8289
    8365
    8466
    8383
    8153
    8310
    8306
    8381
    8328
    8175
    8123
    8097
    8009
    8272
    8251
    8254
    8137
    8072
    8145
    8213
    8281
    8064
    8309
    8225
    8013
    8170
    8132
    8063
    8135
    7904
    8125
    8032
    8018
    7907
    8076
    7912
    7997
    8014
    8110
    8177
    8072
    8093
    8000
    7918
    8016
    8039
    8068
    8019
    8078
    8045
    8085
    8032
    7821
    7893
    7889
    8004
    7884
    7961
    7998
    7974
    8118
    8030
    8099
    7932
    7958
    7926
    7827
    8004
    8120
    8041
    7917
    8061
    7936
    8052
    8093
    7992
    8192
    8082
    8002
    7970
    8100
    8014
    8187
    8045
    7966
    8221
    8168
    8034
    8182
    8240
    8133
    8215
    8199
    8175
    8010
    8096
    7911
    7824
    7926
    8045
    7799
    7920
    7701
    7581
    7606
    7494
    7407
    7364
    7108
    7116
    7014
    6924
    6738
    6513
    6314
    6407
    6136
    6090
    6040
    5725
    5593
    5519
    5364
    5201
    4934
    5088
    4796
    4582
    4573
    4274
    4302
    3985
    3817
    3825
    3762
    3502
    3567
    3336
    3247
    3213
    3096
    2895
    2835
    2766
    2669
    2583
    2483
    2558
    2419
    2214
    2186
    2210
    2097
    2074
    1971
    1989
    1905
    1934
    1819
    1761
    1684
    1745
    1582
    1607
    1616
    1565
    1532
    1535
    1412
    1414
    1395
    1322
    1346
    1360
    1364
    1276
    1270
    1328
    1319
    1167
    1192
    1220
    1204
    1182
    1172
    1165
    1193
    1115
    1144
    1115
    1165
    1149
    1076
    1140
    1099
    1098
    1120
    1096
    1119
    1154
    1140
    1107
    1150
    1170
    1171
    1148
    1230
    1303
    1281
    1313
    1377
    1478
    1542
    1585
    1649
    1873
    1909
    2156
    2365
    2530
    2797
    3042
    3425
    3849
    4318
    4804
    5191
    5847
    6300
    7216
    7825
    8911
    9529
   10668
   11608
   12667
   13844
   15006
   16490
   17967
   19477
   21296
   22629
   24250
   26262
   27849
   29648
   31627
   33161
   35194
   36584
   38702
   40208
   41578
   43481
   44809
   46285
   47602
   48421
   49634
   49812
   50744
   50769
   51227
   51343
   51316
   50503
   49672
   49419
   48243
   46949
   45488
   44299
   43088
   41197
   39366
   37759
   36138
   34841
   32748
   30973
   28842
   27021
   25149
   23626
   22035
   20351
   18709
   17412
   15999
   14335
   13262
   12174
   10845
    9819
    8932
    7866
    7227
    6474
    5800
    5246
    4635
    4058
    3670
    3220
    2705
    2464
    2222
    1882
    1705
    1548
    1352
    1191
    1058
     871
     856
     741
     658
     599
     570
     520
     501
     433
     468
     406
     376
     386
     374
     366
     325
     313
     338
     339
     330
     303
     297
     279
     281
     266
     282
     290
     254
     325
     297
     303
     271
     253
     308
     281
     274
     310
     292
     306
     294
     263
     278
     263
     274
     267
     269
     278
     293
     270
     255
     254
     257
     279
     251
     263
     264
     261
     275
     264
     260
     275
     278
     271
     262
     241
     237
     277
     242
     236
     239
     243
     230
     253
     256
     252
     243
     231
     222
     250
     246
     238
     234
     227
     238
     236
     236
     240
     242
     229
     224
     228
     229
     212
     235
     229
     218
     236
     238
     203
     220
     249
     220
     230
     218
     183
     208
     218
     220
     192
     256
     225
     210
     193
     191
     197
     203
     186
     192
     212
     192
     226
     193
     202
     198
     193
     193
     200
     183
     181
     186
     215
     184
     219
     188
     206
     201
     177
     193
     188
     190
     191
     188
     210
     204
     200
     208
     192
     179
     201
     183
     199
     194
     185
     191
     216
     205
     201
     169
     185
     205
     177
     183
     208
     203
     163
     166
     202
     199
     205
     174
     195
     179
     180
     191
     189
     188
     191
     171
     167
     192
     152
     172
     180
     178
     171
     164
     177
     167
     170
     183
     165
     176
     188
     156
     172
     193
     160
     167
     151
     164
     156
     145
     163
     126
     153
     157
     156
     167
     164
     155
     147
     152
     144
     142
     131
     140
     157
     144
     139
     155
     148
     138
     129
     141
     133
     138
     170
     154
     131
     147
     134
     137
     123
     141
     116
     118
     156
     126
     161
     135
     139
     133
     109
     129
     134
     136
     145
     116
     141
     133
     132
     122
     112
     120
     120
     128
     115
     141
     132
     120
     135
     134
     117
     128
     125
     103
     131
     142
     127
     119
     118
      99
     141
      98
     112
     124
     117
     107
     112
     124
     111
     109
     117
     119
     108
     107
      93
      97
     120
     110
      95
     100
     112
      89
      95
      90
     108
      95
     113
     103
     114
      94
      88
      85
      99
      90
      85
      80
      78
      97
     105
     108
      87
      83
      82
      76
      69
      72
      93
      95
      84
      89
      84
      91
      78
      93
      80
      87
      77
      74
      78
      68
      82
      87
      87
      73
      65
      84
      72
      65
      76
      92
      57
      58
      75
      65
      77
      84
      73
      73
      90
      87
      82
      74
      70
      72
      74
      59
      65
      88
      75
      78
      69
      74
      73
      95
      75
      71
     107
      87
      80
      89
      78
      84
      76
      71
      90
      72
      73
      72
      68
      80
      64
      79
      79
      81
      83
      93
      73
      92
      72
      67
      86
      83
      81
      97
      92
      95
      94
      84
      87
      91
      88
      99
      86
     110
      96
     106
      87
     107
     101
      94
      99
      85
      91
     104
     102
     105
     102
      94
      88
     107
      93
     109
     115
     110
      99
     104
      94
      99
     103
     104
     122
      92
     127
     110
      88
     117
     104
      97
      79
     102
     115
      97
      79
     101
      93
      83
      87
      82
      86
      83
      87
      81
      73
      70
      72
      74
      61
      68
      52
      66
      64
      66
      62
      49
      45
      51
      48
      49
      49
      51
      49
      43
      42
      29
      61
      41
      38
      35
      32
      37
      45
      29
      46
      37
      34
      24
      35
      47
      27
      31
      32
      31
      25
      28
      27
      18
      26
      26
      34
      38
      19
      27
      27
      37
      33
      30
      27
      33
      35
      35
      43
      34
      24
      34
      28
      39
      27
      21
      26
      29
      28
      24
      31
      21
      30
      31
      30
      27
      32
      31
      23
      29
      29
      24
      27
      25
      26
      27
      28
      23
      17
      13
      16
      18
      15
      19
      23
      14
      16
      17
       7
      15
      18
      13
      18
      11
      11
      14
       9
      17
      12
       7
      13
      10
       9
       7
      11
      10
      10
       7
       8
       8
       7
       7
      10
      10
       8
       8
       7
       7
      12
      10
       4
       2
      10
       5
       6
       4
       6
       7
       6
      10
      10
       6
       4
       8
      11
       7
       5
       6
      14
       6
       5
      13
       5
       4
       7
       6
       6
       6
       4
       1
       7
       5
       2
       6
      10
       7
       8
       5
       7
       5
       8
       2
       7
       5
       7
       9
       5
       5
       7
       8
       9
       0
       6
       9
       8
       1
       4
       7
       2
       5
       7
       5
       4
       2
       7
       2
       7
       6
       5
       3
       4
       1
      10
       3
       4
       3
       7
       6
       4
       3
       9
       7
       7
       8
       4
       5
       8
       5
       4
       3
       5
       4
       3
       7
       7
       2
       5
       7
       3
       5
       7
       3
       3
       7
       4
       7
       5
       5
       9
       4
       6
       4
       7
       7
       4
       2
       3
       8
       7
       8
      10
       7
       8
       9
       5
       4
       3
       4
       3
       6
       4
       6
       3
       2
       3
       4
       9
       5
       5
       8
       7
       7
       3
       7
       6
       8
       5
       2
       8
       3
       8
       4
       7
       7
       6
       6
       5
      11
       4
      10
       5
       3
       5
       7
       4
       1
       2
       4
       6
       6
       5
       5
       6
       6
       5
       8
       5
       4
       3
       6
       5
       6
       1
       3
       5
       5
       3
       2
       6
       4
       1
       2
       4
       4
       6
       7
       2
       2
       1
       4
       3
       3
       2
       5
       7
       1
       5
       3
       4
       1
       2
       1
       2
       0
       3
       1
       1
       2
       2
       6
       0
       2
       1
       4
       2
       5
       3
       3
       0
       4
       3
       3
       1
       5
       5
       2
       4
       2
       1
       4
       3
       4
       2
       2
       1
       3
       3
       2
       2
       2
       6
       3
       4
       0
       1
       4
       3
       2
       2
       5
       4
       2
       6
       5
       5
       1
       1
       1
       3
       2
       1
       2
       1
       2
       4
       3
       2
       2
       4
       1
       2
       1
       4
       4
       2
       1
       2
       3
       3
       5
       4
       4
       7
       1
       5
       0
       1
       4
       2
       2
       2
       2
       2
       0
       2
       1
       2
       4
       2
       2
       4
       6
       4
       3
       1
       1
       3
       1
       1
       1
       1
       5
       3
       2
       0
       1
       5
       2
       4
       1
       0
       0
       3
       5
       2
       4
       5
       5
       3
       0
       1
       3
       2
       1
       0
       1
       0
       1
       0
       2
       3
       0
       3
       0
       1
       0
       4
       2
       1
       2
       2
       3
       4
       2
       3
       3
       1
       2
       3
       1
       2
       4
       5
       6
       3
       2
       2
       3
       4
       5
       2
       1
       4
       2
       2
       3
       1
       3
       1
       1
       2
       2
       4
       6
       3
       4
       2
       2
       1
       3
       2
       4
       4
       3
       3
       2
       1
       2
       3
       3
       3
       3
       6
       2
       0
       2
       2
       4
       2
       3
       1
       6
       4
       4
       5
       6
       4
       5
       1
       0
       4
       5
       2
       7
       2
       3
       1
       3
       3
       2
       2
       1
       3
       2
       2
       2
       3
       3
       3
       2
       2
       2
       2
       3
       2
       1
       4
       2
       0
       1
       2
       2
       3
       1
       1
       2
       4
       0
       2
       4
       5
       6
       2
       8
       6
       1
       6
       2
       2
       3
       2
       2
       4
       9
       3
       4
       2
       2
       4
       0
       1
       3
       1
       3
       7
       2
       2
       2
       1
       4
       2
       3
       6
       1
       6
       3
       0
       0
       4
       4
       4
       0
       4
       4
       1
       2
       1
       3
       3
       1
       0
       2
       3
       1
       0
       0
       2
       4
       1
       0
       4
       0
       1
       2
       2
       3
       1
       2
       1
       3
       2
       1
       2
       2
       3
       0
       2
       3
       3
       0
       1
       1
       1
       0
       2
       0
       1
       2
       2
       3
       1
       2
       0
       2
       1
       2
       0
       2
       0
       0
       0
       1
       0
       2
       1
       2
       2
       1
       0
       2
       2
       1
       2
       1
       1
       0
       1
       1
       1
       1
       1
       0
       2
       1
       0
       1
       0
       2
       1
       3
       0
       2
       1
       1
       1
       0
       3
       1
       0
       2
       0
       0
       2
       2
       2
       1
       0
       0
       2
       3
       2
       1
       0
       1
       1
       0
       0
       2
       0
       1
       1
       1
       1
       1
       0
       2
       2
       0
       0
       0
       0
       1
       1
       1
       2
       1
       0
       0
       0
       1
       1
       1
       1
       0
       0
       0
       1
       0
       0
       1
       1
       3
       1
       2
       0
       0
       1
       0
       1
       0
       1
       0
       1
       0
       2
       0
       0
       0
       2
       1
       1
       0
       0
       0
       0
       1
       0
       1
       1
       0
       0
       2
       3
       1
       0
       0
       0
       1
       2
       2
       2
       2
       1
       0
       0
       3
       1
       1
       1
       2
       2
       1
       2
       1
       0
       0
       4
       2
       4
       0
       4
       2
       1
       1
       2
       1
       2
       1
       1
       0
       4
       4
       3
       3
       1
       5
       2
       3
       3
       4
       6
       4
       2
       5
       1
       1
       2
       2
       2
       3
       1
       7
       4
       1
       2
       2
       0
       1
       1
       1
       2
       2
       5
       5
       3
       3
       4
       3
       2
       4
       1
       2
       2
       2
       1
       1
       1
       1
       5
       0
       2
       1
       0
       3
       6
       2
       2
       2
       2
       4
       1
       0
       0
       1
       1
       0
       2
       1
       2
       1
       0
       2
       1
       1
       1
       2
       0
       2
       1
       0
       1
       2
       1
       1
       0
       0
       0
       0
       2
       1
       0
       2
       1
       0
       1
       0
       0
       3
       0
       0
       1
       1
       0
       1
       0
       1
       0
       0
       1
       0
       2
       0
       0
       0
       0
       0
       0
       0
       1
       1
       0
       0
       0
       0
       1
       0
       0
       0
       0
       0
       0
       0
       0
       0
       0
       0
       1
       0
       0
       0
       0
       1
       0
       0
       0
       0
       1
       0
       0
       1
       0
       0
       0
       0
       0
       0
       0
       0
       0
       0
       0
       0
       0
       0
       0
       0
       0
       0
       0
       0
       0
       0
       0
       0
       0
       0
       0
       0
       0
       0
       0
       0
       0
       0
       0
       0
       0
$ROI:
2
433 561
901 1034
$PRESETS:
None
0
0
$ENER_FIT:
-54.092594 1.465894
$MCA_CAL:
3
-5.409259E+001 1.465894E+000 -4.602540E-005 keV
$SHAPE_CAL:
3
-5.474841E+001 2.638014E-001 -1.572140E-004
