$SPEC_ID:
No sample description was entered.
$SPEC_REM:
DET# 4
DETDESC# RBS-D MCB 129 Input 2
AP# Maestro Version 6.08
$DATE_MEA:
01/01/2008 01:47:17
$MEAS_TIM:
798 1011
$DATA:
0 2047
       0
       0
       0
       0
       0
   13140
    6563
    6833
    6669
    6240
    6270
    6249
    6187
    6254
    6467
    6564
    6634
    6617
    6819
    6857
    7278
    7868
    9423
   12270
   17435
   24803
   32098
   36528
   36451
   31780
   25680
   20175
   15940
   12785
   10600
    9226
    8125
    7603
    7443
    7287
    7470
    7285
    7423
    7313
    7422
    7465
    7580
    7665
    7579
    7601
    7752
    7622
    7670
    7771
    7717
    7918
    7756
    7813
    7748
    7990
    7832
    7964
    7814
    7831
    8009
    7875
    7996
    7944
    7834
    7994
    7900
    7846
    7888
    7916
    7792
    7926
    7689
    7897
    7888
    7905
    7794
    7962
    7697
    7833
    7908
    7683
    7671
    7926
    8034
    7716
    7711
    7764
    7708
    7745
    7751
    7916
    7749
    7739
    7730
    7751
    7647
    7560
    7783
    7620
    7639
    7623
    7618
    7545
    7532
    7626
    7628
    7735
    7662
    7517
    7652
    7597
    7555
    7515
    7415
    7525
    7548
    7534
    7534
    7442
    7431
    7543
    7531
    7511
    7505
    7403
    7498
    7314
    7489
    7611
    7582
    7520
    7696
    7925
    7773
    8106
    8363
    8330
    8381
    8584
    8820
    8943
    9090
    9107
    9042
    9181
    9246
    9297
    9569
    9504
    9513
    9446
    9427
    9291
    9353
    9408
    9192
    9299
    9195
    8945
    8891
    8963
    8846
    8832
    8774
    8797
    8732
    8644
    8566
    8557
    8540
    8457
    8305
    8414
    8167
    8148
    8252
    8131
    8255
    8027
    7906
    8033
    7823
    7930
    7897
    7904
    7795
    7761
    7606
    7514
    7617
    7618
    7691
    7442
    7412
    7318
    7564
    7381
    7331
    7359
    7284
    7060
    7185
    7237
    7259
    7187
    7175
    7155
    7304
    7157
    7046
    7048
    7073
    6972
    7132
    7084
    6941
    6912
    6929
    6789
    7082
    6923
    6768
    6911
    6685
    6943
    6840
    6767
    6747
    6686
    6805
    6818
    6713
    6617
    6670
    6744
    6817
    6703
    6621
    6537
    6611
    6446
    6725
    6631
    6700
    6554
    6514
    6589
    6621
    6664
    6528
    6740
    6604
    6493
    6618
    6598
    6522
    6596
    6358
    6526
    6430
    6464
    6376
    6581
    6359
    6417
    6479
    6542
    6642
    6518
    6572
    6521
    6380
    6431
    6510
    6453
    6492
    6511
    6458
    6444
    6467
    6292
    6342
    6340
    6463
    6380
    6406
    6400
    6384
    6573
    6469
    6614
    6374
    6382
    6422
    6370
    6470
    6506
    6525
    6410
    6524
    6428
    6523
    6513
    6498
    6680
    6588
    6470
    6425
    6494
    6466
    6631
    6432
    6445
    6648
    6556
    6430
    6605
    6606
    6589
    6685
    6583
    6595
    6434
    6461
    6358
    6345
    6464
    6462
    6324
    6402
    6254
    6125
    6164
    6018
    5998
    5869
    5739
    5769
    5661
    5592
    5451
    5282
    5090
    5138
    4994
    4948
    4908
    4657
    4571
    4462
    4392
    4229
    3967
    4137
    3878
    3717
    3721
    3429
    3478
    3275
    3110
    3074
    3053
    2833
    2884
    2719
    2591
    2586
    2474
    2335
    2309
    2249
    2146
    2106
    2032
    2091
    1963
    1808
    1766
    1758
    1703
    1652
    1587
    1620
    1518
    1537
    1461
    1417
    1358
    1372
    1277
    1302
    1325
    1244
    1239
    1241
    1156
    1123
    1118
    1058
    1080
    1120
    1085
    1051
     992
    1082
    1056
     949
     948
     994
     993
     942
     924
     935
     977
     905
     929
     900
     944
     932
     897
     913
     894
     890
     919
     889
     887
     911
     922
     908
     912
     924
     936
     906
     987
    1049
    1022
    1053
    1114
    1187
    1219
    1246
    1297
    1517
    1549
    1730
    1876
    2023
    2214
    2416
    2766
    3109
    3470
    3863
    4157
    4629
    5024
    5785
    6314
    7132
    7638
    8497
    9338
   10161
   11110
   12058
   13289
   14442
   15737
   17144
   18194
   19323
   21105
   22460
   23694
   25343
   26648
   28379
   29460
   30946
   32473
   33350
   34966
   35985
   37240
   38431
   39057
   39926
   40323
   40807
   40839
   41437
   41521
   41256
   40871
   40227
   39966
   39044
   37958
   36643
   35864
   34909
   33341
   31892
   30635
   29306
   28273
   26659
   25152
   23453
   21892
   20377
   19205
   17884
   16571
   15157
   14163
   13064
   11633
   10789
    9892
    8821
    7993
    7317
    6393
    5876
    5283
    4733
    4283
    3784
    3287
    3017
    2618
    2184
    1993
    1806
    1537
    1402
    1258
    1130
     976
     876
     709
     710
     595
     540
     486
     455
     426
     415
     348
     386
     337
     281
     310
     294
     304
     266
     254
     264
     276
     266
     259
     235
     228
     209
     208
     223
     241
     215
     249
     243
     246
     224
     198
     254
     223
     226
     253
     242
     238
     221
     215
     220
     210
     229
     210
     218
     224
     237
     213
     211
     203
     207
     221
     192
     208
     215
     189
     217
     213
     210
     225
     208
     223
     211
     201
     189
     215
     199
     189
     185
     200
     190
     207
     210
     206
     183
     178
     185
     196
     202
     187
     192
     187
     201
     179
     186
     196
     198
     194
     174
     195
     189
     180
     193
     195
     168
     180
     187
     172
     178
     186
     177
     182
     175
     142
     162
     179
     177
     167
     206
     180
     164
     160
     153
     163
     166
     154
     157
     157
     158
     195
     155
     166
     156
     151
     148
     160
     155
     148
     148
     171
     141
     167
     154
     163
     166
     145
     144
     164
     161
     155
     164
     163
     157
     157
     166
     161
     137
     160
     154
     157
     156
     146
     152
     172
     161
     169
     138
     152
     157
     141
     149
     166
     159
     131
     133
     167
     163
     167
     133
     153
     140
     134
     159
     152
     143
     159
     146
     143
     149
     132
     140
     134
     139
     144
     134
     149
     150
     141
     147
     134
     137
     147
     123
     139
     150
     126
     137
     116
     136
     138
     120
     133
      99
     128
     124
     125
     137
     139
     130
     117
     127
     105
     114
     114
     112
     122
     113
     114
     127
     118
     108
      98
     121
      98
     120
     135
     130
     100
     116
     108
     110
     101
     117
     101
      98
     121
     100
     126
     116
     111
     113
      87
     107
     102
     115
     114
      96
     106
     109
     113
      98
      87
      96
     103
     105
      94
     104
     112
      99
     109
     105
      94
      97
      98
      87
     104
     117
      99
      91
      88
      81
     113
      86
      87
     102
      86
      88
      98
      90
      92
      88
      91
      99
      89
      82
      75
      82
      99
      89
      75
      90
      96
      69
      73
      76
      92
      82
      91
      89
      90
      73
      67
      68
      82
      77
      64
      61
      65
      79
      81
      83
      71
      69
      68
      58
      54
      64
      75
      72
      69
      71
      72
      76
      64
      78
      67
      71
      62
      53
      56
      55
      62
      73
      66
      57
      57
      74
      62
      56
      61
      74
      43
      42
      66
      55
      61
      74
      63
      61
      73
      76
      59
      62
      54
      52
      58
      42
      54
      74
      64
      59
      52
      65
      57
      79
      53
      52
      83
      66
      63
      72
      64
      69
      61
      57
      80
      57
      56
      63
      53
      68
      49
      61
      65
      64
      76
      79
      62
      74
      64
      49
      73
      62
      68
      78
      80
      80
      74
      69
      75
      71
      73
      75
      67
      87
      76
      84
      75
      72
      83
      74
      78
      68
      77
      80
      84
      81
      75
      75
      66
      88
      74
      84
      92
      88
      80
      85
      81
      82
      94
      84
      91
      79
     106
      98
      67
      92
      83
      74
      58
      79
      89
      81
      69
      81
      80
      76
      61
      67
      67
      60
      65
      69
      60
      57
      61
      58
      44
      58
      43
      52
      47
      56
      55
      38
      39
      45
      36
      40
      42
      37
      40
      36
      38
      21
      48
      31
      32
      32
      29
      31
      39
      25
      40
      31
      25
      22
      26
      36
      15
      26
      27
      21
      23
      23
      26
      16
      20
      16
      24
      26
      16
      24
      18
      31
      28
      23
      20
      23
      31
      32
      37
      30
      20
      29
      24
      31
      21
      16
      19
      25
      24
      20
      25
      18
      24
      25
      22
      21
      27
      22
      18
      23
      25
      21
      22
      19
      23
      21
      25
      20
      17
       9
      15
      14
      13
      18
      18
      14
      16
      14
       4
      13
      15
       9
      14
       7
       9
      12
       8
      13
       9
       5
      11
       7
       5
       5
      10
       8
       8
       6
       8
       7
       4
       6
       7
       8
       7
       4
       5
       6
       9
      10
       3
       2
       7
       3
       5
       3
       6
       6
       3
       8
       9
       6
       4
       6
       8
       7
       3
       6
      12
       2
       5
      11
       3
       3
       5
       4
       4
       5
       3
       1
       5
       3
       2
       6
       6
       4
       7
       2
       6
       3
       8
       2
       6
       4
       7
       6
       5
       4
       5
       7
       6
       0
       6
       8
       6
       1
       4
       6
       1
       5
       6
       5
       4
       2
       5
       1
       6
       5
       3
       2
       3
       1
       7
       2
       4
       3
       5
       5
       3
       3
       9
       7
       6
       6
       4
       4
       8
       3
       4
       3
       5
       2
       3
       5
       5
       2
       4
       5
       1
       4
       4
       1
       2
       6
       2
       6
       2
       4
       6
       3
       5
       4
       3
       6
       2
       1
       3
       6
       6
       6
       9
       6
       8
       5
       5
       3
       3
       3
       3
       6
       3
       6
       2
       2
       2
       1
       7
       5
       3
       6
       7
       7
       2
       6
       6
       8
       5
       2
       6
       2
       8
       3
       5
       6
       5
       5
       4
       8
       4
       6
       4
       3
       5
       6
       4
       1
       2
       3
       4
       6
       2
       3
       5
       4
       5
       7
       5
       3
       3
       6
       5
       6
       1
       3
       4
       5
       2
       1
       3
       4
       0
       2
       4
       2
       4
       7
       2
       1
       0
       4
       3
       2
       1
       5
       6
       1
       4
       3
       2
       0
       1
       1
       2
       0
       3
       1
       1
       1
       1
       4
       0
       2
       1
       3
       1
       5
       2
       3
       0
       3
       3
       2
       1
       5
       3
       0
       4
       1
       1
       2
       2
       4
       2
       2
       1
       2
       2
       2
       1
       2
       5
       2
       4
       0
       1
       3
       2
       2
       2
       3
       3
       2
       5
       3
       4
       1
       0
       1
       1
       2
       1
       2
       1
       1
       3
       1
       0
       2
       4
       1
       2
       1
       4
       3
       2
       1
       2
       1
       3
       3
       3
       2
       7
       1
       5
       0
       1
       3
       2
       2
       2
       2
       2
       0
       2
       1
       2
       2
       1
       1
       2
       6
       2
       3
       1
       1
       2
       1
       1
       0
       1
       4
       2
       2
       0
       0
       5
       1
       4
       1
       0
       0
       2
       4
       2
       3
       3
       5
       3
       0
       1
       3
       1
       1
       0
       1
       0
       1
       0
       2
       1
       0
       3
       0
       1
       0
       4
       2
       1
       2
       0
       3
       4
       2
       2
       3
       1
       2
       3
       1
       2
       4
       5
       4
       2
       1
       1
       2
       4
       5
       2
       1
       4
       2
       2
       3
       1
       2
       1
       1
       0
       2
       4
       6
       2
       3
       1
       2
       1
       2
       2
       4
       3
       2
       3
       2
       1
       2
       3
       2
       2
       3
       5
       2
       0
       2
       1
       1
       2
       3
       0
       5
       3
       4
       4
       3
       2
       4
       1
       0
       3
       4
       2
       7
       2
       1
       1
       3
       3
       2
       1
       1
       3
       2
       1
       2
       2
       2
       1
       2
       0
       2
       1
       3
       2
       1
       3
       2
       0
       1
       1
       2
       3
       1
       1
       2
       2
       0
       0
       3
       5
       4
       0
       7
       6
       1
       5
       1
       1
       3
       1
       2
       4
       8
       1
       2
       2
       2
       4
       0
       1
       3
       1
       3
       4
       1
       2
       2
       1
       3
       2
       2
       5
       1
       6
       3
       0
       0
       3
       4
       4
       0
       4
       2
       1
       2
       1
       2
       2
       1
       0
       2
       2
       1
       0
       0
       2
       3
       1
       0
       3
       0
       1
       2
       0
       1
       1
       1
       1
       2
       2
       1
       2
       1
       3
       0
       2
       3
       1
       0
       1
       1
       0
       0
       2
       0
       1
       2
       2
       2
       0
       2
       0
       1
       1
       2
       0
       1
       0
       0
       0
       1
       0
       2
       1
       0
       2
       1
       0
       2
       2
       1
       2
       0
       1
       0
       0
       1
       1
       1
       1
       0
       2
       1
       0
       1
       0
       1
       1
       3
       0
       2
       1
       1
       1
       0
       3
       1
       0
       0
       0
       0
       1
       0
       0
       1
       0
       0
       2
       3
       2
       0
       0
       1
       1
       0
       0
       2
       0
       1
       1
       1
       0
       1
       0
       1
       2
       0
       0
       0
       0
       1
       1
       1
       2
       1
       0
       0
       0
       0
       1
       1
       1
       0
       0
       0
       1
       0
       0
       1
       1
       3
       1
       2
       0
       0
       0
       0
       1
       0
       1
       0
       1
       0
       2
       0
       0
       0
       2
       1
       0
       0
       0
       0
       0
       1
       0
       0
       1
       0
       0
       2
       2
       1
       0
       0
       0
       1
       2
       2
       2
       1
       1
       0
       0
       3
       1
       1
       1
       1
       1
       1
       2
       1
       0
       0
       4
       2
       3
       0
       4
       1
       1
       1
       2
       1
       2
       1
       1
       0
       3
       3
       3
       2
       0
       4
       2
       2
       2
       4
       6
       4
       2
       4
       1
       0
       2
       2
       0
       2
       1
       6
       2
       1
       2
       2
       0
       1
       1
       0
       0
       1
       4
       5
       2
       3
       2
       3
       0
       4
       1
       1
       2
       1
       0
       1
       1
       1
       4
       0
       2
       0
       0
       2
       5
       2
       2
       1
       1
       2
       1
       0
       0
       1
       0
       0
       1
       1
       2
       1
       0
       2
       0
       0
       1
       2
       0
       0
       1
       0
       1
       2
       0
       1
       0
       0
       0
       0
       2
       1
       0
       1
       1
       0
       1
       0
       0
       3
       0
       0
       1
       1
       0
       1
       0
       0
       0
       0
       0
       0
       2
       0
       0
       0
       0
       0
       0
       0
       1
       1
       0
       0
       0
       0
       0
       0
       0
       0
       0
       0
       0
       0
       0
       0
       0
       0
       1
       0
       0
       0
       0
       1
       0
       0
       0
       0
       1
       0
       0
       1
       0
       0
       0
       0
       0
       0
       0
       0
       0
       0
       0
       0
       0
       0
       0
       0
       0
       0
       0
       0
       0
       0
       0
       0
       0
       0
       0
       0
       0
       0
       0
       0
       0
       0
       0
       0
       0
$ROI:
2
433 561
901 1034
$PRESETS:
None
0
0
$ENER_FIT:
-54.092594 1.465894
$MCA_CAL:
3
-5.409259E+001 1.465894E+000 -4.602540E-005 keV
$SHAPE_CAL:
3
-5.474841E+001 2.638014E-001 -1.572140E-004
