$SPEC_ID:
No sample description was entered.
$SPEC_REM:
DET# 4
DETDESC# RBS-D MCB 129 Input 2
AP# Maestro Version 6.08
$DATE_MEA:
01/01/2008 01:55:38
$MEAS_TIM:
54 56
$DATA:
0 2047
       0
       0
       0
       0
       0
     130
      59
      57
      43
      57
      49
      46
      66
      66
      68
      69
      64
      58
      50
      64
      70
      87
     120
     162
     250
     324
     433
     435
     389
     333
     216
     191
     145
     117
     112
      74
      77
      76
      64
      80
      78
      85
      67
      65
      78
      64
      88
      85
      80
      88
      98
     105
      87
     108
      89
      99
     120
      98
     116
     109
     115
     108
     125
     123
     122
     100
      98
     115
     113
     113
     130
     112
     132
     117
     110
     123
     118
     104
     129
     125
     115
     124
     131
     122
     107
     122
     104
     118
     129
     118
     115
     124
     103
     133
     126
     132
     128
     114
     138
     127
     117
     128
     122
     114
     107
     113
     112
     114
     108
     122
     118
     113
      94
     137
     101
     106
     113
     123
     111
     111
     102
     110
     103
     104
     109
     113
     115
     107
     100
     100
     108
     100
      97
      83
      84
     103
      93
     108
     103
     101
     104
     103
     114
     132
     118
     112
     112
     129
     104
     138
     125
     126
     106
     122
     111
     127
     117
     101
     136
      86
     122
     100
     103
      99
     114
     119
     101
      89
     114
      98
      83
      97
     103
      95
     108
      94
      90
      92
      83
      91
      93
      82
     105
      95
     106
      99
      95
      83
      98
      91
      88
      87
     105
      66
     111
      80
      80
      86
      84
      87
      72
      85
      93
      89
      73
      73
      86
      81
      68
      79
      67
      73
      78
      80
      87
      66
      70
      89
      73
      72
      68
      93
      65
      80
      91
      75
      68
      73
      62
      64
      70
      61
      72
      85
      71
      57
      61
      73
      67
      80
      69
      67
      72
      62
      70
      63
      62
      73
      51
      61
      82
      82
      67
      63
      54
      68
      64
      53
      62
      66
      66
      56
      51
      84
      50
      55
      71
      49
      57
      50
      73
      60
      64
      58
      71
      68
      58
      61
      61
      67
      46
      62
      57
      48
      48
      56
      67
      50
      63
      46
      68
      64
      40
      51
      50
      50
      57
      55
      73
      74
      60
      62
      64
      58
      55
      58
      55
      60
      60
      50
      74
      63
      59
      60
      65
      54
      55
      61
      57
      52
      71
      71
      78
      60
      46
      67
      58
      70
      50
      63
      61
      57
      67
      65
      49
      54
      57
      43
      64
      58
      53
      49
      59
      50
      44
      48
      50
      39
      38
      37
      39
      47
      35
      37
      34
      33
      38
      33
      25
      29
      30
      30
      30
      30
      38
      30
      29
      20
      17
      25
      23
      19
      12
      19
      24
      19
      24
      14
      13
      13
      19
      13
      16
      16
      15
       6
      16
       7
      16
      16
      14
      15
      11
      11
      15
       8
      13
      13
       7
       8
       9
      13
      10
       8
       8
       5
      10
       5
      17
       8
       9
       8
      11
       7
       7
       6
      11
       8
       9
       6
       8
      13
      10
       8
       7
      12
       7
       9
       5
      11
       6
       7
       7
      11
      17
      12
      14
       9
      11
      17
       9
      12
      12
      10
      12
      19
      24
      12
      16
      19
      17
      25
      20
      25
      33
      32
      34
      46
      36
      39
      54
      54
      67
      71
      65
      79
      79
      86
      92
     114
      97
     118
     152
     140
     168
     191
     176
     198
     190
     224
     203
     228
     239
     264
     264
     263
     276
     285
     320
     318
     334
     301
     339
     335
     351
     337
     336
     314
     351
     334
     296
     286
     267
     307
     264
     267
     250
     205
     239
     223
     197
     171
     152
     175
     158
     134
     112
     129
     105
      95
      88
      69
      76
      56
      74
      54
      51
      37
      37
      38
      28
      24
      21
      19
      17
      15
      16
       7
       6
      13
       5
       5
       5
       9
       2
       4
       6
       3
       5
       5
       4
       1
       2
       3
       8
       3
       4
       4
       2
       1
       0
       2
       2
       3
       0
       2
       2
       2
       1
       2
       3
       4
       1
       2
       0
       2
       1
       2
       0
       2
       1
       2
       4
       3
       1
       3
       1
       2
       0
       5
       3
       3
       1
       3
       0
       1
       2
       2
       1
       1
       1
       4
       1
       3
       2
       3
       2
       0
       2
       4
       1
       1
       4
       1
       2
       3
       1
       1
       0
       0
       2
       1
       4
       1
       6
       0
       4
       1
       1
       4
       4
       4
       2
       4
       0
       6
       5
       6
       1
       3
       0
       0
       2
       1
       1
       2
       1
       2
       2
       0
       0
       3
       0
       6
       5
       4
       7
       1
       2
       2
       1
       2
       2
       3
       1
       4
       1
       1
       2
       3
       0
       2
       1
       1
       4
       3
       3
       1
       3
       4
       2
       1
       1
       3
       4
       1
       2
       1
       2
       2
       3
       3
       0
       0
       1
       3
       2
       3
       2
       1
       0
       2
       3
       3
       1
       1
       1
       3
       1
       3
       2
       2
       2
       1
       0
       3
       4
       1
       0
       0
       1
       2
       2
       0
       1
       3
       2
       1
       1
       4
       0
       3
       3
       2
       0
       0
       1
       1
       4
       0
       1
       2
       3
       1
       0
       1
       0
       3
       0
       2
       2
       1
       1
       3
       2
       1
       1
       0
       1
       0
       0
       1
       2
       0
       2
       1
       1
       1
       1
       2
       1
       1
       0
       3
       0
       3
       2
       4
       2
       2
       0
       2
       1
       0
       1
       2
       3
       0
       1
       2
       0
       2
       0
       1
       1
       0
       1
       2
       1
       1
       3
       1
       0
       0
       1
       3
       0
       2
       0
       2
       0
       1
       2
       1
       0
       3
       1
       1
       0
       0
       2
       2
       0
       2
       0
       0
       0
       1
       0
       1
       2
       1
       1
       2
       3
       3
       3
       1
       0
       1
       2
       0
       0
       1
       1
       0
       0
       0
       2
       1
       1
       1
       2
       2
       0
       0
       1
       0
       2
       1
       1
       0
       1
       3
       2
       0
       2
       1
       1
       1
       0
       3
       2
       1
       1
       1
       1
       1
       0
       0
       0
       0
       1
       2
       0
       0
       1
       1
       0
       1
       1
       1
       1
       4
       0
       0
       1
       1
       1
       0
       0
       0
       0
       1
       2
       0
       0
       1
       0
       1
       0
       3
       0
       0
       1
       0
       1
       1
       0
       0
       0
       1
       1
       1
       1
       1
       1
       0
       2
       0
       0
       3
       0
       0
       0
       2
       0
       0
       0
       0
       0
       1
       1
       0
       1
       1
       2
       2
       1
       0
       0
       2
       1
       1
       0
       1
       2
       1
       2
       0
       0
       0
       3
       0
       0
       1
       1
       0
       0
       1
       2
       0
       0
       0
       0
       0
       1
       1
       0
       0
       1
       1
       0
       1
       1
       0
       0
       1
       1
       0
       1
       2
       1
       0
       0
       0
       0
       1
       1
       0
       2
       0
       0
       1
       0
       1
       0
       0
       1
       0
       1
       0
       0
       0
       1
       1
       1
       0
       0
       1
       0
       0
       1
       0
       1
       0
       0
       3
       0
       1
       0
       1
       0
       0
       2
       1
       3
       4
       3
       0
       3
       1
       0
       2
       0
       3
       2
       2
       2
       1
       0
       1
       2
       1
       1
       0
       2
       0
       1
       1
       4
       1
       2
       3
       0
       2
       1
       3
       2
       2
       0
       1
       2
       0
       0
       3
       1
       5
       1
       3
       2
       0
       2
       3
       1
       2
       1
       2
       0
       1
       0
       0
       1
       0
       1
       1
       0
       1
       1
       0
       2
       0
       1
       0
       2
       3
       0
       0
       0
       0
       0
       0
       1
       1
       0
       0
       1
       0
       0
       0
       0
       3
       0
       0
       1
       0
       1
       0
       0
       0
       0
       0
       0
       0
       0
       0
       1
       0
       0
       0
       0
       0
       0
       0
       0
       0
       0
       0
       0
       0
       0
       1
       0
       1
       1
       0
       0
       0
       1
       0
       2
       0
       0
       0
       0
       1
       0
       0
       1
       1
       0
       0
       1
       0
       0
       0
       0
       0
       1
       0
       0
       0
       0
       0
       1
       1
       0
       0
       0
       0
       0
       1
       0
       0
       0
       0
       0
       1
       0
       0
       0
       0
       1
       0
       0
       0
       0
       0
       0
       1
       0
       0
       0
       0
       1
       0
       0
       0
       0
       0
       0
       0
       0
       1
       0
       0
       0
       0
       0
       0
       0
       0
       1
       1
       0
       0
       0
       0
       0
       0
       1
       0
       1
       0
       1
       0
       0
       0
       1
       1
       0
       0
       0
       0
       0
       0
       0
       0
       0
       0
       0
       0
       1
       0
       0
       0
       2
       1
       1
       0
       0
       1
       0
       0
       0
       0
       0
       1
       1
       0
       0
       1
       1
       0
       0
       0
       1
       0
       0
       0
       0
       0
       0
       0
       0
       0
       0
       1
       0
       2
       0
       0
       0
       1
       0
       0
       0
       1
       0
       0
       0
       0
       0
       0
       0
       0
       1
       0
       0
       1
       0
       0
       0
       0
       0
       0
       0
       0
       1
       0
       0
       0
       0
       0
       0
       0
       1
       0
       0
       0
       0
       1
       1
       1
       0
       0
       0
       0
       0
       0
       0
       0
       1
       0
       0
       0
       0
       1
       0
       0
       0
       0
       1
       1
       1
       0
       0
       0
       0
       0
       0
       0
       1
       0
       0
       0
       0
       0
       0
       0
       0
       0
       0
       1
       0
       0
       0
       0
       1
       1
       0
       0
       0
       1
       0
       0
       0
       0
       0
       0
       0
       0
       0
       0
       0
       0
       0
       0
       0
       0
       1
       1
       0
       0
       0
       0
       0
       0
       0
       0
       0
       0
       0
       0
       0
       0
       0
       0
       0
       0
       1
       0
       0
       0
       0
       0
       0
       0
       0
       0
       0
       0
       0
       0
       0
       0
       0
       0
       0
       0
       0
       0
       0
       0
       0
       0
       0
       0
       0
       0
       0
       1
       1
       0
       0
       0
       0
       0
       0
       0
       0
       1
       0
       0
       0
       0
       0
       0
       0
       0
       0
       0
       0
       0
       0
       0
       0
       1
       0
       0
       0
       0
       0
       0
       0
       0
       0
       0
       0
       0
       0
       0
       0
       0
       0
       0
       0
       0
       0
       0
       0
       0
       1
       0
       2
       0
       0
       0
       0
       0
       0
       0
       0
       0
       0
       0
       0
       0
       1
       1
       0
       0
       0
       0
       0
       0
       0
       0
       0
       0
       0
       0
       0
       1
       2
       0
       0
       0
       0
       0
       0
       0
       0
       0
       0
       0
       0
       1
       0
       0
       1
       0
       0
       0
       0
       0
       0
       0
       0
       0
       0
       1
       0
       0
       0
       0
       0
       0
       1
       0
       0
       0
       0
       0
       0
       0
       0
       0
       0
       0
       0
       0
       1
       0
       0
       0
       0
       0
       0
       0
       0
       0
       0
       0
       0
       0
       0
       0
       0
       1
       0
       1
       0
       0
       0
       0
       0
       0
       0
       0
       0
       0
       0
       0
       0
       0
       0
       0
       0
       0
       0
       0
       1
       0
       0
       0
       0
       0
       0
       0
       0
       0
       0
       0
       0
       0
       0
       0
       0
       0
       0
       0
       0
       0
       0
       0
       0
       0
       0
       0
       0
       2
       0
       0
       0
       0
       0
       0
       0
       0
       0
       1
       0
       1
       1
       0
       0
       0
       0
       0
       0
       0
       0
       0
       0
       0
       0
       0
       0
       0
       0
       0
       0
       0
       0
       0
       0
       0
       0
       0
       0
       0
       0
       0
       1
       0
       0
       0
       0
       0
       0
       0
       0
       0
       0
       0
       0
       0
       0
       0
       0
       0
       0
       0
       0
       0
       0
       0
       0
       0
       0
       0
       0
       0
       1
       1
       1
       0
       0
       0
       0
       0
       0
       0
       1
       0
       0
       0
       0
       0
       0
       0
       0
       0
       0
       0
       0
       0
       0
       0
       0
       0
       0
       0
       0
       0
       0
       0
       0
       0
       0
       0
       0
       0
       0
       0
       0
       0
       0
       0
       0
       0
       0
       0
       0
       0
       0
       0
       0
       0
       0
       0
       0
       0
       0
       0
       0
       0
       0
       0
       0
       0
       0
       0
       0
       0
       0
       0
       0
       2
       0
       0
       0
       0
       0
       0
       0
       0
       0
       0
       0
       0
       0
       0
       0
       0
       0
       0
       0
       0
       0
       1
       0
       0
       0
       0
       0
       0
       0
       1
       0
       0
       0
       1
       0
       0
       0
       0
       0
       1
       0
       0
       0
       0
       0
       0
       1
       0
       0
       1
       0
       0
       0
       0
       0
       0
       0
       0
       0
       1
       0
       0
       0
       0
       1
       0
       0
       0
       0
       0
       0
       0
       0
       0
       1
       0
       0
       0
       0
       0
       0
       0
       0
       0
       1
       1
       0
       0
       0
       0
       1
       1
       0
       0
       1
       0
       0
       0
       0
       0
       0
       0
       0
       0
       0
       0
       0
       0
       0
       0
       0
       0
       0
       0
       0
       0
       0
       0
       0
       0
       1
       0
       0
       0
       0
       0
       0
       0
       0
       0
       0
       0
       0
       0
       0
       0
       0
       0
       0
       0
       0
       0
       0
       0
       0
       0
       0
       0
       0
       0
       0
       0
       0
       0
       0
       0
       0
       0
       0
       0
       0
       0
       0
       0
       0
       0
       0
       0
       0
       0
       0
       0
       0
       0
       0
       0
       0
       0
       0
       0
       0
       0
       0
       0
       0
       0
       0
       0
       0
       0
       0
       1
       0
       0
       0
       0
       0
       0
       0
       0
       0
       0
       0
       0
       0
       0
       0
       0
       0
       0
       0
       0
       0
       0
       0
       0
       0
       0
       0
       0
       0
       0
       0
       0
       0
       0
       0
       0
       0
       0
       0
       0
       0
       0
       0
       0
       0
       0
$ROI:
1
433 561
$PRESETS:
None
0
0
$ENER_FIT:
-54.092594 1.465894
$MCA_CAL:
3
-5.409259E+001 1.465894E+000 -4.602540E-005 keV
$SHAPE_CAL:
3
-5.474841E+001 2.638014E-001 -1.572140E-004
