$SPEC_ID:
No sample description was entered.
$SPEC_REM:
DET# 4
DETDESC# RBS-D MCB 129 Input 2
AP# Maestro Version 6.08
$DATE_MEA:
01/01/2008 01:57:55
$MEAS_TIM:
202 209
$DATA:
0 2047
       0
       0
       0
       0
       0
     455
     212
     222
     206
     211
     213
     180
     235
     197
     222
     238
     213
     216
     199
     230
     263
     334
     417
     633
     971
    1367
    1588
    1612
    1466
    1195
     858
     707
     488
     426
     377
     284
     271
     280
     262
     292
     274
     293
     264
     268
     278
     284
     311
     317
     328
     339
     364
     369
     358
     391
     367
     392
     410
     399
     419
     424
     402
     413
     452
     436
     443
     424
     399
     426
     447
     426
     431
     455
     471
     449
     434
     450
     462
     428
     450
     432
     438
     422
     470
     438
     458
     436
     450
     447
     427
     460
     469
     446
     388
     475
     438
     440
     458
     431
     453
     462
     448
     446
     435
     443
     487
     434
     442
     455
     434
     456
     436
     419
     402
     442
     403
     393
     424
     409
     423
     416
     382
     415
     391
     404
     383
     393
     396
     416
     402
     362
     401
     382
     355
     356
     368
     378
     351
     373
     408
     389
     389
     414
     443
     427
     450
     443
     468
     433
     449
     476
     422
     428
     406
     441
     430
     414
     448
     409
     446
     398
     435
     405
     366
     376
     378
     368
     374
     378
     397
     355
     347
     358
     374
     335
     372
     355
     354
     355
     324
     349
     346
     346
     348
     356
     379
     319
     356
     360
     359
     339
     339
     356
     344
     315
     357
     312
     317
     346
     302
     327
     297
     314
     287
     331
     319
     320
     298
     318
     265
     298
     274
     281
     278
     295
     286
     271
     263
     311
     274
     257
     252
     284
     252
     296
     285
     281
     258
     282
     250
     257
     281
     266
     289
     265
     237
     235
     237
     288
     240
     262
     247
     250
     272
     228
     247
     251
     236
     241
     221
     220
     255
     260
     251
     244
     236
     241
     241
     248
     237
     227
     237
     212
     224
     252
     240
     202
     232
     205
     211
     224
     247
     210
     203
     216
     220
     233
     225
     212
     246
     221
     222
     249
     206
     213
     217
     216
     233
     216
     242
     241
     239
     217
     195
     228
     222
     214
     245
     211
     237
     236
     238
     217
     245
     220
     220
     221
     236
     222
     223
     204
     229
     223
     236
     240
     245
     240
     218
     215
     203
     214
     251
     247
     239
     237
     209
     234
     235
     258
     207
     220
     218
     225
     220
     196
     185
     193
     220
     182
     195
     207
     185
     177
     187
     188
     175
     161
     166
     162
     165
     175
     150
     153
     146
     139
     132
     147
     138
     118
     104
     107
     109
     107
     107
     104
     118
      95
      96
      86
      88
      86
      79
      87
      77
      69
      83
      72
      85
      54
      63
      56
      65
      54
      59
      64
      52
      40
      54
      51
      57
      51
      44
      51
      42
      50
      57
      41
      46
      46
      37
      49
      25
      38
      44
      40
      36
      28
      27
      30
      53
      31
      27
      35
      46
      28
      36
      26
      35
      30
      33
      32
      33
      35
      35
      30
      34
      29
      38
      32
      35
      43
      30
      27
      32
      40
      42
      33
      52
      42
      47
      45
      36
      49
      41
      43
      41
      55
      65
      58
      66
      78
      63
      83
      89
      88
     113
     112
     125
     127
     150
     147
     188
     202
     211
     232
     242
     276
     287
     331
     345
     396
     413
     462
     547
     566
     585
     667
     652
     724
     762
     809
     762
     869
     930
    1017
     989
    1082
    1041
    1092
    1165
    1166
    1173
    1163
    1228
    1271
    1220
    1242
    1211
    1217
    1247
    1192
    1155
    1102
    1053
    1088
     978
     957
     914
     828
     828
     789
     746
     664
     588
     592
     559
     525
     428
     458
     412
     339
     306
     287
     275
     248
     218
     194
     204
     163
     130
     128
      91
      84
     100
      56
      68
      52
      51
      33
      37
      50
      31
      21
      19
      20
      14
      17
      13
      17
      11
      13
      11
      12
      10
      13
      14
       7
      13
      12
      13
       4
       9
       7
       7
       9
       6
      11
       6
       6
       5
       5
       8
      14
       5
       6
       4
       9
       7
       8
       6
       7
       6
       6
       9
       5
       7
      10
       5
       9
       3
      12
       8
       9
       6
       5
       5
       4
       4
       5
       6
       5
       5
       7
      11
      12
       8
       8
       8
       8
       8
       8
       7
       9
       8
       6
       6
      14
       9
       9
       1
       6
       6
       6
      10
       6
      10
       5
       6
       1
       5
      10
      11
      12
       7
       8
       3
      10
       7
      10
       6
       7
       4
       3
      10
       5
       2
       8
       5
       5
       6
       5
       1
      11
       2
      12
       5
      11
      10
       3
       7
       8
       4
       7
       8
      10
       7
      14
       2
       6
       4
       8
       3
       6
       6
       5
       6
       8
      10
       6
       7
      10
       8
       3
       4
       7
       7
       8
       3
       9
       4
       4
       5
       9
       4
       8
       7
       8
       5
      11
       7
       1
       6
       3
       7
       7
       7
       7
       4
       5
       6
       9
       5
       5
       5
       6
       2
       9
       8
       6
       3
       4
       6
       3
       4
       7
       5
       6
       3
       3
       7
       9
       5
       7
       6
       6
       3
       1
       9
       7
       6
       5
       3
       6
       6
       1
       3
       2
       4
       6
       4
       3
       9
       6
       4
       3
       7
       6
       4
       4
       3
       4
       3
       4
       6
       4
       2
       2
       5
       3
       9
       8
       3
       5
       4
       4
       3
       6
       5
      16
       7
       4
       2
       3
       6
       2
       5
       4
       7
       5
       4
       5
       0
       7
       4
       3
       5
       4
       2
       3
       2
       2
       7
       2
       3
       1
       5
       8
       2
       5
       6
       5
       0
       6
       5
       8
       3
       7
       6
       6
       5
       3
       6
       4
       3
       6
       1
       2
       6
       2
       8
       4
       7
       9
       3
       5
       8
       3
       5
       6
       5
       4
       2
       4
       4
       3
       2
       2
       4
       2
       5
       2
       3
       3
       6
       7
       1
       2
       3
       1
       8
       2
       2
       1
       6
       8
       5
       1
       8
       3
       5
       1
       2
       6
       6
       6
       5
       5
       2
       4
       2
       0
       0
       2
       2
       2
       3
       2
       3
       2
       0
       4
       5
       3
       4
       8
       1
       1
       2
       3
       2
       2
       2
       0
       4
       3
       7
       2
       3
       3
       0
       4
       2
       6
       0
       2
       4
       2
       3
       4
       3
       1
       3
       1
       3
       4
       6
       4
       2
       6
       4
       2
       1
       5
       1
       3
       2
       9
       2
       2
       1
       0
       2
       3
       4
       0
       3
       2
       4
       4
       2
       1
       1
       2
       2
       3
       1
       3
       3
       1
       2
       2
       0
       0
       6
       3
       2
       3
       2
       2
       0
       2
       2
       2
       0
       0
       4
       0
       2
       2
       2
       2
       3
       1
       1
       1
       2
       0
       2
       2
       2
       0
       2
       4
       1
       5
       0
       0
       0
       2
       4
       1
       2
       2
       3
       5
       3
       2
       1
       1
       3
       0
       4
       1
       2
       4
       5
       3
       4
       2
       0
       3
       2
       4
       2
       2
       4
       2
       2
       4
       1
       4
       3
       3
       1
       1
       4
       2
       5
       7
       8
       0
      10
       3
       6
       8
       3
       5
       7
       4
       5
       3
       9
       4
       6
       6
       7
       5
       6
       1
       5
       6
       6
       4
       4
       8
       9
       5
       4
       8
       7
       6
       4
       8
       6
       2
       3
       6
      10
       6
       5
       6
       6
       6
       3
       6
       6
       5
       5
       4
       5
       2
       1
       2
       1
       3
       4
       3
       8
       4
       1
       3
       5
       3
       3
       0
       5
       4
       1
       0
       4
       0
       0
       0
       2
       3
       1
       2
       1
       2
       1
       0
       3
       7
       1
       1
       2
       1
       2
       1
       1
       1
       1
       0
       1
       1
       2
       0
       1
       1
       0
       0
       0
       2
       1
       0
       1
       1
       1
       0
       1
       1
       1
       1
       1
       3
       5
       0
       0
       0
       1
       1
       2
       0
       0
       2
       0
       1
       1
       0
       2
       1
       1
       0
       1
       0
       1
       0
       1
       2
       1
       0
       1
       0
       1
       1
       2
       1
       1
       1
       0
       0
       0
       1
       2
       0
       0
       1
       0
       2
       1
       0
       1
       0
       2
       2
       0
       1
       0
       1
       0
       1
       1
       2
       0
       1
       1
       1
       0
       1
       0
       0
       0
       0
       1
       1
       2
       0
       0
       0
       1
       1
       1
       0
       1
       1
       2
       2
       1
       1
       0
       1
       2
       1
       2
       1
       1
       0
       0
       0
       1
       1
       0
       0
       0
       1
       2
       2
       1
       2
       1
       1
       1
       0
       1
       1
       1
       0
       2
       2
       3
       0
       1
       1
       2
       1
       2
       2
       0
       1
       3
       0
       0
       1
       1
       2
       0
       1
       4
       1
       0
       0
       1
       3
       0
       2
       0
       1
       0
       2
       2
       2
       0
       0
       0
       1
       0
       0
       3
       1
       0
       1
       0
       2
       0
       1
       1
       0
       2
       0
       1
       3
       0
       1
       1
       1
       1
       0
       1
       0
       1
       0
       1
       0
       0
       1
       1
       2
       1
       0
       0
       1
       0
       2
       1
       2
       0
       1
       0
       0
       2
       3
       0
       0
       2
       0
       1
       0
       0
       2
       0
       0
       1
       0
       1
       1
       1
       0
       0
       0
       0
       1
       1
       0
       2
       0
       0
       0
       1
       0
       0
       1
       0
       0
       0
       2
       0
       0
       1
       0
       2
       1
       0
       0
       1
       1
       0
       4
       2
       0
       1
       0
       0
       0
       1
       0
       1
       0
       0
       0
       0
       0
       1
       2
       0
       0
       0
       0
       0
       0
       0
       0
       0
       1
       0
       0
       0
       0
       0
       0
       0
       1
       2
       0
       0
       0
       2
       0
       2
       0
       0
       0
       1
       0
       0
       0
       0
       0
       0
       0
       0
       0
       1
       0
       0
       0
       0
       0
       1
       0
       0
       0
       0
       1
       3
       0
       0
       0
       0
       1
       0
       0
       0
       2
       1
       0
       1
       0
       0
       0
       0
       1
       0
       1
       1
       0
       0
       0
       0
       2
       0
       0
       0
       0
       0
       0
       0
       1
       1
       1
       0
       0
       1
       0
       0
       0
       0
       0
       2
       1
       1
       1
       0
       0
       1
       1
       2
       0
       0
       0
       1
       0
       0
       0
       1
       0
       0
       1
       0
       1
       1
       1
       1
       1
       1
       1
       0
       2
       0
       1
       0
       0
       0
       0
       0
       2
       3
       0
       0
       2
       1
       0
       1
       0
       0
       0
       0
       0
       0
       1
       1
       0
       1
       1
       1
       0
       0
       1
       0
       0
       1
       0
       1
       1
       0
       0
       1
       0
       0
       0
       2
       0
       0
       0
       0
       0
       0
       0
       0
       0
       0
       1
       1
       0
       2
       1
       0
       0
       0
       0
       0
       1
       0
       0
       0
       0
       0
       0
       1
       0
       0
       1
       0
       2
       0
       1
       2
       0
       1
       0
       0
       0
       0
       0
       0
       0
       0
       1
       1
       0
       0
       1
       0
       0
       2
       1
       0
       0
       0
       0
       0
       0
       0
       1
       0
       0
       0
       0
       0
       0
       1
       1
       0
       1
       0
       0
       0
       0
       0
       0
       0
       0
       1
       2
       0
       0
       0
       0
       0
       0
       1
       0
       0
       1
       0
       1
       1
       0
       0
       0
       0
       0
       0
       0
       0
       0
       0
       0
       0
       1
       0
       0
       0
       0
       0
       0
       1
       0
       0
       0
       0
       0
       0
       0
       0
       0
       1
       0
       1
       0
       0
       0
       0
       0
       0
       0
       0
       0
       0
       0
       0
       0
       1
       0
       1
       0
       1
       0
       1
       0
       1
       1
       0
       0
       0
       1
       1
       1
       1
       0
       0
       0
       0
       0
       0
       0
       1
       1
       0
       0
       0
       0
       0
       0
       0
       1
       0
       0
       1
       1
       0
       0
       0
       0
       1
       0
       0
       0
       0
       0
       0
       0
       0
       0
       0
       0
       0
       0
       0
       0
       0
       0
       0
       0
       0
       0
       0
       0
       1
       0
       0
       0
       0
       0
       1
       0
       0
       0
       0
       0
       0
       0
       0
       0
       0
       0
       0
       0
       0
       0
       0
       3
       1
       0
       1
       1
       0
       0
       0
       0
       0
       0
       0
       0
       0
       0
       0
       0
       0
       0
       0
       1
       0
       1
       1
       1
       1
       1
       0
       1
       0
       2
       2
       0
       0
       1
       0
       0
       0
       0
       0
       2
       0
       0
       0
       0
       0
       1
       1
       0
       0
       1
       0
       2
       0
       1
       0
       1
       1
       1
       0
       2
       0
       0
       1
       0
       1
       0
       0
       0
       0
       0
       0
       1
       1
       1
       2
       2
       0
       0
       1
       0
       0
       0
       2
       0
       2
       1
       1
       0
       0
       0
       1
       2
       0
       0
       1
       0
       0
       0
       2
       0
       1
       0
       0
       1
       1
       0
       0
       0
       0
       0
       0
       1
       0
       0
       0
       0
       0
       0
       1
       1
       1
       0
       0
       0
       0
       2
       0
       1
       2
       0
       0
       0
       0
       0
       0
       0
       0
       0
       1
       0
       0
       0
       0
       0
       0
       0
       0
       0
       0
       0
       0
       1
       0
       0
       0
       0
       0
       0
       0
       1
       0
       0
       0
       0
       0
       0
       0
       0
       0
       0
       0
       0
       0
       0
       0
       0
       0
       0
       0
       0
       0
       0
       0
       0
       0
       0
       0
       0
       0
       0
       0
       1
       0
       0
       0
       0
       0
       0
       0
       0
       0
       0
       0
       0
       0
       0
       0
       0
       0
       0
       0
       0
       0
       0
       0
       0
       0
       0
       0
       0
       0
       0
       0
       0
       0
       0
       0
       0
       0
       0
       0
       0
       0
       0
       0
       0
       0
       0
$ROI:
1
425 561
$PRESETS:
None
0
0
$ENER_FIT:
-54.092594 1.465894
$MCA_CAL:
3
-5.409259E+001 1.465894E+000 -4.602540E-005 keV
$SHAPE_CAL:
3
-5.474841E+001 2.638014E-001 -1.572140E-004
