$SPEC_ID:
No sample description was entered.
$SPEC_REM:
DET# 4
DETDESC# RBS-D MCB 129 Input 2
AP# Maestro Version 6.08
$DATE_MEA:
01/01/2008 02:00:02
$MEAS_TIM:
337 347
$DATA:
0 2047
       0
       0
       0
       0
       0
     801
     378
     353
     348
     360
     350
     299
     384
     348
     344
     390
     360
     376
     373
     381
     435
     559
     686
    1094
    1578
    2245
    2672
    2654
    2413
    1973
    1437
    1125
     826
     700
     649
     505
     458
     460
     432
     500
     463
     483
     448
     444
     487
     469
     516
     525
     547
     548
     582
     597
     616
     632
     615
     665
     657
     679
     655
     668
     676
     662
     738
     724
     759
     713
     731
     743
     739
     728
     714
     745
     766
     728
     728
     743
     746
     727
     777
     720
     721
     717
     749
     721
     787
     753
     727
     737
     748
     755
     782
     746
     674
     781
     735
     738
     756
     726
     752
     729
     746
     740
     742
     746
     766
     685
     745
     745
     714
     736
     714
     687
     659
     750
     660
     653
     686
     667
     701
     687
     642
     691
     633
     650
     655
     669
     652
     673
     639
     614
     638
     616
     638
     622
     656
     646
     633
     620
     628
     677
     646
     713
     747
     700
     755
     724
     744
     748
     738
     785
     716
     708
     675
     741
     754
     657
     707
     694
     696
     674
     706
     704
     638
     627
     646
     629
     613
     626
     646
     599
     588
     601
     599
     587
     627
     609
     605
     583
     565
     584
     594
     594
     607
     607
     640
     590
     568
     605
     621
     581
     546
     608
     565
     545
     565
     505
     543
     539
     544
     540
     479
     522
     505
     537
     527
     506
     503
     524
     469
     486
     468
     453
     454
     478
     478
     467
     464
     517
     470
     449
     430
     446
     416
     473
     492
     456
     430
     436
     434
     432
     455
     467
     458
     438
     418
     408
     397
     447
     394
     419
     398
     414
     449
     387
     407
     408
     385
     374
     389
     375
     404
     420
     399
     413
     384
     420
     366
     415
     391
     384
     409
     385
     387
     404
     381
     364
     408
     336
     364
     365
     405
     387
     383
     375
     388
     391
     386
     349
     396
     388
     367
     411
     363
     356
     345
     347
     399
     351
     397
     376
     399
     366
     333
     380
     363
     334
     371
     345
     384
     388
     399
     372
     385
     345
     358
     360
     385
     368
     376
     341
     355
     355
     386
     389
     372
     393
     355
     365
     365
     344
     386
     413
     384
     389
     350
     384
     396
     402
     368
     372
     354
     381
     359
     333
     343
     313
     355
     324
     319
     326
     321
     307
     305
     294
     283
     271
     284
     276
     267
     265
     258
     238
     238
     227
     211
     236
     222
     219
     170
     186
     179
     190
     184
     168
     202
     145
     163
     144
     143
     155
     131
     139
     120
     118
     120
     118
     135
      93
     120
      90
      97
      92
      96
      97
      91
      89
      93
      90
      98
      89
      82
      90
      64
      83
      82
      70
      73
      79
      67
      76
      51
      59
      75
      68
      62
      56
      55
      46
      74
      50
      55
      56
      75
      52
      56
      49
      53
      54
      49
      50
      55
      60
      60
      46
      56
      50
      63
      57
      57
      71
      49
      48
      51
      63
      60
      62
      74
      68
      78
      61
      58
      78
      68
      74
      69
      87
      97
      93
     107
     128
     124
     140
     144
     142
     164
     193
     204
     217
     242
     259
     310
     357
     362
     396
     412
     481
     463
     570
     583
     654
     700
     781
     876
     947
     981
    1077
    1065
    1226
    1243
    1315
    1289
    1459
    1606
    1609
    1703
    1692
    1770
    1843
    1926
    1965
    1999
    1972
    2017
    2072
    2036
    2072
    2035
    2022
    1994
    1957
    1878
    1810
    1800
    1819
    1598
    1598
    1537
    1388
    1405
    1283
    1208
    1137
    1025
     996
     934
     866
     735
     721
     641
     589
     523
     477
     434
     389
     364
     324
     314
     254
     217
     203
     169
     149
     151
     103
     116
      82
      86
      67
      63
      67
      48
      38
      37
      37
      23
      27
      21
      26
      22
      18
      15
      21
      20
      20
      21
      15
      23
      21
      18
      12
      16
      17
      12
      11
      10
      17
      11
      12
      12
       9
      12
      20
      12
      10
      10
      14
      11
      11
      17
      11
      10
      10
      15
      10
      11
      15
       9
      13
       8
      15
      14
      12
      14
      10
       8
       7
       7
       9
       8
       7
       9
      14
      17
      18
      12
      15
      15
      15
      15
      11
      11
      10
      12
      14
      11
      15
      15
      11
       2
       9
      10
       8
      13
      12
      16
      12
      13
       3
       9
      13
      14
      20
      10
      13
       6
      14
      11
      11
       7
       9
       7
       9
      15
       9
       5
      10
       8
      11
      10
       7
       6
      15
       9
      18
      11
      15
      13
       7
      11
      16
      10
      11
       9
      10
      10
      16
       6
      10
       6
      13
       5
      12
      13
       9
       9
      10
      15
       6
       9
      15
      11
      10
       9
      10
      11
      13
       8
      10
       8
       7
      10
      14
       9
      17
      12
      13
      12
      17
      10
       4
       9
       8
       9
      11
       9
      11
       7
       9
       9
      12
       8
       8
       8
      14
      10
      15
      12
      11
       7
       7
      11
       4
       5
      11
       8
      13
       8
       9
       9
      11
       7
      10
       8
      11
       3
       3
      13
       9
      10
      11
       5
      10
       9
       5
       8
       3
      10
       7
       6
       7
      13
      11
      10
       9
       8
      12
       8
       6
       5
       8
       5
       8
       8
       7
       7
       5
      10
       4
       9
       9
       4
      10
       8
       8
       8
       9
       7
      20
      10
       5
       4
       7
      15
       3
      11
       6
       7
       7
       8
       7
       6
      10
       5
       6
      11
       5
       2
       9
       5
       2
      10
       5
       6
       4
       6
      13
       7
       9
       7
       8
       5
       7
      10
      12
       5
       9
      11
       9
       7
       5
       8
       6
       6
       9
       3
       7
       9
       6
      16
       5
       7
      12
       8
       7
       9
       6
      10
       8
       8
       8
       5
       9
       8
       7
       7
       5
       5
       2
       6
       4
       5
       5
       9
      10
       2
       3
       6
       1
      12
       6
       4
       1
       6
      11
       6
       5
      12
       3
       9
       4
       6
       8
       8
       9
       5
       5
       5
       5
       3
       3
       1
       4
       4
       6
       7
       3
       6
       6
       2
       5
       6
       6
       7
      12
       2
       2
       6
       6
       2
       3
       3
       0
       6
       4
      10
       4
       4
       6
       2
       7
       2
       7
       1
       2
       6
       6
       6
       6
       3
       4
       6
       5
       5
       7
       8
       7
       2
       8
       7
       4
       2
       5
       5
       6
       5
      10
       5
       3
       3
       1
       3
       4
       6
       3
       4
       4
       4
       4
       2
       1
       3
       4
       4
       7
       2
       5
       5
       4
       7
       4
       0
       1
       8
       3
       4
       3
       2
       4
       2
       4
       2
       4
       0
       1
       6
       4
       4
       5
       3
       3
       5
       2
       4
       3
       3
       4
       2
       5
       2
       2
       3
       8
       3
       5
       1
       0
       1
       4
       5
       1
       3
       4
       4
       6
       5
       4
       2
       3
       5
       2
       6
       6
       2
       6
       9
       6
       5
       3
       4
       6
       4
       5
       5
       4
       4
       4
       6
       6
       3
       7
       6
       7
       3
       5
       5
       2
       7
      11
      10
       5
      17
       7
      12
      15
       5
       6
      12
      10
       7
       6
      10
       6
      11
       8
      14
       8
      10
       8
      10
       9
       8
      11
       7
      10
      13
      11
      12
       9
      11
       8
       7
      13
       9
       9
       7
       8
      12
      12
       8
       9
       9
       6
       7
       7
       8
       7
       7
       8
       7
       4
       4
       2
       4
       4
       7
       3
      10
       4
       2
       8
       5
       5
       4
       3
       5
       6
       2
       0
       7
       3
       0
       1
       4
       5
       1
       2
       1
       4
       2
       1
       4
       7
       2
       2
       4
       2
       3
       1
       1
       1
       2
       0
       2
       1
       2
       0
       4
       1
       1
       0
       0
       2
       3
       0
       1
       1
       3
       0
       4
       1
       2
       1
       1
       4
       5
       1
       0
       1
       2
       2
       2
       1
       0
       2
       1
       1
       1
       2
       3
       1
       1
       1
       2
       1
       1
       2
       1
       2
       1
       0
       2
       0
       1
       1
       3
       2
       1
       1
       0
       1
       0
       1
       3
       0
       0
       1
       0
       2
       2
       1
       1
       1
       2
       3
       0
       2
       0
       2
       0
       1
       1
       2
       0
       1
       2
       1
       0
       1
       0
       0
       1
       2
       1
       1
       3
       2
       0
       0
       2
       1
       1
       0
       3
       3
       3
       3
       2
       1
       0
       3
       4
       1
       2
       1
       2
       2
       0
       1
       3
       1
       1
       2
       0
       1
       2
       3
       2
       5
       3
       1
       2
       0
       1
       2
       2
       0
       3
       3
       3
       0
       3
       1
       2
       1
       2
       2
       1
       2
       3
       2
       1
       1
       2
       3
       0
       2
       4
       2
       0
       1
       2
       3
       2
       3
       0
       1
       0
       2
       2
       2
       2
       0
       1
       2
       0
       1
       4
       1
       0
       1
       0
       3
       1
       1
       1
       0
       4
       0
       1
       3
       0
       1
       1
       1
       3
       1
       2
       0
       2
       0
       1
       0
       0
       3
       2
       3
       2
       1
       1
       1
       0
       2
       1
       2
       0
       2
       1
       0
       3
       3
       1
       0
       2
       0
       1
       0
       0
       2
       0
       0
       1
       0
       1
       1
       1
       0
       0
       0
       0
       2
       1
       2
       2
       0
       0
       0
       2
       1
       0
       1
       1
       1
       0
       3
       1
       0
       1
       0
       4
       3
       1
       1
       1
       2
       0
       4
       3
       0
       2
       0
       0
       0
       1
       0
       1
       0
       0
       0
       0
       0
       1
       2
       0
       0
       1
       1
       1
       0
       0
       0
       0
       1
       1
       0
       0
       0
       0
       0
       1
       1
       2
       0
       0
       0
       2
       0
       3
       0
       0
       0
       1
       0
       1
       1
       0
       1
       0
       0
       0
       1
       1
       0
       0
       0
       1
       1
       1
       0
       0
       0
       0
       2
       3
       0
       0
       1
       0
       1
       0
       1
       0
       3
       1
       0
       1
       1
       1
       0
       0
       1
       0
       1
       1
       1
       0
       0
       1
       2
       0
       0
       0
       0
       0
       0
       0
       1
       1
       1
       0
       0
       1
       0
       1
       0
       1
       0
       3
       3
       1
       2
       1
       0
       1
       1
       2
       1
       0
       0
       1
       1
       0
       0
       1
       1
       0
       1
       1
       2
       1
       2
       2
       2
       1
       1
       0
       2
       0
       1
       0
       0
       0
       0
       0
       2
       4
       0
       1
       2
       2
       0
       1
       0
       0
       0
       0
       1
       0
       1
       1
       0
       1
       1
       1
       0
       0
       1
       0
       0
       1
       0
       1
       1
       1
       0
       1
       0
       1
       0
       2
       0
       0
       1
       0
       0
       2
       0
       1
       1
       1
       1
       1
       2
       2
       1
       1
       0
       0
       0
       0
       1
       1
       0
       0
       2
       0
       0
       1
       0
       0
       1
       0
       3
       0
       1
       2
       0
       1
       0
       0
       0
       0
       0
       0
       0
       0
       1
       2
       0
       1
       2
       0
       0
       2
       1
       0
       0
       0
       0
       1
       0
       0
       1
       1
       0
       0
       0
       1
       0
       1
       1
       0
       1
       0
       1
       0
       0
       0
       0
       0
       1
       1
       2
       0
       0
       0
       1
       0
       2
       2
       0
       0
       1
       0
       1
       1
       0
       0
       0
       0
       0
       0
       1
       0
       0
       1
       0
       0
       1
       1
       0
       0
       0
       1
       0
       1
       0
       0
       1
       0
       0
       1
       1
       1
       0
       1
       1
       3
       0
       0
       0
       0
       0
       0
       0
       0
       0
       0
       0
       0
       1
       1
       1
       1
       0
       1
       0
       1
       0
       1
       1
       0
       0
       0
       2
       1
       1
       1
       0
       0
       0
       0
       0
       0
       0
       1
       2
       0
       0
       0
       0
       0
       0
       0
       1
       0
       0
       2
       1
       0
       0
       0
       0
       1
       0
       0
       0
       0
       0
       0
       0
       0
       1
       0
       0
       0
       0
       0
       0
       1
       0
       0
       0
       0
       0
       0
       0
       1
       0
       0
       0
       0
       0
       1
       0
       0
       0
       0
       0
       0
       0
       0
       0
       0
       0
       0
       0
       0
       0
       0
       3
       1
       0
       1
       1
       0
       0
       0
       0
       0
       0
       1
       0
       0
       0
       0
       0
       0
       0
       1
       2
       0
       1
       1
       2
       1
       1
       0
       2
       2
       2
       2
       0
       0
       1
       0
       0
       0
       0
       0
       2
       0
       0
       1
       1
       1
       1
       2
       0
       0
       1
       0
       2
       0
       1
       0
       1
       1
       1
       3
       2
       1
       0
       2
       0
       1
       0
       0
       0
       0
       0
       0
       2
       1
       3
       2
       2
       0
       1
       2
       0
       1
       0
       2
       2
       5
       2
       1
       0
       1
       0
       1
       2
       1
       1
       1
       0
       0
       1
       2
       0
       1
       1
       1
       2
       1
       1
       0
       0
       0
       1
       1
       1
       2
       0
       1
       0
       0
       0
       1
       1
       1
       0
       0
       0
       0
       3
       0
       1
       2
       0
       1
       0
       0
       1
       0
       0
       0
       0
       1
       0
       0
       0
       0
       0
       0
       0
       0
       0
       0
       0
       0
       1
       0
       0
       0
       0
       0
       0
       0
       1
       0
       1
       0
       0
       0
       0
       0
       0
       0
       0
       0
       0
       0
       0
       0
       0
       0
       0
       0
       0
       0
       0
       0
       0
       0
       0
       0
       0
       0
       0
       0
       1
       0
       0
       0
       0
       0
       0
       0
       0
       0
       0
       0
       0
       0
       0
       0
       0
       0
       0
       0
       0
       0
       0
       0
       0
       0
       0
       0
       0
       0
       0
       0
       0
       0
       0
       0
       0
       0
       0
       0
       0
       0
       0
       0
       0
       0
       0
$ROI:
2
425 561
989 1142
$PRESETS:
None
0
0
$ENER_FIT:
-54.092594 1.465894
$MCA_CAL:
3
-5.409259E+001 1.465894E+000 -4.602540E-005 keV
$SHAPE_CAL:
3
-5.474841E+001 2.638014E-001 -1.572140E-004
