$SPEC_ID:
No sample description was entered.
$SPEC_REM:
DET# 4
DETDESC# RBS-D MCB 129 Input 2
AP# Maestro Version 6.08
$DATE_MEA:
01/01/2008 04:42:07
$MEAS_TIM:
91 104
$DATA:
0 2047
       0
       0
       0
       0
       0
     217
     109
     121
     160
     168
     150
     157
     143
     143
     144
     161
     163
     142
     137
     163
     172
     179
     182
     182
     188
     164
     165
     189
     184
     166
     193
     180
     183
     168
     186
     172
     181
     198
     172
     190
     185
     163
     215
     193
     205
     201
     221
     230
     224
     235
     210
     230
     221
     219
     239
     249
     243
     232
     242
     235
     262
     244
     232
     245
     295
     271
     258
     227
     263
     258
     265
     253
     296
     292
     271
     265
     265
     251
     264
     249
     232
     258
     255
     241
     210
     263
     247
     274
     252
     240
     268
     266
     268
     255
     267
     257
     300
     253
     276
     258
     244
     276
     248
     257
     249
     276
     215
     256
     281
     273
     252
     236
     249
     240
     232
     246
     241
     260
     240
     228
     257
     240
     235
     231
     251
     253
     215
     230
     206
     248
     250
     232
     228
     229
     231
     235
     252
     215
     213
     232
     212
     220
     234
     217
     214
     207
     220
     230
     226
     220
     223
     216
     230
     233
     196
     226
     224
     229
     248
     228
     233
     241
     236
     214
     255
     219
     229
     236
     238
     267
     232
     260
     228
     234
     253
     261
     233
     230
     263
     242
     248
     250
     237
     246
     233
     227
     231
     230
     244
     234
     238
     229
     223
     194
     258
     233
     258
     219
     186
     214
     210
     211
     219
     222
     213
     216
     181
     193
     211
     224
     221
     202
     187
     213
     218
     237
     179
     199
     197
     186
     205
     214
     221
     191
     210
     187
     193
     201
     183
     199
     214
     212
     207
     193
     189
     196
     179
     200
     188
     196
     186
     190
     197
     206
     204
     173
     187
     184
     204
     174
     192
     184
     176
     180
     165
     195
     169
     194
     202
     163
     186
     174
     190
     160
     179
     192
     192
     179
     168
     167
     193
     182
     164
     164
     194
     175
     164
     191
     174
     194
     152
     177
     179
     157
     159
     160
     171
     172
     204
     185
     170
     186
     168
     181
     158
     187
     184
     174
     168
     173
     148
     149
     181
     173
     179
     176
     161
     151
     154
     167
     150
     175
     177
     141
     170
     189
     171
     174
     152
     167
     137
     169
     180
     157
     168
     180
     167
     167
     154
     158
     149
     168
     176
     163
     161
     160
     149
     193
     148
     161
     165
     160
     180
     144
     164
     165
     161
     168
     139
     164
     164
     161
     162
     166
     153
     144
     162
     170
     153
     131
     165
     186
     161
     164
     183
     155
     140
     168
     159
     147
     170
     184
     171
     170
     160
     167
     169
     152
     156
     145
     180
     151
     158
     166
     171
     165
     164
     155
     148
     156
     171
     173
     165
     155
     172
     165
     128
     171
     186
     153
     157
     147
     155
     145
     167
     163
     140
     160
     159
     198
     138
     151
     158
     167
     177
     171
     159
     164
     159
     175
     159
     167
     147
     151
     166
     149
     155
     153
     164
     159
     169
     154
     133
     177
     183
     161
     166
     156
     149
     165
     174
     170
     154
     150
     160
     149
     141
     152
     168
     169
     165
     147
     149
     158
     163
     160
     156
     164
     164
     139
     155
     178
     134
     194
     151
     154
     139
     162
     150
     170
     160
     155
     169
     152
     153
     182
     152
     153
     136
     146
     146
     136
     170
     163
     143
     156
     166
     149
     150
     149
     146
     161
     151
     168
     161
     179
     165
     162
     136
     141
     153
     165
     128
     163
     160
     144
     159
     146
     160
     151
     168
     156
     157
     149
     166
     145
     148
     193
     160
     147
     154
     173
     160
     159
     145
     159
     165
     178
     139
     175
     181
     166
     175
     142
     176
     158
     158
     151
     153
     151
     177
     166
     197
     161
     164
     173
     151
     154
     179
     171
     158
     164
     179
     172
     161
     170
     155
     181
     165
     164
     176
     166
     156
     181
     168
     152
     155
     173
     159
     159
     172
     187
     168
     174
     177
     190
     169
     160
     176
     187
     174
     180
     160
     164
     175
     178
     173
     170
     163
     167
     153
     173
     176
     150
     183
     188
     183
     187
     187
     183
     181
     164
     202
     160
     176
     207
     200
     193
     160
     179
     179
     171
     166
     151
     171
     167
     209
     174
     167
     204
     171
     188
     192
     176
     188
     218
     193
     167
     176
     186
     181
     176
     202
     195
     201
     178
     207
     177
     200
     187
     177
     190
     180
     172
     179
     176
     213
     238
     179
     176
     186
     168
     191
     180
     173
     170
     211
     200
     196
     176
     188
     185
     201
     197
     186
     198
     164
     172
     202
     173
     189
     157
     194
     199
     208
     186
     183
     207
     203
     177
     183
     180
     163
     172
     183
     195
     182
     157
     192
     174
     183
     171
     184
     166
     181
     193
     181
     180
     172
     159
     175
     143
     177
     166
     159
     177
     163
     159
     168
     131
     154
     159
     163
     168
     159
     150
     144
     153
     143
     139
     160
     128
     152
     150
     140
     134
     149
     120
     136
     136
     138
     152
     117
     133
     143
     131
     138
     114
     140
     134
     159
     117
     145
     129
     123
     125
     144
     121
     142
     127
     128
     117
     146
     130
     129
     126
     121
     128
     117
     134
     130
     127
     126
     122
     110
     110
     122
     120
     113
     109
      95
     124
     125
      98
     108
     130
      97
     102
     104
     103
     110
     109
     141
     125
     120
      99
      94
     116
     126
     113
      83
     101
     105
      90
     102
     102
     107
     111
      84
     112
     104
      99
     110
      90
      95
     112
      88
     114
     113
     108
     114
     125
      99
     105
     111
     112
     130
     116
     118
     140
     139
     148
     166
     135
     157
     162
     128
     173
     184
     196
     184
     182
     214
     213
     225
     257
     239
     269
     258
     313
     283
     290
     319
     319
     316
     334
     311
     339
     374
     353
     349
     397
     396
     407
     357
     388
     392
     414
     424
     446
     399
     440
     447
     454
     421
     432
     396
     397
     400
     440
     376
     386
     387
     380
     388
     339
     334
     346
     325
     342
     315
     315
     298
     305
     289
     289
     251
     252
     243
     207
     209
     208
     214
     191
     184
     183
     171
     184
     153
     161
     161
     136
     139
     125
     116
     132
     105
      94
     106
      89
      84
      83
      78
      85
      91
      86
      77
      76
      73
      82
      69
      80
     104
      68
      68
      77
      87
      75
      80
      74
      81
      94
     100
      79
      92
     106
      88
     105
     115
     136
     132
     134
     164
     146
     159
     138
     156
     163
     168
     180
     163
     177
     195
     228
     205
     226
     217
     230
     268
     268
     249
     261
     262
     271
     264
     296
     316
     317
     307
     341
     315
     285
     349
     340
     336
     326
     345
     349
     293
     318
     324
     324
     327
     349
     285
     306
     311
     286
     278
     296
     264
     262
     275
     245
     272
     257
     216
     221
     235
     195
     216
     196
     199
     192
     161
     192
     167
     153
     160
     159
     160
     147
     134
     139
     130
     111
     121
      98
     102
      96
      92
      83
      96
      93
      67
      81
      75
      62
      62
      71
      61
      75
      60
      51
      52
      62
      56
      42
      49
      34
      28
      37
      40
      33
      46
      42
      21
      32
      39
      35
      25
      31
      29
      17
      30
      32
      18
      35
      27
      27
      28
      20
      18
      25
      23
      21
      17
      21
      20
      19
      18
      26
      21
      20
      15
      20
      17
      23
      21
      15
      24
      19
      26
      21
      11
      21
      12
      12
      15
      17
      20
      18
      20
       7
      22
      21
      21
      14
      15
      14
      18
      18
      17
      16
      16
      18
      23
      13
      18
      17
      16
      25
      21
      14
      14
      10
      25
      20
       9
      15
      13
      20
      18
      20
       9
      16
      19
      16
      18
      17
      13
      13
      12
      16
      20
      25
      12
      13
      25
      14
      18
      16
      15
      19
      20
      15
      17
       7
      16
      15
      11
      21
      16
      15
      16
      16
      13
      11
      10
      13
       9
      15
      14
      11
      13
      21
       8
      20
      17
      12
      18
      13
      13
      12
      21
      13
      18
      14
      17
      13
      16
      10
       8
      13
      24
      15
       5
      14
      16
      15
       5
      20
       9
      18
      11
      12
      12
      20
       9
      16
      14
      12
      14
      16
      10
      16
      10
      13
       6
       4
      12
      15
      16
      14
      21
      12
      18
      16
      11
      15
      20
      12
      15
      12
      12
      10
      10
      16
      17
      14
      12
      15
      12
      11
      10
      12
       7
      13
      14
      23
      16
      23
      19
      18
      19
      11
       8
      16
      13
      12
      14
       8
      15
       8
      16
      13
       9
      12
      10
      17
      20
       7
      12
      13
      10
      16
       8
      19
      12
      15
      13
      11
      11
      10
      10
       7
      13
       8
      18
       9
      16
      20
      11
      10
      12
      15
      11
      11
       8
      11
      14
      12
      12
      17
       4
      12
      12
      15
       9
      15
      14
      17
      18
       8
      18
      10
      15
      17
      19
      13
       4
      16
      10
       9
      17
       6
      11
       8
       9
      21
      14
       9
      11
      13
      12
       9
      12
       9
       7
      14
       7
      10
      11
       8
      18
      16
      15
      10
      12
      11
      21
      12
       8
      11
      10
      13
      13
       8
      13
      14
      15
      16
      13
      10
       8
      11
       7
      13
      18
       9
      11
      15
      10
      11
      18
      11
      11
      14
      14
       6
      17
      14
      14
      10
       8
       5
      13
      19
      14
      14
      11
       8
      11
      13
      12
      12
      13
      15
      11
      11
       6
      10
      17
       8
      11
      12
      15
      17
      10
      14
       8
      11
      21
      14
      15
      17
      13
       8
       8
      10
      16
       8
       5
      11
      11
       4
      13
       9
      12
       8
      11
       5
      10
      10
      17
       9
       9
       9
       8
      14
       9
      12
       8
       6
       9
       3
       4
      10
       6
      10
       9
       4
      11
      14
       9
       5
      10
       7
       8
       7
      15
      11
      11
      16
       9
       7
      15
      10
      10
       9
      11
       5
      10
       6
      13
      12
       6
      14
      11
       8
      11
      11
       7
       9
      12
       6
      14
      10
       6
      13
      12
       7
       7
      12
       8
      13
      10
      12
      10
      12
      11
       7
      16
       9
       8
      17
      18
       9
      15
       8
       9
       8
      10
       9
       7
      10
      13
      10
       7
       9
       6
      16
      12
      10
       9
      17
       3
       9
      11
       9
       8
       9
      14
      11
      10
      11
      13
      15
       7
       6
      12
       8
       3
       7
       9
       5
       9
       8
      12
      10
      13
       5
      11
      14
       7
      13
      13
      10
      18
      13
       7
       9
       6
      10
       9
       9
       9
       9
      12
       8
      14
      13
       6
       6
      13
       6
       6
      15
       8
      12
      10
       5
       8
      12
       8
       6
      13
      13
      14
      16
      12
       8
       9
      10
       4
       7
      14
       6
       8
       9
      14
      10
      18
       9
       9
       8
      12
       8
       4
       6
       7
       8
      11
      14
       9
      16
       8
      12
       8
       9
       9
      12
       6
      12
       8
      10
      10
       9
      11
       9
      10
       9
       8
      12
      12
       6
      10
      16
       8
       9
       7
      10
      10
      11
       8
      11
       6
      13
      10
       8
      10
      15
      12
       7
       8
       8
      10
       5
      11
      10
      13
      12
      15
       5
       8
      11
      10
      10
      12
      11
       7
      11
       7
       7
      12
       6
       8
       4
       7
      11
      13
       9
       6
      10
       6
       7
      10
       7
      11
       4
       5
       9
       6
      12
       7
       4
       5
       5
       7
       6
       6
       8
       2
       6
       4
       5
       1
       5
       6
       4
      10
       6
       7
       6
       8
       5
       3
       6
       2
       2
       5
       8
       3
       3
       6
       3
       4
       2
      10
       2
       3
       5
       4
       4
       7
       3
       2
       6
       5
       6
       2
       3
       3
       4
       3
       5
       2
       4
       2
       4
       3
       3
       4
       4
       3
       5
       1
       5
       1
       1
       2
       1
       2
       1
       1
       5
       3
       0
       3
       2
       1
       1
       1
       0
       4
       3
       3
       2
       1
       2
       1
       1
       3
       3
       3
       1
       1
       1
       1
       4
       4
       2
       5
       4
       4
       2
       4
       2
       4
       7
       7
       3
       3
       5
       5
      10
       9
       4
       1
       7
       3
       6
       4
       9
       6
       5
       8
       7
       9
      12
       7
       4
       6
      15
      10
      12
      11
      11
       8
       7
      11
       5
      17
      12
      11
      14
       9
      12
       8
      15
      12
       7
       7
      13
      17
       7
       6
      11
      14
       9
      19
       9
      15
      20
      16
      12
      11
      17
       9
      11
      11
      13
      13
      14
      19
      14
       6
      11
      14
       8
      15
      11
      10
      10
       9
       9
       8
      12
      11
       9
       8
      14
       7
       6
      11
      11
      10
      10
       8
       9
       6
       6
       7
       5
       8
      12
       7
       7
       8
       9
       8
       5
       6
       4
       6
       4
       3
      10
       5
       7
       5
       3
       2
       0
       6
       3
       1
       5
       0
       3
       2
       3
       3
       4
       2
       2
       3
       5
       2
       1
       3
       1
       1
       0
       1
       2
       1
       0
       2
       3
       1
       2
       0
       2
       0
       0
       0
       1
       4
       0
       1
       0
       0
       0
       0
       2
       1
       2
       0
       4
       1
       0
       0
       0
       0
       0
       1
       0
       0
       0
       1
       0
       0
       1
       0
       1
       0
       1
       1
       1
       0
       1
       0
       0
       0
       0
       0
       0
       0
       1
       2
       1
       1
       0
       0
       0
       0
       0
       0
       0
       0
       0
       0
       0
       1
       0
       1
       0
       0
       0
       0
       0
       1
       0
       1
       0
       0
       0
       0
       0
       0
       0
       0
       0
       0
       0
       0
       0
       0
       0
       0
       0
       0
       0
       0
       0
       0
       0
       0
       0
       0
       0
       0
       0
       0
       0
       0
       0
       0
       0
       0
       0
       0
       0
       0
       0
       0
       0
$ROI:
3
809 917
921 1051
1769 1939
$PRESETS:
None
0
0
$ENER_FIT:
-43.015625 1.438746
$MCA_CAL:
3
-4.301563E+001 1.438746E+000 -3.635760E-005 keV
$SHAPE_CAL:
3
5.967719E+001 -6.308020E-002 3.454509E-005
