$SPEC_ID:
No sample description was entered.
$SPEC_REM:
DET# 4
DETDESC# RBS-D MCB 129 Input 2
AP# Maestro Version 6.08
$DATE_MEA:
01/01/2008 02:13:00
$MEAS_TIM:
886 914
$DATA:
0 2047
       0
       0
       0
       0
       0
    1992
     927
     895
     918
     917
     873
     881
     918
     896
     910
     998
     939
     958
    1017
    1043
    1124
    1404
    1776
    2770
    4221
    6087
    6992
    7002
    6209
    5187
    3815
    2893
    2239
    1841
    1591
    1339
    1293
    1201
    1158
    1236
    1207
    1262
    1224
    1190
    1261
    1319
    1338
    1375
    1431
    1416
    1492
    1562
    1588
    1629
    1678
    1711
    1702
    1765
    1745
    1773
    1824
    1792
    1875
    1901
    1964
    1883
    1900
    1905
    1986
    1904
    1931
    2001
    1981
    1901
    1920
    1948
    1998
    1915
    2006
    1984
    1936
    1947
    1959
    1910
    2008
    1991
    1939
    1969
    1896
    1971
    2019
    1939
    1860
    2009
    1909
    1920
    1934
    1932
    1971
    1938
    2001
    1923
    1940
    1948
    1838
    1809
    1887
    1936
    1796
    1849
    1868
    1798
    1776
    1883
    1807
    1732
    1777
    1748
    1735
    1808
    1790
    1766
    1700
    1724
    1676
    1746
    1713
    1735
    1652
    1717
    1666
    1645
    1661
    1688
    1691
    1733
    1725
    1714
    1712
    1789
    1850
    1834
    1904
    1901
    1961
    1912
    2010
    1935
    1923
    2072
    2004
    1915
    1933
    1904
    1957
    1815
    1908
    1735
    1807
    1722
    1761
    1773
    1673
    1647
    1693
    1631
    1621
    1637
    1616
    1567
    1577
    1519
    1543
    1554
    1577
    1545
    1560
    1601
    1517
    1603
    1542
    1540
    1586
    1585
    1571
    1506
    1499
    1499
    1526
    1525
    1492
    1541
    1448
    1421
    1386
    1350
    1432
    1410
    1416
    1383
    1365
    1344
    1331
    1367
    1350
    1367
    1306
    1319
    1267
    1274
    1246
    1266
    1225
    1241
    1225
    1258
    1189
    1263
    1251
    1204
    1146
    1239
    1160
    1239
    1269
    1168
    1177
    1169
    1150
    1174
    1148
    1200
    1197
    1124
    1119
    1140
    1079
    1150
    1064
    1097
    1061
    1096
    1149
    1047
    1073
    1054
    1063
    1040
    1048
     991
    1065
    1066
    1050
    1062
    1010
    1108
    1059
    1072
    1031
    1005
    1096
    1018
    1056
    1073
     967
     988
    1041
     992
    1012
     981
    1044
    1036
     957
     958
    1003
    1002
    1015
     955
    1034
     968
     991
    1045
     960
     958
     934
     935
    1028
     920
     952
     958
    1005
     949
     912
     998
     941
     941
     975
     952
     982
     984
     999
     973
     935
     964
     950
     962
     997
     974
    1007
     916
     965
     936
     964
     945
    1021
     982
     987
     979
    1012
     977
     963
    1064
     988
    1041
     961
    1016
    1045
    1007
     989
     972
     894
     988
     966
     904
     934
     882
     895
     840
     835
     835
     838
     828
     791
     766
     731
     738
     732
     719
     694
     642
     634
     655
     620
     585
     541
     589
     540
     529
     467
     494
     484
     503
     456
     438
     482
     377
     406
     388
     384
     381
     325
     354
     353
     308
     325
     297
     308
     263
     278
     276
     267
     247
     250
     263
     229
     253
     244
     208
     247
     220
     205
     218
     186
     215
     205
     168
     197
     180
     183
     173
     154
     168
     148
     158
     175
     162
     165
     132
     173
     144
     153
     133
     168
     142
     160
     140
     157
     137
     131
     138
     137
     168
     148
     131
     145
     150
     150
     147
     149
     163
     140
     162
     160
     128
     156
     160
     181
     180
     190
     165
     165
     190
     182
     211
     176
     236
     234
     271
     263
     302
     317
     403
     368
     398
     448
     478
     521
     557
     675
     684
     810
     848
     898
    1051
    1142
    1222
    1339
    1558
    1610
    1784
    1879
    2077
    2248
    2419
    2571
    2794
    2943
    3196
    3257
    3396
    3612
    3782
    4195
    4268
    4496
    4528
    4748
    4773
    5011
    5140
    5283
    5308
    5195
    5364
    5410
    5397
    5331
    5322
    5183
    5110
    4868
    4889
    4727
    4686
    4242
    4134
    4061
    3769
    3695
    3395
    3221
    3015
    2663
    2631
    2406
    2202
    1994
    1793
    1686
    1614
    1410
    1253
    1149
    1052
     941
     802
     766
     637
     572
     512
     424
     374
     357
     313
     286
     234
     219
     197
     155
     134
     129
     108
      94
     109
      72
      73
      58
      65
      50
      52
      58
      52
      49
      42
      42
      35
      50
      44
      47
      31
      42
      34
      26
      33
      29
      42
      34
      48
      36
      24
      31
      42
      35
      34
      33
      37
      38
      36
      39
      35
      33
      24
      27
      26
      30
      35
      30
      43
      20
      40
      32
      37
      32
      32
      32
      16
      35
      36
      31
      31
      21
      31
      46
      42
      34
      35
      38
      32
      39
      35
      26
      33
      29
      33
      20
      32
      29
      28
      22
      21
      24
      22
      39
      33
      37
      28
      27
      16
      25
      32
      30
      49
      28
      29
      27
      29
      29
      33
      28
      30
      31
      24
      33
      27
      15
      28
      25
      30
      24
      22
      30
      32
      19
      39
      36
      32
      29
      29
      34
      32
      23
      23
      25
      24
      24
      35
      26
      36
      18
      30
      29
      31
      29
      26
      35
      32
      27
      22
      37
      33
      34
      27
      30
      33
      32
      39
      20
      25
      20
      32
      23
      31
      26
      34
      29
      29
      35
      41
      23
      26
      20
      26
      28
      31
      20
      21
      19
      25
      37
      34
      23
      23
      25
      31
      20
      35
      30
      27
      30
      20
      18
      16
      21
      23
      25
      29
      25
      24
      22
      24
      23
      18
      16
      18
      17
      14
      32
      20
      20
      25
      17
      26
      21
      20
      17
      11
      19
      20
      22
      26
      21
      24
      19
      22
      27
      22
      24
      15
      16
      20
      19
      21
      20
      21
      21
      17
      27
      16
      20
      23
      11
      28
      15
      21
      16
      15
      14
      36
      22
      18
      18
      19
      26
       9
      24
      24
      12
      17
      17
      18
      13
      19
      14
      20
      24
      18
      18
      19
      18
      15
      20
      20
      18
      14
      23
      30
      32
      26
      23
      19
      23
      18
      22
      18
      19
      24
      29
      19
      17
      21
      23
      21
      22
      23
      15
      16
      30
      25
      27
      20
      16
      24
      24
      23
      17
      20
      24
      21
      14
      20
      15
      23
      17
      22
      15
      16
      20
      14
      19
      18
      16
      15
      15
      23
      11
      10
      15
      13
      19
      10
      13
      10
      14
      19
      16
      18
      21
       7
      18
      17
      12
      20
      19
      16
      16
      13
      16
      15
      11
      12
       9
      16
      10
      17
      12
      13
      15
      15
      13
      10
      23
      18
      17
      20
      12
      10
      18
      13
       9
       9
       9
       6
      15
      11
      28
      13
      10
      14
      15
      13
       9
      16
      10
      10
      11
      12
      13
      15
       6
       8
      12
      12
       9
      16
      19
      12
      12
      17
      14
       8
       6
      12
       8
       8
      10
      19
       9
       8
       8
      11
      10
      11
      14
      13
      11
       8
      15
      12
       4
       5
       5
      10
       9
      14
       9
      12
       6
       8
      11
      11
       8
      10
      11
      15
      12
      11
       8
       8
       9
       8
       8
       8
       7
       9
      11
       8
      11
       7
       4
      12
      16
       8
      10
       9
      15
      11
       5
       7
       9
      10
       8
      14
      13
      10
       8
       7
       6
      12
       8
       8
       8
      12
      12
      13
      15
      11
       7
      10
      10
       9
      15
      10
       5
      13
      19
      11
      11
       8
      14
      18
      18
      13
      14
      10
      13
      11
      18
      16
      11
      14
      16
      18
      14
      10
      15
      12
      17
      19
      25
      15
      28
      21
      26
      36
      13
      23
      23
      21
      24
      26
      29
      20
      27
      19
      31
      18
      32
      33
      31
      29
      26
      29
      18
      22
      41
      28
      28
      28
      32
      24
      26
      27
      26
      17
      25
      20
      31
      30
      19
      19
      28
      16
      19
      16
      16
      16
      13
      24
      18
      12
      19
      10
      13
      11
      17
      10
      23
      12
       9
      20
      14
      11
      10
       7
       9
      12
       7
       7
      10
       5
       6
       7
       7
       7
       7
       8
       5
       8
       3
       9
       5
      11
       5
       5
       8
       3
       6
       2
       2
       1
       3
       3
       3
       4
       7
       3
      11
       2
       5
       3
       3
       4
       6
       5
       3
       1
       3
       3
       5
       1
       4
       4
       3
       4
       6
       3
       4
       5
       9
       7
       4
       4
       2
       3
       7
       5
       3
       4
       5
       2
       4
       2
       5
       6
       2
       3
       3
       5
       6
       1
       2
       3
       5
       3
       4
       3
       4
       4
       5
       1
       0
       4
       4
       0
       2
       2
       4
       7
       4
       1
       2
       3
       4
       4
       2
       5
       2
       2
       4
       2
       4
       3
       1
       2
       6
       2
       2
       1
       2
       1
       3
       3
       3
       1
       5
       2
       3
       3
       4
       5
       3
       1
       5
       3
       4
       6
       4
       1
       2
       7
       6
       1
       4
       4
       4
       2
       3
       4
       5
       4
       2
       3
       0
       2
       4
       4
       3
       8
       6
       4
       4
       3
       1
       6
       4
       2
       4
       6
       8
       5
       7
       6
       3
       4
       3
       9
       4
       6
       8
       5
       2
       3
       5
       5
       2
       5
      10
       2
       2
       4
       5
       8
       5
       3
       1
       2
       0
       2
       5
       3
       4
       3
       6
       7
       3
       6
       6
       6
       2
       5
       4
       3
       3
       5
       1
       1
       7
       4
       3
       4
       5
       3
       3
       5
       6
       1
       4
       0
       2
       1
       3
       1
       0
       6
       3
       3
       5
       5
       2
       6
       0
       6
       6
       6
       2
       3
       2
       1
       3
       4
       2
       0
       4
       1
       4
       2
       1
       2
       3
       0
       2
       2
       4
       2
       2
       1
       0
       3
       2
       3
       1
       2
       2
       1
       2
       4
       2
       3
       1
       2
       3
       1
       0
       4
       2
       3
       3
       3
       6
       3
       2
       4
       2
       2
       1
       5
       3
       1
       2
       2
       1
       3
       1
       0
       4
       1
       1
       2
       1
       1
       2
       3
       1
       1
       2
       3
       1
       2
       2
       0
       2
       2
       3
       1
       2
       0
       1
       1
       2
       1
       5
       4
       1
       1
       2
       0
       6
       1
       0
       0
       1
       0
       1
       2
       2
       2
       0
       1
       1
       5
       1
       1
       3
       1
       3
       1
       5
       2
       1
       1
       1
       2
       5
       1
       0
       1
       0
       1
       1
       3
       1
       4
       3
       2
       1
       2
       4
       2
       3
       2
       0
       3
       1
       5
       1
       1
       1
       3
       3
       0
       2
       1
       2
       1
       2
       2
       2
       2
       2
       3
       1
       2
       6
       2
       3
       1
       4
       4
       2
       4
       2
       1
       2
       2
       4
       2
       1
       3
       3
       2
       3
       0
       2
       1
       1
       1
       3
       5
       2
       3
       4
       2
       2
       4
       2
       2
       0
       1
       1
       1
       4
       0
       3
       3
       6
       6
       3
       4
       6
       1
       4
       1
       1
       0
       1
       3
       2
       3
       2
       2
       2
       2
       2
       4
       1
       4
       1
       0
       2
       1
       2
       3
       3
       0
       2
       0
       5
       3
       4
       2
       3
       5
       1
       1
       4
       1
       1
       2
       2
       2
       3
       4
       4
       2
       1
       1
       0
       1
       0
       3
       1
       2
       0
       3
       0
       2
       4
       0
       2
       5
       2
       3
       4
       3
       4
       0
       2
       1
       1
       0
       1
       1
       3
       4
       0
       2
       6
       0
       2
       2
       2
       1
       2
       2
       1
       0
       1
       0
       3
       3
       2
       3
       2
       0
       1
       1
       4
       3
       5
       3
       2
       2
       2
       3
       2
       3
       2
       3
       1
       1
       3
       3
       2
       1
       0
       1
       1
       2
       2
       2
       1
       4
       0
       3
       1
       0
       0
       3
       3
       2
       0
       3
       0
       2
       3
       2
       0
       2
       2
       1
       0
       0
       1
       1
       1
       0
       1
       4
       0
       2
       2
       2
       3
       1
       1
       1
       3
       0
       1
       0
       0
       1
       1
       0
       1
       0
       0
       0
       0
       1
       1
       3
       1
       0
       2
       0
       1
       0
       2
       1
       0
       0
       1
       3
       1
       2
       1
       0
       0
       1
       0
       0
       0
       1
       2
       2
       0
       0
       3
       0
       0
       0
       0
       1
       0
       0
       2
       2
       0
       0
       0
       0
       2
       2
       0
       0
       0
       1
       0
       0
       0
       1
       0
       0
       0
       0
       0
       0
       2
       0
       2
       1
       0
       1
       1
       0
       1
       1
       1
       0
       0
       0
       1
       0
       0
       1
       0
       0
       1
       1
       0
       1
       0
       1
       0
       0
       1
       1
       0
       3
       1
       0
       3
       1
       0
       0
       0
       0
       0
       0
       1
       0
       0
       0
       0
       0
       1
       2
       2
       4
       0
       1
       4
       2
       2
       2
       1
       2
       2
       4
       2
       1
       2
       2
       0
       0
       3
       1
       3
       3
       2
       5
       1
       3
       2
       1
       4
       2
       1
       1
       2
       4
       3
       2
       2
       1
       2
       1
       4
       2
       1
       3
       2
       2
       1
       2
       1
       0
       1
       1
       2
       4
       3
       4
       3
       3
       0
       2
       3
       4
       3
       2
       2
       4
       6
       3
       2
       0
       1
       1
       3
       4
       2
       1
       2
       1
       1
       4
       5
       1
       1
       1
       1
       2
       2
       2
       1
       0
       1
       1
       1
       1
       3
       0
       2
       3
       1
       2
       1
       2
       2
       0
       0
       0
       0
       4
       0
       3
       3
       1
       3
       0
       0
       1
       1
       0
       0
       0
       2
       1
       0
       3
       0
       0
       1
       1
       0
       0
       0
       0
       0
       1
       0
       0
       1
       0
       0
       0
       0
       1
       0
       1
       0
       0
       0
       1
       0
       0
       0
       0
       0
       0
       0
       1
       0
       0
       0
       0
       0
       0
       0
       0
       0
       0
       0
       0
       0
       0
       0
       0
       1
       1
       0
       1
       0
       0
       1
       0
       0
       1
       0
       0
       0
       0
       0
       0
       0
       0
       0
       0
       0
       0
       0
       0
       0
       0
       0
       0
       0
       0
       0
       0
       0
       0
       0
       0
       0
       0
       0
       0
       0
       0
       0
       0
       0
       0
       0
       0
$ROI:
2
425 561
973 1142
$PRESETS:
None
0
0
$ENER_FIT:
-54.092594 1.465894
$MCA_CAL:
3
-5.409259E+001 1.465894E+000 -4.602540E-005 keV
$SHAPE_CAL:
3
-5.474841E+001 2.638014E-001 -1.572140E-004
