$SPEC_ID:
No sample description was entered.
$SPEC_REM:
DET# 4
DETDESC# RBS-D MCB 129 Input 2
AP# Maestro Version 6.08
$DATE_MEA:
01/01/2008 02:10:06
$MEAS_TIM:
823 849
$DATA:
0 2047
       0
       0
       0
       0
       0
    1857
     884
     842
     851
     859
     812
     815
     853
     834
     842
     932
     875
     889
     946
     961
    1049
    1291
    1651
    2606
    3933
    5635
    6500
    6527
    5792
    4845
    3520
    2690
    2071
    1705
    1477
    1242
    1199
    1129
    1077
    1145
    1124
    1182
    1128
    1102
    1171
    1239
    1253
    1284
    1324
    1313
    1373
    1447
    1494
    1506
    1573
    1566
    1577
    1634
    1617
    1637
    1685
    1653
    1766
    1765
    1813
    1748
    1745
    1786
    1857
    1750
    1798
    1851
    1835
    1770
    1799
    1826
    1841
    1759
    1880
    1828
    1807
    1796
    1825
    1773
    1869
    1848
    1810
    1838
    1757
    1813
    1876
    1809
    1725
    1870
    1778
    1780
    1804
    1773
    1835
    1803
    1851
    1784
    1797
    1808
    1706
    1671
    1751
    1795
    1688
    1715
    1746
    1678
    1658
    1755
    1677
    1617
    1663
    1596
    1626
    1662
    1652
    1645
    1599
    1586
    1558
    1611
    1613
    1616
    1520
    1590
    1529
    1515
    1549
    1555
    1572
    1603
    1592
    1614
    1594
    1638
    1708
    1714
    1767
    1778
    1818
    1801
    1865
    1804
    1802
    1932
    1865
    1790
    1801
    1783
    1819
    1687
    1764
    1622
    1668
    1604
    1645
    1643
    1570
    1535
    1580
    1530
    1508
    1533
    1508
    1454
    1463
    1420
    1434
    1455
    1466
    1457
    1440
    1493
    1416
    1491
    1435
    1423
    1485
    1463
    1466
    1391
    1399
    1403
    1424
    1413
    1379
    1424
    1346
    1343
    1298
    1245
    1323
    1304
    1320
    1278
    1255
    1246
    1228
    1272
    1261
    1253
    1220
    1232
    1175
    1178
    1162
    1171
    1122
    1157
    1134
    1166
    1107
    1170
    1172
    1114
    1063
    1151
    1082
    1156
    1187
    1084
    1098
    1087
    1066
    1092
    1066
    1113
    1113
    1046
    1048
    1062
    1004
    1075
     981
    1028
     990
    1015
    1061
     973
     980
     972
     979
     965
     969
     917
     993
     990
     990
     991
     928
    1029
     983
     994
     956
     927
    1019
     956
     991
    1000
     903
     917
     967
     903
     933
     908
     973
     954
     890
     901
     935
     918
     950
     877
     957
     900
     923
     963
     888
     894
     873
     866
     948
     873
     872
     884
     944
     882
     845
     936
     874
     885
     903
     897
     910
     916
     932
     912
     865
     892
     873
     899
     932
     903
     937
     840
     893
     868
     895
     884
     954
     918
     920
     904
     942
     907
     899
    1005
     925
     973
     887
     945
     976
     931
     919
     896
     823
     914
     884
     837
     862
     820
     837
     772
     773
     779
     773
     761
     715
     712
     679
     684
     690
     656
     648
     589
     585
     613
     573
     539
     503
     561
     501
     489
     431
     458
     453
     464
     432
     402
     444
     354
     380
     364
     356
     346
     306
     331
     330
     284
     300
     273
     284
     247
     261
     255
     247
     230
     231
     240
     214
     231
     230
     195
     229
     203
     189
     198
     179
     199
     193
     154
     183
     170
     170
     166
     141
     155
     136
     148
     165
     147
     145
     124
     159
     130
     141
     123
     161
     132
     149
     127
     146
     124
     124
     124
     125
     154
     138
     121
     137
     140
     136
     133
     141
     159
     130
     152
     144
     119
     146
     148
     174
     167
     180
     152
     158
     180
     172
     195
     166
     217
     216
     249
     245
     286
     289
     362
     334
     364
     407
     447
     486
     515
     627
     636
     751
     800
     829
     968
    1058
    1128
    1239
    1429
    1477
    1648
    1755
    1925
    2089
    2245
    2365
    2595
    2735
    2983
    3012
    3143
    3345
    3500
    3908
    3955
    4191
    4206
    4385
    4456
    4659
    4773
    4909
    4941
    4826
    5006
    5025
    4991
    4940
    4958
    4809
    4747
    4529
    4528
    4418
    4341
    3956
    3829
    3793
    3508
    3442
    3144
    2978
    2788
    2468
    2471
    2235
    2063
    1849
    1661
    1554
    1517
    1307
    1173
    1072
     978
     869
     751
     710
     596
     528
     483
     391
     344
     336
     290
     261
     214
     206
     181
     142
     128
     120
     103
      87
      96
      64
      69
      54
      60
      46
      47
      49
      51
      45
      36
      40
      33
      50
      42
      47
      29
      40
      33
      25
      31
      25
      39
      30
      44
      31
      23
      30
      40
      34
      29
      31
      36
      37
      34
      35
      35
      29
      24
      27
      25
      29
      33
      25
      42
      17
      39
      30
      34
      28
      29
      27
      16
      32
      34
      30
      29
      21
      28
      43
      40
      31
      34
      35
      31
      37
      34
      26
      32
      27
      31
      19
      30
      28
      26
      21
      21
      24
      20
      37
      30
      36
      27
      26
      16
      19
      31
      29
      47
      24
      27
      23
      29
      25
      30
      25
      29
      29
      22
      32
      26
      13
      26
      24
      25
      23
      22
      26
      31
      18
      36
      36
      31
      26
      28
      34
      32
      22
      21
      19
      23
      22
      35
      23
      33
      18
      29
      24
      30
      24
      25
      32
      29
      26
      22
      33
      32
      32
      25
      29
      28
      28
      34
      19
      22
      18
      29
      23
      29
      26
      30
      27
      28
      33
      38
      22
      21
      19
      24
      26
      28
      20
      20
      19
      23
      36
      32
      20
      21
      22
      30
      20
      31
      29
      27
      27
      17
      17
      15
      21
      23
      23
      27
      22
      24
      20
      22
      19
      17
      15
      17
      13
      14
      30
      17
      18
      25
      16
      22
      19
      17
      17
       9
      19
      20
      21
      23
      21
      23
      17
      22
      27
      22
      21
      15
      15
      19
      17
      21
      20
      21
      20
      17
      25
      14
      20
      23
       9
      28
      14
      18
      16
      14
      13
      35
      17
      18
      17
      19
      26
       9
      23
      24
      11
      17
      16
      18
      13
      17
      12
      17
      21
      17
      17
      17
      18
      11
      19
      17
      18
      14
      23
      30
      29
      23
      20
      19
      22
      17
      19
      17
      16
      23
      28
      18
      16
      18
      21
      18
      21
      22
      14
      13
      26
      25
      26
      19
      14
      23
      23
      21
      17
      18
      22
      20
      14
      19
      14
      21
      16
      20
      14
      13
      20
      12
      18
      14
      14
      14
      14
      19
      11
      10
      14
      11
      17
      10
      11
       8
      13
      16
      15
      16
      20
       6
      18
      16
      11
      18
      15
      15
      14
      12
      16
      15
       9
      10
       8
      16
      10
      15
      11
      12
      15
      13
      10
      10
      20
      18
      15
      20
      12
       9
      18
      13
       9
       8
       9
       6
      14
       9
      27
      13
      10
      12
      12
      12
       7
      14
      10
       8
      10
      12
      12
      13
       6
       6
      11
      10
       8
      16
      19
      12
      11
      16
      14
       8
       6
      11
       8
       8
      10
      19
       9
       8
       8
      11
       9
      10
      11
      13
      10
       7
      15
      10
       4
       4
       5
      10
       8
      13
       9
      12
       6
       7
      11
       9
       8
      10
       9
      15
      10
      11
       8
       8
       7
       7
       8
       7
       7
       9
      10
       8
      11
       7
       4
      11
      16
       7
      10
       7
      15
       9
       3
       6
       8
       9
       8
      14
      13
       9
       7
       7
       6
      10
       8
       8
       8
      10
      11
      13
      15
      11
       7
       9
      10
       8
      14
       9
       5
      12
      18
      11
      10
       8
      13
      17
      16
      13
      14
       9
      11
       9
      16
      16
      11
      12
      16
      17
      12
      10
      11
      11
      16
      18
      24
      14
      27
      19
      26
      32
      13
      22
      22
      21
      22
      23
      28
      20
      26
      19
      29
      17
      29
      30
      29
      26
      23
      25
      18
      20
      36
      26
      27
      25
      29
      24
      24
      26
      23
      16
      25
      19
      30
      29
      19
      16
      27
      13
      17
      15
      15
      14
      13
      21
      17
      12
      16
       9
      12
      11
      17
       9
      22
      12
       8
      19
      12
      11
       9
       7
       8
      12
       7
       5
       9
       5
       4
       7
       6
       7
       4
       7
       4
       8
       3
       8
       5
      10
       5
       5
       8
       3
       6
       2
       2
       1
       3
       3
       2
       3
       7
       3
      10
       2
       5
       3
       1
       4
       6
       5
       3
       1
       3
       2
       5
       1
       3
       4
       3
       4
       6
       2
       4
       5
       8
       7
       3
       4
       1
       3
       5
       5
       3
       4
       5
       2
       4
       2
       4
       5
       2
       3
       3
       4
       4
       1
       2
       3
       4
       3
       4
       3
       4
       4
       5
       1
       0
       4
       3
       0
       2
       2
       4
       6
       2
       1
       2
       3
       4
       4
       2
       4
       1
       2
       3
       2
       4
       3
       1
       2
       6
       2
       1
       1
       2
       1
       2
       3
       3
       1
       5
       2
       3
       3
       3
       4
       3
       1
       5
       3
       3
       6
       4
       1
       2
       5
       6
       1
       4
       3
       4
       2
       3
       4
       4
       4
       2
       3
       0
       2
       4
       3
       3
       7
       6
       3
       3
       3
       1
       4
       3
       2
       4
       5
       8
       4
       7
       5
       3
       3
       3
       8
       4
       6
       6
       5
       2
       2
       5
       5
       2
       5
      10
       2
       2
       4
       5
       6
       5
       3
       1
       2
       0
       2
       4
       3
       3
       3
       6
       6
       2
       5
       6
       6
       2
       5
       4
       3
       3
       4
       1
       1
       6
       3
       3
       4
       5
       2
       3
       3
       6
       1
       4
       0
       2
       1
       3
       1
       0
       6
       3
       3
       5
       5
       2
       5
       0
       6
       5
       5
       2
       3
       1
       1
       3
       4
       2
       0
       4
       1
       4
       2
       1
       2
       3
       0
       2
       2
       3
       2
       2
       1
       0
       3
       2
       3
       1
       2
       2
       0
       2
       4
       2
       3
       1
       2
       3
       1
       0
       4
       2
       3
       3
       2
       6
       3
       2
       3
       2
       2
       1
       5
       3
       1
       2
       2
       1
       3
       1
       0
       4
       1
       1
       2
       1
       1
       2
       3
       0
       1
       2
       3
       1
       2
       2
       0
       2
       2
       3
       1
       2
       0
       0
       1
       2
       1
       5
       4
       1
       0
       2
       0
       6
       1
       0
       0
       1
       0
       1
       2
       2
       2
       0
       1
       0
       5
       1
       1
       3
       1
       3
       1
       5
       2
       1
       1
       1
       2
       5
       1
       0
       1
       0
       1
       1
       2
       1
       4
       3
       0
       1
       2
       3
       2
       3
       2
       0
       3
       1
       5
       1
       1
       1
       3
       2
       0
       2
       1
       2
       1
       2
       2
       2
       1
       2
       3
       1
       2
       6
       2
       3
       1
       4
       4
       1
       4
       2
       0
       2
       1
       4
       2
       1
       2
       3
       2
       3
       0
       2
       1
       1
       1
       3
       5
       2
       3
       3
       2
       2
       3
       2
       2
       0
       1
       1
       1
       4
       0
       3
       3
       6
       4
       3
       4
       5
       1
       3
       1
       1
       0
       1
       2
       2
       3
       2
       2
       1
       2
       1
       4
       0
       4
       1
       0
       2
       1
       1
       3
       3
       0
       2
       0
       5
       3
       4
       2
       3
       4
       1
       1
       4
       1
       1
       2
       2
       2
       2
       4
       4
       2
       1
       1
       0
       1
       0
       3
       1
       2
       0
       2
       0
       2
       3
       0
       1
       4
       1
       3
       4
       3
       4
       0
       2
       1
       1
       0
       1
       1
       3
       4
       0
       2
       5
       0
       2
       2
       2
       1
       2
       2
       1
       0
       1
       0
       3
       2
       2
       3
       2
       0
       1
       1
       4
       2
       4
       3
       2
       2
       2
       3
       2
       2
       1
       3
       1
       1
       3
       2
       2
       1
       0
       1
       1
       2
       2
       2
       1
       3
       0
       3
       1
       0
       0
       2
       2
       1
       0
       3
       0
       2
       3
       2
       0
       2
       2
       1
       0
       0
       1
       1
       1
       0
       1
       4
       0
       1
       1
       2
       3
       1
       1
       1
       3
       0
       1
       0
       0
       1
       1
       0
       1
       0
       0
       0
       0
       1
       1
       3
       1
       0
       2
       0
       1
       0
       1
       1
       0
       0
       0
       3
       1
       2
       1
       0
       0
       0
       0
       0
       0
       1
       2
       2
       0
       0
       3
       0
       0
       0
       0
       1
       0
       0
       2
       2
       0
       0
       0
       0
       1
       1
       0
       0
       0
       1
       0
       0
       0
       1
       0
       0
       0
       0
       0
       0
       2
       0
       1
       1
       0
       1
       1
       0
       1
       1
       1
       0
       0
       0
       1
       0
       0
       1
       0
       0
       0
       1
       0
       1
       0
       1
       0
       0
       1
       1
       0
       3
       1
       0
       2
       1
       0
       0
       0
       0
       0
       0
       1
       0
       0
       0
       0
       0
       1
       2
       2
       4
       0
       1
       4
       2
       2
       2
       1
       2
       2
       4
       2
       1
       1
       2
       0
       0
       2
       1
       3
       3
       2
       3
       1
       3
       2
       1
       4
       2
       1
       1
       2
       4
       3
       1
       2
       1
       2
       1
       4
       2
       1
       3
       2
       2
       1
       1
       1
       0
       1
       1
       1
       4
       3
       4
       3
       3
       0
       2
       3
       4
       2
       1
       2
       4
       6
       2
       2
       0
       1
       1
       3
       4
       2
       1
       2
       1
       1
       4
       5
       1
       1
       1
       1
       2
       1
       2
       1
       0
       1
       1
       1
       1
       3
       0
       2
       3
       1
       2
       1
       1
       2
       0
       0
       0
       0
       4
       0
       2
       3
       1
       3
       0
       0
       1
       1
       0
       0
       0
       2
       0
       0
       3
       0
       0
       1
       1
       0
       0
       0
       0
       0
       1
       0
       0
       1
       0
       0
       0
       0
       1
       0
       1
       0
       0
       0
       1
       0
       0
       0
       0
       0
       0
       0
       1
       0
       0
       0
       0
       0
       0
       0
       0
       0
       0
       0
       0
       0
       0
       0
       0
       1
       1
       0
       1
       0
       0
       1
       0
       0
       1
       0
       0
       0
       0
       0
       0
       0
       0
       0
       0
       0
       0
       0
       0
       0
       0
       0
       0
       0
       0
       0
       0
       0
       0
       0
       0
       0
       0
       0
       0
       0
       0
       0
       0
       0
       0
       0
       0
$ROI:
2
425 561
973 1142
$PRESETS:
None
0
0
$ENER_FIT:
-54.092594 1.465894
$MCA_CAL:
3
-5.409259E+001 1.465894E+000 -4.602540E-005 keV
$SHAPE_CAL:
3
-5.474841E+001 2.638014E-001 -1.572140E-004
