$SPEC_ID:
No sample description was entered.
$SPEC_REM:
DET# 4
DETDESC# RBS-D MCB 129 Input 2
AP# Maestro Version 6.08
$DATE_MEA:
01/01/2008 02:07:59
$MEAS_TIM:
687 709
$DATA:
0 2047
       0
       0
       0
       0
       0
    1559
     724
     704
     685
     721
     703
     644
     712
     690
     698
     790
     725
     734
     786
     802
     880
    1073
    1370
    2207
    3294
    4664
    5429
    5522
    4854
    4022
    2933
    2268
    1726
    1403
    1242
    1035
     984
     944
     889
     966
     936
     998
     940
     892
     993
    1009
    1053
    1073
    1132
    1101
    1177
    1200
    1252
    1258
    1302
    1316
    1308
    1391
    1345
    1370
    1408
    1392
    1465
    1470
    1507
    1462
    1441
    1494
    1527
    1476
    1496
    1554
    1513
    1455
    1509
    1559
    1544
    1454
    1582
    1518
    1526
    1485
    1526
    1464
    1586
    1545
    1486
    1500
    1502
    1498
    1592
    1503
    1464
    1580
    1482
    1494
    1508
    1467
    1506
    1494
    1515
    1508
    1530
    1492
    1435
    1413
    1468
    1510
    1416
    1448
    1475
    1389
    1374
    1465
    1391
    1346
    1373
    1334
    1387
    1405
    1366
    1369
    1317
    1316
    1337
    1351
    1341
    1359
    1291
    1319
    1270
    1226
    1287
    1304
    1311
    1327
    1335
    1335
    1343
    1365
    1405
    1404
    1480
    1470
    1516
    1498
    1534
    1476
    1525
    1595
    1517
    1495
    1506
    1472
    1524
    1396
    1454
    1353
    1364
    1366
    1388
    1383
    1299
    1319
    1324
    1258
    1264
    1279
    1264
    1222
    1219
    1183
    1204
    1180
    1208
    1227
    1214
    1234
    1180
    1212
    1232
    1194
    1246
    1231
    1238
    1152
    1154
    1171
    1183
    1177
    1125
    1206
    1126
    1109
    1069
    1058
    1109
    1084
    1096
    1056
    1045
    1044
    1034
    1073
    1054
    1027
    1018
    1024
     986
     962
     950
     984
     924
     963
     949
     970
     933
     981
     987
     928
     868
     950
     895
     966
     999
     915
     937
     904
     903
     910
     918
     930
     903
     879
     878
     888
     806
     903
     812
     878
     832
     843
     893
     805
     828
     819
     799
     798
     825
     773
     822
     804
     802
     836
     772
     848
     796
     840
     790
     778
     827
     805
     838
     837
     744
     753
     804
     744
     770
     771
     820
     804
     764
     761
     788
     761
     794
     723
     806
     751
     771
     806
     731
     734
     719
     729
     814
     727
     741
     740
     796
     755
     712
     788
     717
     738
     763
     732
     759
     774
     773
     756
     727
     731
     735
     754
     781
     745
     791
     706
     735
     727
     750
     746
     804
     772
     779
     754
     797
     745
     771
     848
     770
     815
     727
     796
     806
     799
     755
     758
     702
     748
     739
     692
     697
     688
     696
     645
     655
     633
     668
     621
     609
     582
     561
     559
     583
     553
     550
     514
     486
     507
     489
     445
     429
     461
     427
     418
     361
     385
     383
     392
     361
     335
     380
     295
     327
     314
     294
     292
     258
     277
     279
     233
     262
     231
     239
     194
     227
     214
     211
     191
     202
     194
     178
     192
     196
     170
     184
     171
     163
     167
     146
     166
     160
     126
     149
     146
     135
     141
     117
     132
     120
     128
     138
     124
     118
     104
     139
     109
     115
     106
     136
     112
     119
     106
     120
     108
     100
     107
     105
     134
     114
     104
     118
     121
     118
     111
     115
     139
     100
     126
     120
     105
     127
     127
     144
     141
     154
     122
     131
     150
     141
     152
     141
     178
     177
     200
     189
     237
     244
     298
     288
     304
     345
     374
     408
     425
     527
     542
     635
     663
     699
     808
     889
     942
    1016
    1206
    1231
    1378
    1465
    1596
    1737
    1897
    1956
    2147
    2246
    2488
    2507
    2667
    2774
    2923
    3235
    3302
    3491
    3510
    3652
    3715
    3906
    4020
    4115
    4122
    4034
    4180
    4200
    4202
    4139
    4121
    4048
    3961
    3793
    3742
    3648
    3675
    3326
    3200
    3191
    2912
    2877
    2605
    2504
    2315
    2064
    2078
    1883
    1745
    1527
    1391
    1291
    1265
    1083
     982
     885
     841
     733
     617
     608
     513
     436
     408
     329
     293
     285
     237
     224
     180
     173
     158
     114
     112
      99
      86
      71
      81
      55
      57
      41
      57
      41
      35
      41
      45
      40
      33
      36
      28
      43
      36
      40
      25
      36
      28
      21
      25
      23
      29
      25
      32
      27
      18
      21
      34
      33
      21
      28
      30
      29
      30
      32
      28
      25
      22
      21
      22
      22
      30
      23
      34
      15
      33
      25
      27
      25
      23
      26
      13
      27
      22
      25
      24
      18
      25
      35
      36
      26
      30
      32
      25
      27
      28
      23
      28
      24
      27
      17
      25
      24
      20
      17
      17
      19
      19
      32
      26
      27
      20
      22
      12
      15
      23
      26
      42
      20
      25
      20
      21
      20
      25
      19
      24
      21
      19
      28
      23
      12
      22
      20
      19
      18
      18
      19
      29
      14
      32
      28
      24
      22
      22
      24
      29
      19
      19
      18
      20
      19
      28
      17
      23
      15
      24
      21
      25
      19
      22
      26
      26
      24
      16
      29
      30
      25
      19
      24
      23
      26
      29
      16
      18
      13
      26
      23
      23
      24
      24
      27
      25
      28
      32
      17
      20
      16
      20
      15
      23
      17
      15
      17
      19
      26
      23
      16
      15
      17
      26
      14
      27
      23
      24
      21
      13
      17
      14
      18
      21
      16
      24
      17
      23
      15
      18
      17
      16
      14
      17
      10
      13
      27
      14
      16
      21
      14
      21
      17
      13
      13
       9
      13
      15
      17
      19
      17
      21
      16
      17
      21
      17
      18
      14
      11
      17
      12
      17
      18
      16
      17
      11
      21
      13
      19
      19
       8
      20
      13
      13
      15
      14
      12
      31
      17
      13
      13
      15
      21
       7
      19
      20
      11
      12
      16
      15
      13
      16
       7
      15
      20
      11
      13
      16
      15
      10
      17
      14
      12
      10
      16
      24
      20
      19
      18
      15
      16
      17
      18
      14
      13
      21
      23
      18
      14
      16
      17
      15
      19
      20
      12
      12
      20
      21
      25
      16
      13
      21
      20
      17
      12
      16
      17
      18
      13
      15
      12
      17
      15
      16
      13
      13
      16
       9
      16
       9
      12
      12
      12
      16
       7
       8
      12
       9
      17
       9
      10
       5
       8
      15
      13
      16
      17
       4
      15
      11
       8
      18
      14
      13
      13
      11
      15
      11
       8
       7
       6
      14
       9
      14
       9
      11
      13
      12
       9
       9
      13
      17
      13
      18
       9
       8
      16
      12
       7
       5
       7
       5
      14
       7
      20
       9
      10
      11
      10
      10
       7
      13
       7
       6
       9
      10
       7
      13
       6
       5
      10
       7
       7
      14
      15
      11
       8
      14
      10
       6
       6
      11
       7
       7
       8
      17
       7
       6
       5
       8
       7
       7
       9
      11
      10
       6
      10
       9
       3
       3
       5
       9
       7
      11
       9
      10
       6
       7
      10
       6
       7
       9
       9
      10
      10
       9
       6
       5
       4
       6
       5
       6
       6
       7
       8
       7
       8
       6
       4
       9
      14
       7
       7
       6
      12
       8
       2
       6
       7
       5
       8
      13
      12
       7
       6
       7
       5
       8
       7
       7
       8
       8
       8
      10
      13
       9
       6
       7
       9
       6
      13
       9
       4
      10
      18
      10
      10
       4
      12
      14
      14
      11
      10
       6
       9
       6
      12
      14
      10
      11
      15
      16
       9
       9
      10
       7
      14
      15
      17
      11
      22
      15
      23
      28
      10
      16
      18
      17
      20
      21
      23
      19
      20
      12
      25
      15
      21
      25
      24
      23
      17
      21
      15
      17
      30
      20
      21
      20
      25
      16
      19
      22
      19
      14
      21
      14
      27
      24
      16
      14
      22
      11
      14
      11
      13
      12
      12
      16
      14
      11
      12
       9
      11
       9
      14
       8
      18
       9
       7
      16
      10
      10
       6
       6
       8
      10
       5
       5
       8
       5
       3
       4
       6
       6
       4
       6
       3
       5
       3
       7
       5
       9
       4
       3
       7
       3
       5
       1
       1
       1
       3
       1
       2
       3
       7
       2
       9
       1
       2
       3
       0
       3
       5
       2
       3
       1
       3
       1
       5
       1
       3
       3
       2
       4
       6
       2
       2
       4
       6
       6
       2
       2
       1
       3
       4
       3
       3
       4
       5
       2
       4
       2
       3
       4
       2
       3
       2
       4
       3
       1
       2
       2
       4
       3
       3
       2
       2
       4
       3
       1
       0
       4
       3
       0
       1
       2
       4
       6
       2
       1
       1
       2
       4
       3
       2
       3
       1
       2
       1
       2
       2
       3
       1
       2
       4
       2
       1
       1
       2
       1
       2
       3
       2
       1
       5
       2
       0
       2
       3
       1
       2
       1
       5
       3
       3
       6
       2
       1
       2
       5
       5
       1
       3
       3
       2
       2
       2
       3
       4
       2
       2
       2
       0
       2
       3
       3
       3
       6
       5
       3
       3
       3
       1
       3
       3
       2
       4
       4
       6
       3
       5
       5
       3
       2
       3
       6
       3
       4
       5
       4
       1
       2
       5
       4
       2
       4
       8
       2
       2
       4
       3
       5
       5
       3
       1
       1
       0
       2
       4
       3
       3
       3
       5
       3
       1
       4
       6
       2
       1
       4
       4
       3
       3
       2
       1
       1
       5
       3
       2
       4
       4
       1
       3
       3
       4
       1
       2
       0
       2
       1
       2
       0
       0
       6
       3
       3
       3
       3
       2
       4
       0
       5
       2
       5
       2
       3
       1
       1
       3
       4
       2
       0
       4
       0
       4
       1
       1
       2
       2
       0
       2
       2
       3
       2
       2
       1
       0
       2
       2
       2
       1
       2
       2
       0
       1
       2
       2
       2
       1
       1
       1
       1
       0
       4
       2
       3
       2
       1
       5
       3
       2
       2
       1
       2
       1
       5
       3
       1
       2
       1
       0
       3
       1
       0
       3
       1
       1
       1
       1
       1
       2
       3
       0
       1
       2
       3
       1
       1
       2
       0
       1
       2
       3
       1
       1
       0
       0
       1
       2
       1
       5
       3
       0
       0
       2
       0
       6
       1
       0
       0
       1
       0
       1
       1
       1
       1
       0
       1
       0
       3
       1
       0
       3
       1
       3
       1
       3
       0
       0
       1
       0
       2
       5
       1
       0
       1
       0
       1
       1
       2
       1
       4
       3
       0
       1
       2
       3
       1
       1
       2
       0
       3
       1
       5
       0
       0
       1
       2
       1
       0
       0
       1
       2
       0
       2
       2
       2
       1
       2
       1
       1
       1
       6
       1
       2
       1
       4
       4
       1
       3
       2
       0
       1
       1
       3
       1
       1
       2
       1
       2
       1
       0
       2
       1
       1
       1
       3
       5
       2
       3
       3
       2
       2
       3
       2
       2
       0
       1
       1
       1
       2
       0
       2
       2
       5
       3
       3
       3
       3
       1
       2
       1
       1
       0
       0
       2
       1
       2
       2
       2
       1
       2
       1
       3
       0
       4
       1
       0
       1
       0
       1
       2
       2
       0
       1
       0
       5
       3
       3
       1
       2
       3
       0
       0
       4
       1
       1
       1
       2
       2
       2
       2
       4
       1
       1
       0
       0
       0
       0
       3
       1
       2
       0
       2
       0
       2
       3
       0
       1
       3
       0
       3
       3
       3
       4
       0
       1
       1
       1
       0
       0
       1
       3
       3
       0
       1
       4
       0
       2
       2
       2
       1
       2
       1
       1
       0
       1
       0
       3
       2
       2
       2
       1
       0
       1
       1
       4
       2
       2
       3
       1
       1
       1
       3
       2
       2
       1
       2
       1
       1
       3
       2
       2
       1
       0
       1
       1
       2
       2
       2
       0
       3
       0
       3
       1
       0
       0
       0
       2
       1
       0
       2
       0
       1
       3
       1
       0
       2
       2
       1
       0
       0
       1
       1
       1
       0
       1
       2
       0
       0
       1
       1
       1
       1
       1
       1
       3
       0
       1
       0
       0
       1
       0
       0
       0
       0
       0
       0
       0
       1
       1
       2
       1
       0
       2
       0
       1
       0
       1
       1
       0
       0
       0
       3
       1
       2
       1
       0
       0
       0
       0
       0
       0
       0
       2
       2
       0
       0
       2
       0
       0
       0
       0
       1
       0
       0
       2
       2
       0
       0
       0
       0
       1
       1
       0
       0
       0
       1
       0
       0
       0
       1
       0
       0
       0
       0
       0
       0
       2
       0
       1
       0
       0
       1
       1
       0
       1
       1
       1
       0
       0
       0
       1
       0
       0
       1
       0
       0
       0
       1
       0
       1
       0
       0
       0
       0
       1
       0
       0
       3
       1
       0
       2
       1
       0
       0
       0
       0
       0
       0
       1
       0
       0
       0
       0
       0
       1
       1
       2
       4
       0
       1
       3
       2
       2
       2
       1
       2
       2
       3
       2
       0
       1
       2
       0
       0
       1
       1
       3
       3
       2
       2
       1
       2
       1
       1
       4
       2
       1
       1
       2
       4
       3
       1
       1
       1
       2
       1
       4
       2
       1
       3
       2
       0
       1
       1
       0
       0
       0
       0
       0
       4
       2
       3
       2
       3
       0
       2
       3
       2
       2
       0
       2
       4
       6
       2
       2
       0
       1
       1
       3
       4
       1
       1
       2
       1
       1
       4
       5
       0
       1
       1
       1
       2
       1
       2
       0
       0
       1
       1
       1
       1
       3
       0
       1
       1
       1
       0
       1
       1
       2
       0
       0
       0
       0
       3
       0
       2
       3
       1
       3
       0
       0
       1
       1
       0
       0
       0
       2
       0
       0
       3
       0
       0
       1
       0
       0
       0
       0
       0
       0
       1
       0
       0
       1
       0
       0
       0
       0
       1
       0
       1
       0
       0
       0
       1
       0
       0
       0
       0
       0
       0
       0
       0
       0
       0
       0
       0
       0
       0
       0
       0
       0
       0
       0
       0
       0
       0
       0
       0
       0
       1
       0
       0
       0
       0
       0
       0
       0
       1
       0
       0
       0
       0
       0
       0
       0
       0
       0
       0
       0
       0
       0
       0
       0
       0
       0
       0
       0
       0
       0
       0
       0
       0
       0
       0
       0
       0
       0
       0
       0
       0
       0
       0
       0
       0
       0
       0
$ROI:
2
425 561
973 1142
$PRESETS:
None
0
0
$ENER_FIT:
-54.092594 1.465894
$MCA_CAL:
3
-5.409259E+001 1.465894E+000 -4.602540E-005 keV
$SHAPE_CAL:
3
-5.474841E+001 2.638014E-001 -1.572140E-004
