$SPEC_ID:
No sample description was entered.
$SPEC_REM:
DET# 4
DETDESC# RBS-D MCB 129 Input 2
AP# Maestro Version 6.08
$DATE_MEA:
01/01/2008 02:16:03
$MEAS_TIM:
973 1003
$DATA:
0 2047
       0
       0
       0
       0
       0
    2165
    1027
    1001
    1002
    1004
     963
     966
    1011
     970
    1004
    1104
    1034
    1059
    1129
    1165
    1233
    1548
    1960
    3066
    4663
    6721
    7632
    7661
    6813
    5706
    4183
    3163
    2442
    2015
    1748
    1455
    1436
    1329
    1266
    1348
    1323
    1380
    1334
    1313
    1390
    1442
    1476
    1511
    1561
    1559
    1628
    1736
    1753
    1788
    1857
    1880
    1863
    1925
    1921
    1952
    1997
    1988
    2095
    2096
    2154
    2077
    2084
    2085
    2181
    2095
    2121
    2177
    2183
    2070
    2127
    2135
    2188
    2112
    2173
    2188
    2133
    2128
    2167
    2128
    2199
    2177
    2160
    2163
    2101
    2157
    2180
    2121
    2036
    2207
    2100
    2114
    2118
    2107
    2152
    2121
    2177
    2123
    2107
    2125
    2026
    1994
    2067
    2135
    1956
    2031
    2062
    1967
    1941
    2056
    1982
    1925
    1946
    1940
    1912
    1989
    1949
    1935
    1866
    1882
    1848
    1914
    1891
    1919
    1819
    1885
    1809
    1815
    1817
    1872
    1889
    1912
    1884
    1915
    1886
    1937
    2032
    2005
    2098
    2088
    2117
    2121
    2197
    2116
    2122
    2260
    2214
    2100
    2101
    2093
    2138
    2013
    2077
    1922
    1979
    1914
    1927
    1948
    1852
    1819
    1874
    1778
    1761
    1802
    1787
    1725
    1723
    1695
    1687
    1701
    1735
    1688
    1709
    1745
    1652
    1768
    1720
    1701
    1721
    1750
    1712
    1652
    1642
    1658
    1665
    1675
    1636
    1694
    1596
    1575
    1529
    1486
    1553
    1563
    1549
    1533
    1483
    1485
    1477
    1489
    1484
    1500
    1452
    1432
    1397
    1413
    1381
    1389
    1347
    1380
    1331
    1377
    1310
    1382
    1383
    1326
    1265
    1361
    1285
    1379
    1385
    1299
    1298
    1278
    1280
    1286
    1264
    1327
    1309
    1214
    1237
    1242
    1174
    1251
    1183
    1192
    1161
    1197
    1263
    1164
    1178
    1153
    1176
    1149
    1165
    1074
    1143
    1170
    1154
    1170
    1117
    1216
    1148
    1181
    1136
    1090
    1195
    1130
    1154
    1177
    1064
    1087
    1142
    1089
    1122
    1082
    1158
    1129
    1063
    1051
    1097
    1097
    1120
    1043
    1120
    1065
    1105
    1152
    1061
    1056
     999
    1028
    1136
    1006
    1031
    1052
    1090
    1050
    1004
    1103
    1019
    1030
    1069
    1043
    1071
    1092
    1117
    1052
    1047
    1056
    1036
    1051
    1088
    1080
    1121
    1022
    1062
    1019
    1051
    1043
    1121
    1067
    1075
    1077
    1099
    1086
    1063
    1175
    1076
    1129
    1049
    1106
    1146
    1112
    1101
    1071
     962
    1067
    1052
     996
    1030
     980
     991
     917
     930
     918
     922
     911
     857
     834
     795
     808
     794
     778
     762
     704
     694
     716
     693
     644
     601
     641
     582
     579
     518
     549
     538
     560
     510
     481
     509
     419
     450
     429
     409
     419
     358
     383
     381
     337
     356
     327
     342
     300
     316
     306
     293
     277
     278
     286
     250
     284
     261
     236
     275
     249
     223
     241
     204
     244
     222
     187
     214
     195
     200
     193
     171
     194
     165
     174
     191
     176
     181
     149
     190
     160
     169
     149
     180
     158
     174
     160
     164
     147
     149
     150
     158
     184
     163
     149
     165
     159
     163
     160
     170
     180
     160
     174
     176
     146
     172
     178
     202
     198
     206
     183
     180
     215
     199
     230
     190
     254
     261
     283
     297
     335
     354
     436
     411
     442
     492
     533
     568
     616
     742
     750
     875
     927
     992
    1147
    1262
    1346
    1466
    1713
    1752
    1945
    2043
    2280
    2450
    2646
    2835
    3062
    3234
    3484
    3564
    3762
    3974
    4149
    4575
    4676
    4904
    4963
    5203
    5266
    5496
    5636
    5850
    5809
    5716
    5898
    5934
    5926
    5864
    5808
    5718
    5654
    5349
    5353
    5238
    5157
    4686
    4526
    4462
    4123
    4063
    3728
    3546
    3300
    2930
    2887
    2629
    2433
    2215
    1984
    1845
    1774
    1550
    1369
    1266
    1175
    1030
     886
     826
     701
     628
     566
     458
     418
     381
     348
     304
     254
     238
     213
     167
     158
     139
     125
     105
     115
      80
      81
      65
      73
      59
      57
      64
      59
      53
      46
      47
      39
      56
      51
      51
      35
      44
      38
      28
      37
      32
      46
      36
      51
      41
      27
      32
      48
      39
      37
      36
      42
      40
      38
      43
      39
      36
      28
      28
      30
      32
      37
      30
      47
      22
      44
      33
      40
      38
      34
      36
      17
      39
      40
      35
      37
      24
      34
      51
      45
      39
      38
      39
      36
      43
      36
      30
      35
      33
      35
      22
      35
      34
      32
      22
      22
      29
      28
      40
      35
      41
      33
      31
      19
      26
      34
      33
      52
      29
      33
      29
      31
      32
      35
      32
      32
      33
      27
      36
      32
      22
      28
      30
      31
      28
      26
      34
      35
      20
      40
      37
      38
      31
      30
      37
      36
      25
      24
      29
      27
      25
      36
      30
      37
      19
      31
      30
      33
      32
      31
      36
      32
      29
      24
      39
      34
      37
      30
      34
      38
      35
      42
      23
      28
      22
      36
      26
      34
      28
      38
      33
      32
      37
      44
      24
      29
      25
      29
      29
      35
      26
      25
      21
      25
      41
      34
      24
      25
      29
      35
      25
      39
      34
      30
      33
      23
      20
      16
      22
      25
      28
      33
      27
      28
      25
      26
      23
      20
      18
      22
      22
      18
      36
      21
      23
      28
      20
      31
      22
      20
      18
      13
      22
      23
      22
      27
      22
      26
      22
      23
      28
      22
      24
      16
      16
      21
      21
      23
      22
      22
      23
      19
      28
      21
      23
      23
      13
      29
      17
      22
      18
      17
      16
      40
      24
      20
      19
      19
      28
      11
      29
      26
      12
      18
      20
      21
      15
      22
      16
      22
      28
      19
      18
      20
      20
      17
      20
      21
      20
      14
      25
      31
      33
      30
      26
      22
      23
      21
      24
      19
      20
      26
      31
      21
      22
      25
      23
      23
      24
      26
      15
      17
      31
      27
      29
      22
      17
      28
      25
      24
      17
      21
      28
      23
      17
      20
      19
      23
      18
      22
      17
      19
      22
      15
      19
      19
      19
      17
      17
      23
      12
      13
      15
      16
      20
      11
      15
      11
      15
      19
      17
      18
      23
       8
      20
      18
      13
      22
      21
      18
      16
      15
      18
      17
      12
      15
      10
      19
      11
      18
      12
      15
      16
      16
      13
      12
      23
      18
      18
      21
      13
      11
      21
      14
      10
      10
      10
       8
      15
      13
      29
      13
      12
      14
      17
      14
      13
      16
      10
      10
      14
      13
      13
      16
       9
       8
      14
      12
      12
      16
      21
      12
      13
      18
      15
       9
       6
      12
       8
       8
      11
      19
      10
       8
       9
      12
      10
      13
      15
      15
      11
       8
      15
      12
       6
       6
       5
      11
       9
      14
      11
      13
       6
       9
      12
      13
       8
      11
      11
      15
      14
      11
       8
       9
       9
       9
      10
       8
       7
      10
      11
      10
      11
       9
       6
      12
      17
       9
      10
      11
      16
      11
       5
       7
      10
      10
       8
      15
      14
      13
       8
       9
       7
      12
       9
       9
      11
      13
      13
      13
      16
      11
       9
      10
      10
      10
      17
      11
       6
      14
      23
      11
      14
      10
      15
      18
      18
      14
      16
      11
      13
      14
      19
      16
      12
      15
      18
      18
      16
      13
      16
      12
      18
      21
      27
      16
      31
      24
      26
      37
      13
      24
      28
      23
      27
      31
      29
      20
      30
      23
      32
      22
      37
      36
      32
      30
      27
      32
      22
      25
      46
      30
      28
      30
      36
      27
      27
      28
      26
      18
      29
      22
      33
      34
      19
      20
      28
      18
      22
      18
      18
      19
      14
      26
      19
      13
      19
      10
      14
      12
      19
      11
      23
      12
      11
      20
      15
      11
      10
       8
      13
      12
       7
       8
      11
       5
       7
       7
       7
       7
       8
       8
       5
       8
       3
       9
       6
      11
       5
       5
       8
       4
       6
       3
       2
       1
       4
       3
       3
       5
       7
       3
      12
       3
       5
       3
       3
       4
       8
       5
       3
       1
       4
       3
       5
       1
       4
       5
       3
       4
       6
       4
       5
       5
      10
       8
       5
       4
       2
       5
       7
       6
       3
       5
       5
       2
       5
       2
       5
       6
       2
       3
       3
       6
       6
       1
       2
       3
       5
       5
       4
       3
       4
       6
       6
       1
       0
       4
       5
       0
       3
       3
       4
       8
       4
       2
       3
       5
       4
       4
       3
       5
       2
       2
       4
       2
       5
       3
       1
       3
       6
       3
       2
       2
       2
       2
       3
       3
       3
       1
       6
       2
       3
       3
       4
       5
       3
       1
       5
       4
       4
       7
       4
       1
       2
       8
       7
       1
       5
       4
       5
       2
       3
       4
       5
       4
       2
       3
       0
       2
       5
       4
       3
       9
       6
       4
       4
       3
       1
       6
       5
       2
       4
       6
       8
       6
       9
       7
       3
       4
       3
       9
       4
       6
       9
       5
       3
       4
       6
       5
       2
       5
      10
       3
       2
       4
       5
       9
       5
       4
       1
       3
       0
       3
       5
       3
       4
       3
       7
       8
       3
       6
       6
       6
       2
       5
       4
       5
       3
       5
       1
       1
       7
       4
       3
       4
       5
       3
       3
       5
       6
       2
       4
       0
       2
       1
       3
       2
       1
       8
       4
       3
       6
       5
       2
       7
       0
       6
       6
       6
       2
       3
       3
       1
       4
       6
       2
       1
       4
       1
       5
       2
       1
       2
       4
       0
       2
       4
       4
       4
       2
       1
       0
       3
       2
       3
       1
       2
       2
       1
       2
       4
       2
       3
       1
       2
       3
       1
       0
       4
       2
       3
       3
       3
       7
       3
       3
       4
       2
       2
       1
       5
       3
       1
       2
       2
       1
       3
       1
       0
       4
       2
       1
       2
       2
       1
       2
       3
       1
       1
       2
       3
       1
       2
       3
       0
       2
       2
       3
       1
       2
       0
       1
       1
       2
       2
       5
       4
       1
       1
       3
       1
       6
       1
       1
       0
       2
       1
       1
       2
       2
       2
       0
       1
       2
       6
       1
       1
       3
       1
       4
       1
       5
       2
       1
       1
       1
       2
       6
       1
       0
       1
       0
       1
       1
       3
       1
       4
       3
       2
       1
       2
       5
       2
       3
       2
       0
       3
       1
       6
       1
       1
       1
       3
       4
       1
       2
       1
       2
       2
       2
       2
       2
       2
       2
       3
       1
       3
       6
       2
       3
       1
       4
       4
       3
       5
       2
       1
       3
       3
       4
       2
       1
       3
       3
       2
       3
       0
       2
       1
       2
       1
       3
       5
       2
       3
       5
       3
       2
       5
       3
       2
       1
       1
       1
       2
       4
       0
       3
       3
       7
       7
       4
       4
       6
       1
       4
       1
       2
       1
       1
       3
       3
       4
       2
       2
       2
       3
       2
       4
       1
       5
       1
       0
       3
       1
       2
       3
       3
       1
       2
       0
       5
       3
       4
       2
       3
       5
       1
       1
       4
       1
       1
       2
       2
       3
       3
       4
       4
       2
       1
       1
       0
       1
       0
       3
       1
       2
       0
       3
       0
       2
       4
       0
       2
       6
       2
       4
       4
       3
       4
       0
       2
       1
       1
       1
       1
       1
       4
       4
       0
       2
       6
       1
       2
       2
       2
       1
       2
       2
       1
       0
       1
       0
       5
       3
       2
       3
       2
       0
       1
       1
       4
       3
       5
       4
       2
       2
       2
       3
       2
       3
       2
       3
       1
       1
       3
       3
       2
       1
       1
       1
       1
       2
       3
       2
       1
       4
       0
       3
       1
       0
       0
       3
       3
       2
       0
       3
       0
       3
       3
       2
       0
       2
       2
       1
       0
       0
       1
       2
       1
       0
       1
       4
       0
       2
       2
       2
       4
       1
       1
       1
       3
       0
       1
       1
       0
       1
       1
       0
       1
       0
       0
       0
       0
       1
       1
       3
       1
       0
       2
       0
       1
       0
       2
       1
       0
       0
       2
       3
       1
       2
       1
       0
       0
       1
       0
       0
       0
       1
       2
       2
       0
       0
       3
       0
       0
       0
       0
       1
       0
       0
       3
       2
       0
       0
       0
       0
       3
       2
       0
       1
       0
       1
       0
       0
       0
       1
       0
       0
       0
       0
       0
       0
       2
       0
       2
       1
       0
       1
       1
       0
       1
       1
       1
       0
       0
       0
       1
       0
       0
       1
       0
       0
       1
       1
       0
       1
       1
       1
       0
       0
       1
       1
       0
       3
       1
       0
       3
       1
       0
       0
       0
       0
       1
       0
       1
       0
       0
       0
       0
       0
       1
       2
       2
       4
       0
       1
       4
       2
       2
       2
       1
       2
       2
       5
       2
       1
       2
       2
       0
       0
       3
       2
       3
       3
       2
       5
       1
       3
       2
       1
       4
       2
       1
       1
       3
       4
       4
       2
       2
       1
       2
       1
       4
       2
       1
       3
       3
       2
       1
       2
       1
       0
       1
       1
       2
       5
       3
       4
       3
       3
       1
       3
       3
       5
       3
       2
       2
       4
       7
       4
       2
       1
       1
       2
       3
       4
       3
       1
       2
       1
       1
       4
       5
       1
       1
       1
       2
       2
       2
       2
       1
       0
       1
       2
       2
       1
       3
       0
       3
       3
       2
       2
       1
       2
       2
       0
       0
       1
       0
       4
       0
       3
       3
       1
       3
       0
       0
       1
       1
       0
       0
       0
       2
       1
       0
       3
       0
       0
       1
       1
       0
       0
       0
       0
       0
       1
       0
       0
       1
       0
       0
       0
       0
       1
       0
       1
       0
       0
       0
       1
       0
       0
       0
       0
       0
       0
       0
       1
       0
       1
       0
       0
       0
       0
       0
       0
       0
       0
       0
       0
       0
       0
       0
       0
       1
       1
       1
       1
       0
       0
       1
       0
       0
       1
       0
       0
       0
       0
       0
       0
       0
       0
       0
       0
       0
       0
       0
       0
       0
       0
       0
       0
       0
       0
       0
       0
       0
       0
       0
       0
       0
       0
       0
       0
       0
       0
       0
       0
       0
       0
       0
       0
$ROI:
2
425 561
973 1142
$PRESETS:
None
0
0
$ENER_FIT:
-54.092594 1.465894
$MCA_CAL:
3
-5.409259E+001 1.465894E+000 -4.602540E-005 keV
$SHAPE_CAL:
3
-5.474841E+001 2.638014E-001 -1.572140E-004
