$SPEC_ID:
No sample description was entered.
$SPEC_REM:
DET# 4
DETDESC# RBS-D MCB 129 Input 2
AP# Maestro Version 6.08
$DATE_MEA:
01/01/2008 02:05:28
$MEAS_TIM:
585 603
$DATA:
0 2047
       0
       0
       0
       0
       0
    1332
     614
     614
     581
     609
     593
     533
     607
     596
     572
     668
     619
     637
     664
     678
     756
     915
    1168
    1894
    2801
    3971
    4654
    4705
    4140
    3414
    2489
    1948
    1450
    1212
    1074
     898
     833
     809
     758
     827
     808
     843
     808
     751
     853
     844
     902
     912
     959
     932
     987
    1029
    1087
    1050
    1097
    1139
    1112
    1172
    1154
    1164
    1173
    1176
    1241
    1264
    1292
    1222
    1242
    1294
    1297
    1241
    1264
    1335
    1291
    1234
    1274
    1311
    1304
    1234
    1349
    1282
    1312
    1264
    1309
    1255
    1351
    1305
    1251
    1292
    1292
    1259
    1360
    1284
    1220
    1350
    1272
    1289
    1285
    1226
    1306
    1277
    1297
    1283
    1288
    1269
    1234
    1202
    1253
    1287
    1205
    1246
    1248
    1194
    1163
    1244
    1198
    1148
    1186
    1157
    1214
    1196
    1164
    1157
    1115
    1093
    1141
    1151
    1154
    1164
    1082
    1106
    1093
    1046
    1107
    1078
    1117
    1149
    1120
    1138
    1125
    1161
    1185
    1208
    1246
    1233
    1299
    1267
    1304
    1241
    1315
    1356
    1278
    1256
    1240
    1264
    1287
    1181
    1226
    1165
    1158
    1162
    1188
    1180
    1112
    1121
    1147
    1064
    1070
    1085
    1083
    1033
    1042
     997
    1029
    1005
    1039
    1044
    1031
    1053
     994
    1019
    1054
    1025
    1077
    1044
    1068
     987
     968
    1024
    1017
    1003
     946
    1018
     966
     940
     931
     891
     957
     938
     954
     901
     879
     901
     884
     934
     891
     878
     863
     896
     847
     822
     828
     825
     796
     818
     825
     817
     799
     854
     827
     782
     732
     790
     763
     817
     857
     777
     780
     743
     764
     784
     783
     788
     755
     735
     736
     761
     692
     783
     694
     739
     691
     722
     757
     680
     702
     682
     678
     649
     692
     667
     690
     685
     704
     714
     665
     724
     654
     723
     672
     668
     702
     670
     710
     703
     635
     641
     693
     627
     657
     631
     703
     681
     644
     640
     670
     656
     662
     597
     692
     641
     648
     696
     635
     629
     611
     607
     692
     624
     659
     639
     680
     630
     595
     666
     611
     624
     660
     623
     667
     645
     669
     641
     634
     625
     610
     636
     664
     642
     674
     615
     615
     613
     635
     648
     700
     656
     655
     623
     672
     635
     647
     726
     652
     686
     625
     680
     692
     668
     650
     647
     609
     638
     621
     588
     599
     598
     592
     539
     568
     545
     572
     531
     506
     515
     476
     454
     484
     462
     481
     455
     428
     430
     417
     386
     377
     392
     370
     365
     302
     336
     322
     331
     316
     288
     331
     259
     292
     270
     255
     255
     212
     240
     236
     199
     221
     202
     217
     169
     193
     179
     178
     168
     168
     162
     151
     158
     174
     151
     151
     147
     144
     147
     121
     144
     145
     109
     132
     127
     115
     120
      94
     107
     108
     114
     112
     103
      97
      87
     115
      91
     100
      86
     115
      92
     102
      84
     106
      91
      86
      89
      87
     114
      92
      86
     101
      98
     100
      96
      98
     121
      92
     105
     109
      91
     109
     115
     122
     117
     130
     106
     111
     126
     121
     127
     120
     152
     156
     166
     170
     208
     213
     254
     249
     258
     287
     312
     345
     365
     449
     466
     537
     579
     606
     687
     758
     798
     864
    1024
    1065
    1159
    1241
    1350
    1484
    1599
    1659
    1859
    1899
    2123
    2135
    2299
    2317
    2489
    2776
    2784
    2948
    3020
    3114
    3153
    3311
    3438
    3500
    3475
    3436
    3558
    3589
    3597
    3571
    3492
    3427
    3375
    3235
    3184
    3128
    3149
    2856
    2705
    2703
    2451
    2443
    2230
    2161
    1975
    1759
    1764
    1588
    1489
    1311
    1215
    1094
    1056
     919
     837
     748
     720
     631
     521
     523
     433
     378
     356
     280
     250
     252
     207
     190
     149
     150
     133
      98
      95
      81
      70
      59
      68
      48
      50
      37
      48
      37
      30
      32
      35
      33
      29
      33
      25
      31
      31
      37
      24
      29
      24
      20
      21
      20
      26
      21
      23
      23
      15
      17
      28
      28
      17
      22
      25
      22
      26
      24
      22
      22
      18
      19
      16
      19
      26
      19
      30
      14
      26
      23
      20
      22
      21
      22
      11
      23
      20
      22
      20
      17
      21
      29
      30
      24
      26
      28
      24
      24
      23
      19
      23
      17
      25
      16
      22
      21
      17
      12
      15
      16
      14
      25
      20
      22
      19
      19
      10
      13
      19
      21
      35
      17
      21
      14
      19
      19
      22
      16
      19
      16
      18
      26
      17
       9
      18
      18
      17
      15
      16
      14
      24
      14
      28
      23
      23
      20
      19
      22
      27
      17
      19
      14
      17
      18
      25
      17
      17
      12
      19
      19
      20
      17
      19
      20
      21
      20
      13
      20
      23
      23
      16
      21
      16
      21
      26
      12
      17
      12
      18
      20
      21
      22
      24
      23
      23
      26
      26
      17
      13
      15
      14
      12
      18
      13
      14
      14
      18
      20
      19
      13
      15
      13
      21
      13
      23
      20
      22
      17
       9
      14
      10
      16
      20
      14
      21
      13
      18
      13
      17
      15
      13
      13
      16
       8
      12
      25
      14
      14
      19
      11
      19
      16
      11
      13
       7
      11
      14
      14
      13
      17
      16
      16
      13
      19
      15
      18
      13
       8
      14
       9
      12
      16
      11
      15
      10
      18
      11
      14
      18
       7
      18
      10
      11
      13
      11
      10
      30
      16
      12
      10
      11
      21
       6
      16
      16
       9
      11
      14
      14
       8
      14
       6
      13
      18
      10
      10
      15
      13
       8
      16
      11
       9
       8
      13
      21
      16
      17
      14
      14
      12
      14
      15
      14
      13
      15
      20
      14
       9
      13
      12
      12
      15
      16
      10
       9
      18
      17
      22
      15
      10
      19
      15
      13
      10
      15
      16
      17
      12
      12
      10
      15
      12
      11
      11
      11
      14
       7
      14
       7
      10
       8
       9
      14
       6
       6
      11
       6
      16
       7
      10
       4
       8
      11
      12
      12
      16
       4
      12
       9
       6
      17
      13
      11
       7
       9
      11
       8
       8
       6
       6
      10
       7
      11
       9
      10
      12
       9
       6
       9
      10
      13
      12
      16
       6
       7
      12
      12
       5
       4
       5
       4
      12
       6
      16
       8
       9
       9
       8
       7
       6
      12
       6
       4
       9
       7
       7
      10
       4
       4
       8
       6
       6
      12
      15
      10
       4
      13
      10
       6
       5
       9
       7
       7
       7
      15
       6
       5
       5
       6
       7
       6
       9
       9
       9
       4
       9
       9
       3
       2
       4
       8
       6
      10
       6
       7
       6
       7
      10
       5
       4
       8
       9
       9
       9
       5
       4
       5
       4
       5
       4
       5
       6
       5
       8
       6
       7
       5
       4
       8
      11
       7
       5
       6
       8
       8
       2
       6
       5
       3
       6
      11
      10
       7
       5
       6
       3
       7
       7
       5
       4
       6
       7
       9
      11
       5
       5
       7
       6
       5
      12
       8
       4
       9
      15
       9
       9
       3
      10
      12
      12
       9
       8
       5
       8
       6
      11
      11
       8
       9
      12
      15
       5
       8
       8
       6
      13
      15
      16
       9
      21
      13
      20
      26
       8
      15
      16
      13
      15
      17
      21
      13
      16
       8
      23
      12
      17
      23
      19
      17
      15
      17
      10
      15
      23
      15
      17
      17
      20
      11
      18
      21
      16
      14
      19
      14
      21
      19
      13
      12
      18
       9
      11
       8
      11
      10
      10
      15
      11
       9
       9
       5
      10
       8
      13
       6
      15
       7
       4
       9
       9
       7
       6
       6
       7
       8
       4
       4
       8
       5
       1
       3
       4
       6
       3
       5
       3
       5
       3
       5
       4
       7
       3
       2
       6
       3
       4
       1
       1
       1
       3
       0
       2
       2
       6
       2
       9
       1
       2
       1
       0
       3
       5
       2
       2
       1
       3
       1
       5
       1
       2
       1
       2
       4
       5
       2
       1
       4
       6
       5
       2
       2
       1
       3
       3
       3
       2
       4
       5
       1
       2
       1
       3
       3
       2
       3
       2
       4
       3
       1
       2
       1
       4
       3
       3
       2
       2
       3
       2
       1
       0
       4
       3
       0
       1
       2
       4
       5
       2
       1
       1
       2
       4
       3
       2
       2
       0
       2
       1
       2
       2
       2
       1
       1
       3
       1
       1
       1
       2
       0
       2
       3
       2
       1
       5
       2
       0
       1
       3
       1
       2
       1
       5
       3
       3
       6
       2
       1
       2
       4
       5
       1
       2
       2
       2
       2
       2
       2
       4
       2
       1
       2
       0
       2
       3
       3
       3
       6
       4
       3
       3
       3
       1
       3
       3
       2
       4
       4
       4
       2
       5
       5
       2
       1
       3
       4
       3
       3
       5
       4
       1
       2
       4
       4
       1
       4
       7
       2
       2
       3
       3
       5
       3
       3
       0
       1
       0
       2
       4
       2
       3
       3
       4
       3
       1
       4
       5
       1
       0
       4
       3
       3
       3
       2
       1
       1
       4
       0
       2
       4
       2
       1
       3
       2
       4
       1
       2
       0
       2
       1
       2
       0
       0
       5
       3
       3
       3
       3
       2
       3
       0
       4
       2
       3
       2
       3
       1
       0
       3
       4
       2
       0
       4
       0
       2
       1
       1
       2
       2
       0
       2
       0
       3
       2
       2
       0
       0
       2
       2
       2
       1
       2
       2
       0
       1
       2
       2
       2
       0
       1
       1
       1
       0
       4
       2
       3
       2
       0
       5
       3
       1
       2
       1
       2
       1
       4
       3
       0
       2
       0
       0
       3
       1
       0
       3
       0
       1
       1
       1
       1
       2
       2
       0
       1
       2
       3
       1
       1
       2
       0
       1
       2
       2
       1
       1
       0
       0
       0
       2
       1
       4
       2
       0
       0
       2
       0
       4
       1
       0
       0
       1
       0
       1
       1
       1
       1
       0
       1
       0
       3
       1
       0
       1
       1
       2
       1
       3
       0
       0
       0
       0
       2
       4
       1
       0
       1
       0
       1
       1
       2
       1
       4
       3
       0
       1
       2
       2
       0
       1
       2
       0
       3
       1
       2
       0
       0
       1
       2
       1
       0
       0
       1
       2
       0
       1
       2
       1
       1
       1
       0
       1
       1
       6
       1
       2
       1
       4
       4
       1
       3
       2
       0
       1
       1
       2
       1
       0
       2
       1
       1
       1
       0
       2
       1
       1
       1
       1
       4
       2
       2
       2
       2
       1
       1
       0
       2
       0
       1
       0
       1
       1
       0
       2
       2
       5
       2
       3
       3
       2
       1
       1
       1
       1
       0
       0
       1
       1
       2
       2
       2
       1
       1
       1
       2
       0
       3
       1
       0
       1
       0
       1
       1
       2
       0
       1
       0
       3
       2
       3
       0
       2
       2
       0
       0
       2
       1
       1
       1
       2
       2
       2
       2
       4
       1
       1
       0
       0
       0
       0
       3
       1
       2
       0
       2
       0
       1
       2
       0
       0
       2
       0
       3
       3
       3
       3
       0
       1
       0
       0
       0
       0
       0
       2
       2
       0
       1
       4
       0
       2
       2
       1
       1
       2
       1
       1
       0
       1
       0
       1
       1
       1
       1
       1
       0
       1
       1
       4
       2
       2
       3
       1
       1
       0
       3
       1
       1
       1
       1
       0
       1
       2
       2
       2
       1
       0
       1
       1
       2
       2
       1
       0
       2
       0
       2
       1
       0
       0
       0
       2
       0
       0
       2
       0
       1
       2
       0
       0
       2
       2
       1
       0
       0
       1
       1
       1
       0
       1
       2
       0
       0
       1
       1
       1
       1
       1
       1
       3
       0
       0
       0
       0
       1
       0
       0
       0
       0
       0
       0
       0
       1
       1
       2
       1
       0
       1
       0
       1
       0
       1
       1
       0
       0
       0
       3
       1
       2
       1
       0
       0
       0
       0
       0
       0
       0
       1
       2
       0
       0
       0
       0
       0
       0
       0
       1
       0
       0
       2
       2
       0
       0
       0
       0
       1
       1
       0
       0
       0
       1
       0
       0
       0
       1
       0
       0
       0
       0
       0
       0
       1
       0
       0
       0
       0
       1
       0
       0
       1
       1
       0
       0
       0
       0
       1
       0
       0
       1
       0
       0
       0
       1
       0
       1
       0
       0
       0
       0
       1
       0
       0
       3
       1
       0
       1
       1
       0
       0
       0
       0
       0
       0
       1
       0
       0
       0
       0
       0
       0
       1
       1
       4
       0
       1
       2
       2
       2
       2
       1
       2
       2
       3
       2
       0
       0
       2
       0
       0
       1
       1
       1
       3
       1
       1
       1
       2
       1
       1
       3
       1
       1
       1
       2
       3
       2
       1
       1
       1
       2
       1
       4
       2
       1
       3
       2
       0
       1
       1
       0
       0
       0
       0
       0
       4
       2
       3
       2
       3
       0
       2
       2
       1
       2
       0
       2
       3
       6
       2
       2
       0
       1
       1
       3
       4
       1
       1
       2
       1
       0
       3
       4
       0
       1
       1
       1
       2
       1
       2
       0
       0
       1
       1
       1
       1
       2
       0
       1
       1
       1
       0
       1
       1
       2
       0
       0
       0
       0
       3
       0
       2
       3
       1
       3
       0
       0
       1
       1
       0
       0
       0
       2
       0
       0
       0
       0
       0
       0
       0
       0
       0
       0
       0
       0
       1
       0
       0
       0
       0
       0
       0
       0
       1
       0
       1
       0
       0
       0
       1
       0
       0
       0
       0
       0
       0
       0
       0
       0
       0
       0
       0
       0
       0
       0
       0
       0
       0
       0
       0
       0
       0
       0
       0
       0
       1
       0
       0
       0
       0
       0
       0
       0
       1
       0
       0
       0
       0
       0
       0
       0
       0
       0
       0
       0
       0
       0
       0
       0
       0
       0
       0
       0
       0
       0
       0
       0
       0
       0
       0
       0
       0
       0
       0
       0
       0
       0
       0
       0
       0
       0
       0
$ROI:
2
425 561
989 1142
$PRESETS:
None
0
0
$ENER_FIT:
-54.092594 1.465894
$MCA_CAL:
3
-5.409259E+001 1.465894E+000 -4.602540E-005 keV
$SHAPE_CAL:
3
-5.474841E+001 2.638014E-001 -1.572140E-004
