$SPEC_ID:
No sample description was entered.
$SPEC_REM:
DET# 4
DETDESC# RBS-D MCB 129 Input 2
AP# Maestro Version 6.08
$DATE_MEA:
01/01/2008 02:02:46
$MEAS_TIM:
467 482
$DATA:
0 2047
       0
       0
       0
       0
       0
    1100
     506
     492
     479
     492
     463
     420
     496
     488
     466
     528
     487
     513
     534
     529
     590
     750
     924
    1524
    2195
    3125
    3711
    3741
    3286
    2719
    1992
    1579
    1165
     977
     882
     730
     660
     644
     594
     656
     650
     678
     643
     608
     694
     658
     731
     734
     754
     765
     795
     806
     855
     835
     877
     923
     881
     936
     914
     952
     933
     935
    1013
    1003
    1046
     985
     999
    1031
    1048
    1011
    1006
    1064
    1041
     986
    1021
    1030
    1023
     984
    1070
    1013
    1030
    1005
    1025
     998
    1082
    1047
    1016
    1042
    1018
    1016
    1093
    1025
     977
    1062
    1012
    1019
    1030
     970
    1054
    1006
    1035
    1025
    1028
    1005
    1033
     962
    1011
    1033
     954
    1009
     988
     972
     923
    1020
     937
     905
     938
     935
     967
     949
     932
     934
     882
     896
     922
     931
     908
     919
     862
     867
     887
     832
     867
     855
     901
     911
     894
     884
     891
     914
     927
     974
    1002
     992
    1048
    1004
    1026
    1012
    1071
    1079
    1017
     996
     955
    1011
    1025
     939
     984
     942
     923
     919
     958
     934
     892
     907
     899
     856
     857
     849
     870
     820
     835
     820
     823
     816
     838
     818
     820
     842
     763
     818
     837
     826
     858
     848
     876
     806
     779
     836
     797
     789
     758
     831
     776
     758
     746
     731
     755
     747
     765
     734
     683
     732
     715
     748
     714
     702
     702
     708
     671
     663
     660
     626
     639
     653
     673
     651
     643
     695
     682
     613
     587
     627
     579
     667
     685
     607
     606
     593
     628
     629
     639
     653
     624
     590
     585
     589
     554
     614
     544
     582
     563
     566
     603
     513
     550
     543
     527
     516
     565
     543
     545
     560
     553
     559
     544
     581
     514
     567
     541
     526
     557
     526
     561
     571
     520
     520
     567
     468
     523
     502
     549
     534
     520
     507
     539
     527
     543
     478
     540
     525
     531
     552
     501
     494
     496
     493
     548
     491
     542
     508
     559
     503
     466
     543
     505
     479
     523
     501
     514
     539
     547
     503
     503
     492
     485
     504
     529
     493
     531
     502
     498
     511
     515
     512
     548
     521
     517
     499
     527
     502
     538
     589
     516
     552
     502
     552
     545
     542
     539
     525
     494
     518
     507
     461
     481
     452
     483
     436
     440
     443
     461
     425
     401
     412
     391
     370
     389
     382
     383
     357
     362
     349
     342
     312
     305
     320
     302
     290
     228
     264
     259
     257
     256
     237
     281
     211
     229
     218
     190
     209
     179
     192
     173
     157
     172
     162
     188
     135
     156
     141
     143
     136
     137
     125
     125
     117
     140
     123
     127
     117
     115
     119
      96
     114
     117
      90
     103
     101
      90
     100
      74
      83
      89
      88
      83
      82
      75
      64
      98
      70
      76
      71
      90
      73
      83
      65
      80
      79
      68
      74
      74
      93
      77
      65
      79
      81
      84
      76
      75
      99
      74
      75
      80
      76
      85
      91
     101
     102
     107
      86
      87
     104
      96
     107
      95
     123
     132
     130
     141
     171
     174
     201
     198
     202
     222
     260
     264
     303
     356
     364
     439
     475
     510
     549
     584
     650
     661
     832
     857
     921
    1001
    1083
    1199
    1286
    1350
    1468
    1515
    1730
    1715
    1835
    1806
    1998
    2238
    2211
    2354
    2380
    2504
    2528
    2654
    2745
    2804
    2772
    2767
    2855
    2838
    2872
    2839
    2777
    2772
    2679
    2582
    2524
    2492
    2501
    2251
    2190
    2146
    1941
    1970
    1780
    1731
    1573
    1402
    1402
    1286
    1190
    1054
     973
     878
     823
     734
     656
     592
     555
     508
     429
     423
     350
     292
     300
     227
     200
     210
     164
     153
     113
     123
      99
      82
      81
      69
      53
      45
      59
      38
      40
      29
      38
      32
      26
      23
      33
      28
      27
      27
      20
      27
      26
      29
      16
      25
      21
      16
      17
      18
      20
      19
      18
      16
      10
      16
      24
      21
      14
      17
      20
      15
      20
      22
      18
      17
      12
      17
      12
      14
      20
      14
      27
      10
      20
      19
      16
      19
      14
      15
       9
      17
      16
      15
      12
      13
      17
      25
      24
      21
      20
      21
      19
      21
      17
      15
      19
      15
      21
      15
      20
      18
      15
       5
      13
      15
      10
      20
      15
      19
      16
      17
       7
      11
      16
      18
      28
      15
      16
      10
      16
      16
      18
      14
      13
      12
      13
      19
      13
       6
      16
      12
      14
      14
      10
       7
      20
      14
      24
      19
      20
      15
      14
      18
      23
      13
      14
      11
      12
      13
      22
      12
      13
       8
      17
      11
      17
      15
      12
      17
      14
      17
       8
      17
      20
      16
      12
      16
      13
      17
      22
      12
      15
      10
      13
      13
      20
      16
      23
      15
      16
      16
      22
      14
       9
      11
      11
      10
      15
      13
      14
      13
      16
      15
      16
      12
      12
      10
      16
      12
      18
      16
      16
      11
       8
      14
       8
      11
      14
      13
      18
      12
      14
      11
      15
      13
      10
      12
      14
       4
       9
      20
      13
      12
      18
       9
      14
      13
       6
      11
       4
      11
       8
       9
      10
      16
      14
      13
      11
      14
      15
      11
      11
       6
      13
       7
      11
      12
      10
       9
       6
      16
       9
      11
      15
       6
      17
       9
       9
      13
      11
       8
      25
      13
       9
       8
      11
      18
       5
      12
      12
       8
      10
      10
      10
       7
      12
       6
      12
      14
       8
       6
      11
      10
       6
      14
       8
       7
       5
      10
      19
      12
      11
       9
      10
       7
      11
      12
      14
      10
      11
      14
      11
       7
      10
      12
      10
       8
      14
       9
       7
      11
      13
      19
      11
       8
      17
      13
      10
      10
      11
      14
      13
      12
      10
       8
      14
      11
      10
       7
       8
      10
       5
       9
       7
       7
       5
       9
      14
       4
       4
       9
       4
      13
       7
       9
       2
       6
      11
       9
       9
      16
       4
      11
       8
       6
      14
      11
      10
       5
       8
       8
       7
       7
       5
       4
       8
       6
       9
       8
       6
       8
       8
       5
       6
       9
       8
       8
      14
       4
       3
       8
       8
       4
       3
       4
       2
       7
       5
      14
       5
       5
       7
       5
       7
       4
       9
       5
       4
       6
       7
       7
       7
       4
       4
       6
       6
       6
      10
      13
       8
       2
      10
      10
       4
       3
       5
       5
       7
       5
      12
       5
       5
       4
       3
       5
       6
       8
       5
       7
       4
       7
       6
       3
       1
       4
       6
       5
       9
       4
       6
       5
       6
       7
       4
       4
       3
       8
       6
       6
       5
       3
       5
       2
       4
       2
       4
       5
       4
       6
       5
       6
       5
       3
       6
      10
       5
       5
       5
       6
       8
       2
       5
       3
       3
       5
       9
       8
       6
       1
       2
       3
       4
       5
       3
       4
       5
       6
       8
       8
       5
       4
       6
       5
       5
      11
       7
       2
       8
      12
       8
       8
       3
       8
       9
       9
       8
       7
       4
       5
       5
       8
      10
       6
       7
       8
      13
       4
       8
       6
       6
      10
      14
      16
       7
      18
      10
      16
      19
       6
      12
      14
      12
      11
      12
      16
       9
      15
       8
      19
      10
      14
      14
      17
      12
      11
      13
       8
      14
      18
      13
      15
      12
      16
      11
      12
      17
      13
      11
      12
      11
      17
      17
       9
      11
      14
       9
       7
       8
      10
       7
       9
      12
       8
       8
       6
       4
       7
       6
      11
       4
      13
       6
       2
       8
       8
       5
       5
       3
       6
       6
       2
       2
       8
       4
       0
       2
       4
       6
       2
       4
       1
       5
       2
       2
       4
       7
       2
       2
       6
       3
       4
       1
       1
       1
       3
       0
       2
       2
       3
       2
       5
       1
       2
       0
       0
       3
       3
       2
       2
       1
       3
       1
       4
       1
       2
       1
       1
       4
       5
       1
       0
       4
       4
       2
       2
       2
       1
       2
       3
       3
       1
       2
       5
       1
       1
       1
       2
       2
       2
       3
       1
       2
       1
       1
       2
       1
       1
       2
       3
       2
       2
       2
       1
       1
       0
       4
       3
       0
       1
       2
       3
       5
       2
       1
       1
       1
       4
       3
       1
       2
       0
       2
       1
       1
       1
       2
       0
       1
       3
       1
       0
       1
       2
       0
       2
       3
       1
       1
       3
       2
       0
       0
       2
       1
       1
       1
       4
       3
       3
       5
       2
       1
       1
       4
       5
       1
       2
       2
       2
       2
       1
       2
       3
       2
       1
       2
       0
       1
       3
       3
       2
       5
       4
       2
       3
       0
       1
       3
       3
       1
       3
       3
       3
       0
       4
       4
       2
       1
       3
       2
       1
       3
       3
       2
       1
       1
       3
       3
       1
       3
       7
       2
       1
       2
       3
       4
       3
       3
       0
       1
       0
       2
       3
       2
       2
       2
       2
       3
       0
       2
       5
       1
       0
       3
       3
       3
       3
       1
       1
       1
       4
       0
       2
       4
       1
       1
       1
       1
       4
       1
       2
       0
       2
       0
       2
       0
       0
       3
       3
       3
       3
       3
       2
       2
       0
       3
       1
       2
       1
       2
       1
       0
       3
       3
       2
       0
       3
       0
       2
       0
       1
       2
       2
       0
       2
       0
       3
       1
       1
       0
       0
       0
       0
       2
       1
       2
       2
       0
       1
       0
       2
       1
       0
       1
       1
       1
       0
       4
       1
       2
       2
       0
       4
       3
       1
       1
       1
       2
       1
       4
       3
       0
       2
       0
       0
       0
       1
       0
       1
       0
       1
       1
       1
       0
       2
       2
       0
       0
       1
       1
       1
       1
       2
       0
       1
       1
       2
       1
       1
       0
       0
       0
       2
       1
       2
       1
       0
       0
       2
       0
       4
       0
       0
       0
       1
       0
       1
       1
       0
       1
       0
       1
       0
       2
       1
       0
       0
       0
       1
       1
       3
       0
       0
       0
       0
       2
       3
       1
       0
       1
       0
       1
       0
       2
       0
       4
       3
       0
       1
       1
       1
       0
       1
       1
       0
       3
       1
       2
       0
       0
       1
       2
       0
       0
       0
       1
       0
       0
       1
       2
       1
       1
       1
       0
       1
       0
       3
       1
       1
       1
       4
       3
       1
       3
       1
       0
       1
       1
       2
       1
       0
       1
       1
       1
       0
       0
       1
       1
       0
       1
       1
       2
       1
       2
       2
       2
       1
       1
       0
       2
       0
       1
       0
       0
       0
       0
       0
       2
       4
       1
       2
       2
       2
       0
       1
       1
       0
       0
       0
       1
       0
       1
       1
       1
       1
       1
       1
       1
       0
       1
       1
       0
       1
       0
       1
       1
       2
       0
       1
       0
       3
       1
       2
       0
       2
       2
       0
       0
       2
       1
       1
       1
       1
       2
       1
       2
       3
       1
       1
       0
       0
       0
       0
       2
       1
       0
       0
       2
       0
       1
       2
       0
       0
       2
       0
       3
       1
       3
       2
       0
       1
       0
       0
       0
       0
       0
       1
       1
       0
       1
       2
       0
       2
       2
       1
       1
       2
       1
       0
       0
       1
       0
       1
       0
       0
       1
       1
       0
       0
       0
       4
       2
       1
       1
       0
       1
       0
       1
       0
       1
       1
       0
       0
       1
       1
       2
       0
       1
       0
       1
       0
       2
       2
       1
       0
       1
       0
       2
       1
       0
       0
       0
       1
       0
       0
       2
       0
       1
       2
       0
       0
       1
       1
       0
       0
       0
       1
       0
       1
       0
       1
       1
       0
       0
       1
       1
       1
       0
       1
       1
       3
       0
       0
       0
       0
       0
       0
       0
       0
       0
       0
       0
       0
       1
       1
       2
       1
       0
       1
       0
       1
       0
       1
       1
       0
       0
       0
       2
       1
       1
       1
       0
       0
       0
       0
       0
       0
       0
       1
       2
       0
       0
       0
       0
       0
       0
       0
       1
       0
       0
       2
       1
       0
       0
       0
       0
       1
       0
       0
       0
       0
       1
       0
       0
       0
       1
       0
       0
       0
       0
       0
       0
       1
       0
       0
       0
       0
       1
       0
       0
       1
       0
       0
       0
       0
       0
       1
       0
       0
       1
       0
       0
       0
       1
       0
       0
       0
       0
       0
       0
       0
       0
       0
       3
       1
       0
       1
       1
       0
       0
       0
       0
       0
       0
       1
       0
       0
       0
       0
       0
       0
       0
       1
       4
       0
       1
       1
       2
       1
       2
       1
       2
       2
       3
       2
       0
       0
       1
       0
       0
       0
       0
       1
       3
       0
       0
       1
       2
       1
       1
       2
       1
       0
       1
       1
       3
       1
       1
       0
       1
       2
       1
       3
       2
       1
       2
       2
       0
       1
       1
       0
       0
       0
       0
       0
       3
       1
       3
       2
       3
       0
       1
       2
       1
       1
       0
       2
       3
       6
       2
       1
       0
       1
       1
       2
       4
       1
       1
       2
       1
       0
       2
       4
       0
       1
       1
       1
       2
       1
       2
       0
       0
       0
       1
       1
       1
       2
       0
       1
       0
       0
       0
       1
       1
       2
       0
       0
       0
       0
       3
       0
       2
       2
       1
       2
       0
       0
       1
       0
       0
       0
       0
       2
       0
       0
       0
       0
       0
       0
       0
       0
       0
       0
       0
       0
       1
       0
       0
       0
       0
       0
       0
       0
       1
       0
       1
       0
       0
       0
       0
       0
       0
       0
       0
       0
       0
       0
       0
       0
       0
       0
       0
       0
       0
       0
       0
       0
       0
       0
       0
       0
       0
       0
       0
       0
       1
       0
       0
       0
       0
       0
       0
       0
       0
       0
       0
       0
       0
       0
       0
       0
       0
       0
       0
       0
       0
       0
       0
       0
       0
       0
       0
       0
       0
       0
       0
       0
       0
       0
       0
       0
       0
       0
       0
       0
       0
       0
       0
       0
       0
       0
       0
$ROI:
2
425 561
989 1142
$PRESETS:
None
0
0
$ENER_FIT:
-54.092594 1.465894
$MCA_CAL:
3
-5.409259E+001 1.465894E+000 -4.602540E-005 keV
$SHAPE_CAL:
3
-5.474841E+001 2.638014E-001 -1.572140E-004
