$SPEC_ID:
No sample description was entered.
$SPEC_REM:
DET# 4
DETDESC# RBS-D MCB 129 Input 2
AP# Maestro Version 6.08
$DATE_MEA:
01/01/2008 04:44:33
$MEAS_TIM:
140 160
$DATA:
0 2047
       0
       0
       0
       0
       0
     349
     177
     200
     232
     233
     238
     245
     239
     230
     225
     246
     256
     227
     217
     261
     267
     272
     268
     286
     290
     269
     263
     281
     272
     259
     278
     270
     290
     256
     273
     279
     279
     313
     269
     313
     315
     267
     319
     292
     315
     304
     329
     333
     331
     357
     325
     351
     370
     339
     366
     376
     365
     359
     373
     372
     406
     367
     350
     371
     448
     411
     408
     383
     416
     411
     420
     388
     467
     442
     421
     426
     432
     390
     401
     395
     348
     389
     401
     395
     342
     405
     389
     425
     415
     374
     412
     411
     385
     395
     399
     401
     436
     388
     436
     398
     381
     427
     384
     406
     394
     417
     355
     390
     402
     412
     376
     374
     389
     360
     373
     378
     370
     389
     354
     358
     386
     378
     360
     352
     374
     367
     351
     349
     334
     398
     385
     365
     372
     362
     346
     359
     393
     362
     315
     347
     324
     336
     359
     338
     336
     325
     334
     343
     349
     320
     337
     340
     374
     344
     336
     322
     349
     364
     372
     355
     346
     369
     357
     365
     410
     375
     332
     382
     377
     386
     356
     382
     356
     371
     377
     388
     394
     361
     398
     377
     387
     368
     349
     382
     357
     358
     362
     343
     371
     356
     363
     367
     348
     307
     374
     362
     382
     343
     293
     336
     319
     326
     334
     338
     329
     329
     299
     327
     325
     355
     334
     302
     289
     322
     330
     366
     297
     286
     325
     299
     319
     329
     319
     297
     325
     290
     297
     306
     308
     316
     313
     319
     312
     323
     283
     288
     287
     310
     272
     312
     305
     305
     306
     303
     318
     280
     282
     284
     306
     284
     296
     274
     266
     281
     260
     297
     248
     305
     302
     267
     294
     271
     298
     248
     263
     292
     282
     283
     281
     271
     312
     266
     274
     269
     297
     274
     267
     297
     274
     283
     229
     266
     270
     243
     256
     240
     262
     267
     303
     278
     250
     276
     255
     262
     248
     272
     286
     267
     271
     246
     231
     241
     256
     257
     253
     273
     235
     241
     240
     253
     243
     253
     282
     241
     259
     274
     257
     257
     246
     262
     239
     273
     266
     249
     260
     282
     247
     267
     254
     241
     224
     252
     258
     264
     247
     249
     228
     294
     220
     235
     266
     251
     266
     240
     261
     257
     247
     248
     217
     265
     246
     252
     248
     251
     240
     230
     230
     253
     243
     204
     248
     284
     240
     265
     272
     244
     225
     247
     251
     229
     262
     276
     263
     253
     245
     253
     256
     242
     235
     236
     252
     247
     250
     242
     250
     258
     265
     224
     233
     231
     263
     258
     258
     233
     255
     252
     218
     263
     266
     231
     229
     225
     257
     237
     244
     249
     236
     246
     261
     262
     225
     228
     257
     231
     263
     256
     253
     252
     238
     257
     245
     258
     210
     240
     255
     235
     238
     227
     246
     240
     248
     238
     216
     269
     253
     264
     254
     252
     226
     239
     270
     266
     238
     214
     236
     222
     226
     236
     263
     249
     261
     243
     237
     243
     248
     246
     241
     242
     252
     210
     271
     262
     236
     265
     231
     233
     231
     265
     234
     254
     247
     235
     251
     225
     257
     270
     233
     240
     223
     248
     226
     217
     243
     248
     221
     251
     252
     234
     250
     240
     247
     248
     238
     242
     239
     268
     249
     244
     230
     216
     233
     252
     211
     262
     256
     241
     234
     240
     254
     237
     237
     253
     249
     234
     239
     230
     247
     287
     247
     226
     241
     252
     248
     240
     222
     244
     245
     260
     226
     258
     269
     252
     253
     226
     272
     250
     242
     234
     236
     221
     256
     263
     293
     245
     259
     271
     239
     232
     273
     259
     240
     237
     267
     262
     244
     259
     243
     269
     244
     245
     266
     254
     229
     265
     256
     239
     258
     268
     249
     243
     266
     282
     262
     278
     270
     281
     257
     237
     272
     287
     259
     278
     254
     253
     260
     264
     263
     271
     257
     266
     220
     252
     268
     246
     266
     278
     275
     273
     289
     281
     254
     256
     305
     259
     258
     297
     305
     290
     255
     269
     283
     256
     260
     230
     253
     279
     312
     275
     245
     303
     279
     279
     291
     273
     292
     325
     301
     265
     280
     286
     288
     308
     305
     300
     311
     287
     324
     285
     303
     312
     269
     301
     275
     292
     275
     284
     313
     338
     273
     251
     298
     249
     290
     277
     258
     277
     305
     316
     305
     282
     288
     284
     308
     312
     304
     303
     270
     281
     288
     268
     286
     245
     296
     297
     317
     290
     291
     298
     292
     281
     261
     265
     254
     260
     275
     289
     293
     242
     294
     282
     284
     263
     276
     267
     273
     281
     282
     274
     262
     232
     270
     236
     289
     245
     253
     273
     247
     246
     250
     218
     238
     247
     254
     254
     227
     243
     227
     209
     234
     229
     230
     205
     220
     237
     221
     210
     231
     193
     189
     209
     201
     231
     191
     205
     227
     209
     229
     183
     214
     222
     226
     180
     213
     193
     188
     212
     203
     186
     193
     192
     204
     183
     222
     205
     195
     191
     187
     214
     184
     191
     191
     191
     187
     195
     182
     167
     203
     194
     181
     184
     160
     193
     181
     158
     166
     202
     156
     166
     186
     177
     163
     175
     198
     188
     190
     163
     144
     179
     201
     160
     147
     153
     171
     140
     163
     162
     156
     162
     143
     181
     156
     157
     171
     144
     153
     186
     137
     170
     177
     164
     172
     203
     155
     161
     168
     184
     183
     185
     200
     216
     225
     238
     234
     218
     236
     252
     219
     252
     265
     302
     306
     302
     306
     349
     349
     369
     374
     391
     378
     483
     452
     446
     488
     486
     474
     505
     484
     539
     561
     562
     539
     588
     611
     623
     583
     617
     606
     620
     665
     657
     634
     661
     676
     675
     664
     661
     612
     626
     616
     661
     595
     594
     613
     585
     608
     535
     517
     520
     480
     518
     506
     482
     467
     450
     454
     412
     386
     390
     358
     335
     343
     329
     332
     290
     302
     277
     255
     278
     226
     255
     246
     212
     213
     199
     178
     190
     158
     155
     160
     151
     146
     121
     129
     121
     136
     133
     122
     106
     112
     113
     110
     122
     149
     107
     113
     112
     120
     115
     126
     110
     126
     142
     146
     133
     148
     165
     142
     166
     175
     207
     201
     211
     232
     224
     241
     230
     258
     264
     273
     269
     265
     302
     316
     340
     308
     368
     350
     375
     413
     418
     399
     394
     411
     407
     430
     459
     492
     489
     476
     496
     498
     459
     533
     515
     525
     508
     517
     529
     474
     494
     481
     498
     479
     495
     462
     472
     488
     447
     427
     463
     405
     418
     434
     405
     419
     369
     343
     362
     358
     317
     344
     330
     301
     280
     258
     279
     255
     235
     255
     259
     231
     232
     216
     201
     213
     174
     194
     154
     159
     163
     141
     123
     145
     144
     113
     129
     133
     102
     103
      98
      96
     106
     101
      76
      82
     101
      83
      68
      86
      70
      55
      54
      64
      53
      59
      58
      44
      44
      58
      49
      41
      47
      47
      31
      35
      44
      28
      48
      40
      38
      39
      36
      32
      37
      32
      26
      19
      32
      29
      30
      29
      35
      32
      28
      23
      31
      22
      32
      28
      26
      35
      26
      36
      36
      29
      32
      19
      22
      26
      27
      29
      27
      30
      21
      31
      31
      31
      18
      31
      27
      29
      27
      23
      24
      24
      26
      31
      22
      23
      24
      25
      33
      35
      22
      24
      15
      31
      30
      18
      24
      21
      27
      31
      27
      22
      22
      29
      26
      27
      29
      21
      23
      15
      24
      31
      37
      18
      19
      36
      24
      32
      20
      23
      22
      28
      22
      28
      16
      29
      26
      19
      29
      24
      22
      24
      23
      22
      17
      19
      26
      19
      22
      21
      16
      25
      26
      21
      24
      25
      17
      24
      22
      26
      21
      32
      20
      27
      19
      27
      19
      23
      14
      19
      20
      33
      23
      13
      17
      21
      18
      11
      32
      23
      26
      20
      21
      17
      28
      11
      25
      24
      16
      18
      25
      18
      28
      15
      23
      11
      18
      20
      22
      20
      27
      30
      21
      27
      23
      21
      26
      28
      17
      28
      22
      21
      19
      19
      20
      28
      26
      23
      22
      19
      19
      13
      21
      14
      20
      19
      29
      21
      29
      26
      25
      27
      20
      11
      21
      19
      22
      19
      16
      22
      15
      20
      16
      15
      24
      16
      21
      29
      16
      27
      25
      16
      24
      15
      26
      16
      24
      24
      24
      18
      16
      19
      11
      20
      15
      21
      16
      25
      27
      17
      16
      19
      20
      18
      16
      14
      20
      22
      20
      22
      26
       9
      19
      21
      29
      20
      21
      24
      24
      22
      16
      21
      14
      23
      22
      25
      18
      13
      18
      15
      16
      24
      17
      19
      12
      15
      27
      21
      18
      20
      19
      20
      19
      18
      17
      14
      26
      14
      20
      16
      17
      28
      20
      17
      18
      18
      17
      27
      18
       9
      15
      14
      18
      18
      17
      19
      18
      20
      23
      27
      18
      12
      17
      16
      16
      24
      18
      16
      23
      11
      20
      24
      17
      19
      19
      21
      14
      22
      18
      19
      18
      11
      12
      21
      23
      17
      16
      19
      13
      19
      19
      22
      14
      23
      19
      17
      19
      12
      21
      23
      11
      17
      16
      22
      23
      15
      23
      18
      17
      27
      22
      17
      25
      17
      11
      14
      18
      23
      11
      11
      17
      18
       9
      17
      14
      17
      13
      18
      10
      22
      16
      19
      12
      14
      16
      12
      24
      18
      19
      12
      13
      15
       7
      13
      16
       9
      16
      15
      13
      15
      20
      15
       9
      15
      12
      15
      12
      17
      15
      16
      24
      15
       8
      19
      18
      14
      14
      16
      16
      16
      13
      19
      19
      12
      22
      14
      12
      17
      14
      12
      12
      18
      12
      20
      14
      15
      17
      20
      12
      11
      17
      17
      16
      18
      15
      14
      14
      12
      15
      17
      12
      15
      22
      27
      16
      22
      10
      12
      13
      18
      15
      14
      13
      23
      15
      13
      18
       7
      26
      14
      18
      13
      20
       9
      16
      12
      14
      10
      12
      17
      15
      15
      17
      19
      18
      11
      10
      19
      13
       5
      13
      18
       8
      15
      12
      16
      14
      18
       7
      18
      22
      10
      18
      20
      19
      24
      25
      13
      14
      12
      16
      12
      18
      13
      13
      18
      14
      19
      17
      13
      13
      17
      11
      11
      21
      10
      17
      12
      10
      15
      18
      14
       8
      14
      19
      16
      18
      13
      15
      12
      13
      13
      14
      21
      11
      14
      13
      21
      16
      21
      14
      12
      10
      17
      20
      11
       6
      10
      13
      17
      18
      11
      22
      10
      14
      14
      14
      11
      19
      12
      14
      16
      13
      15
      11
      23
      15
      16
      14
      15
      15
      13
      12
      17
      18
      18
      12
      13
      15
      13
      17
      12
      14
       9
      17
      16
      12
      17
      23
      19
      13
      13
      10
      15
      12
      18
      20
      21
      14
      18
       9
      11
      17
      15
      14
      17
      15
       9
      18
      11
      12
      14
      14
      14
      10
       9
      14
      17
      10
       8
      15
      12
      10
      12
      11
      13
       8
      11
      11
       8
      16
      11
       7
       7
       7
      11
       9
      15
      14
       6
       9
      11
       8
       3
       7
      12
       7
      11
       9
       9
       9
       9
       6
       4
       7
       5
       2
       8
      10
       4
      10
       8
       7
       5
       5
      11
       2
       3
       7
       7
       6
       9
       4
       3
       7
       6
       7
       3
       3
       3
       4
       4
       5
       2
       4
       2
       4
       4
       5
       4
       5
       4
       5
       2
       7
       1
       1
       2
       1
       5
       4
       2
       8
       3
       1
       4
       2
       2
       1
       2
       0
       4
       3
       4
       4
       2
       3
       2
       3
       4
       3
       3
       3
       1
       1
       3
       4
       5
       4
      10
       4
       5
       5
       5
       5
       5
       8
       9
       5
       7
       6
       8
      11
      11
       6
       6
       9
       3
       9
       8
      13
       9
       9
      13
      12
      11
      16
      12
       9
       8
      18
      14
      15
      14
      14
       9
      12
      14
      13
      21
      18
      12
      21
      21
      18
      15
      23
      18
       9
      12
      22
      20
      13
      13
      17
      22
      16
      23
      15
      21
      24
      20
      20
      20
      23
      12
      13
      17
      21
      19
      22
      27
      20
      12
      17
      17
      15
      24
      14
      15
      15
      12
      14
      18
      18
      16
      11
      12
      19
      11
       8
      14
      16
      13
      12
      11
      10
       7
      12
      13
       7
      12
      16
      15
      12
      12
      11
      11
       6
       9
       5
       7
       7
       5
      14
       7
       9
       6
       5
       3
       3
       7
       4
       4
       5
       1
       3
       3
       3
       6
       6
       3
       6
       4
       5
       2
       1
       3
       4
       3
       0
       1
       2
       1
       1
       3
       3
       4
       4
       0
       4
       0
       1
       1
       1
       4
       1
       1
       1
       1
       0
       0
       2
       1
       2
       1
       4
       1
       0
       1
       0
       0
       0
       2
       0
       0
       1
       1
       0
       0
       1
       0
       1
       0
       1
       1
       1
       0
       1
       2
       0
       0
       0
       0
       0
       0
       1
       2
       1
       1
       0
       0
       0
       0
       0
       0
       0
       0
       0
       0
       1
       1
       0
       1
       0
       0
       0
       1
       0
       1
       0
       1
       0
       0
       0
       0
       0
       0
       1
       0
       0
       0
       0
       0
       0
       0
       0
       0
       0
       0
       0
       0
       0
       0
       0
       0
       0
       0
       0
       0
       0
       0
       0
       0
       0
       0
       0
       0
       0
       0
       0
       0
       0
       0
       0
$ROI:
3
809 917
921 1051
1769 1939
$PRESETS:
None
0
0
$ENER_FIT:
-43.015625 1.438746
$MCA_CAL:
3
-4.301563E+001 1.438746E+000 -3.635760E-005 keV
$SHAPE_CAL:
3
5.967719E+001 -6.308020E-002 3.454509E-005
