$SPEC_ID:
No sample description was entered.
$SPEC_REM:
DET# 4
DETDESC# RBS-D MCB 129 Input 2
AP# Maestro Version 6.08
$DATE_MEA:
01/01/2008 02:16:26
$MEAS_TIM:
1073 1107
$DATA:
0 2047
       0
       0
       0
       0
       0
    2373
    1142
    1119
    1111
    1105
    1062
    1071
    1113
    1078
    1107
    1203
    1144
    1167
    1254
    1287
    1356
    1677
    2175
    3395
    5140
    7422
    8401
    8449
    7519
    6299
    4620
    3510
    2691
    2192
    1917
    1619
    1557
    1468
    1404
    1463
    1475
    1508
    1466
    1443
    1520
    1586
    1631
    1667
    1719
    1727
    1820
    1892
    1920
    1988
    2054
    2080
    2086
    2119
    2127
    2165
    2222
    2212
    2300
    2299
    2372
    2318
    2272
    2283
    2374
    2291
    2341
    2390
    2381
    2284
    2333
    2387
    2422
    2353
    2403
    2391
    2370
    2351
    2363
    2345
    2425
    2387
    2382
    2380
    2326
    2389
    2398
    2329
    2226
    2423
    2323
    2319
    2339
    2306
    2354
    2350
    2419
    2339
    2342
    2327
    2275
    2209
    2271
    2319
    2151
    2224
    2268
    2191
    2144
    2259
    2174
    2109
    2156
    2152
    2076
    2188
    2146
    2114
    2079
    2080
    2053
    2085
    2083
    2106
    2002
    2067
    2007
    1998
    2024
    2079
    2061
    2098
    2055
    2126
    2088
    2139
    2223
    2227
    2324
    2319
    2353
    2366
    2431
    2328
    2344
    2483
    2462
    2330
    2324
    2307
    2336
    2230
    2311
    2144
    2182
    2106
    2145
    2137
    2020
    2013
    2063
    1961
    1935
    1994
    1964
    1917
    1911
    1863
    1865
    1891
    1912
    1872
    1868
    1925
    1824
    1937
    1894
    1859
    1882
    1913
    1905
    1800
    1818
    1823
    1821
    1849
    1799
    1854
    1772
    1719
    1673
    1627
    1723
    1716
    1716
    1683
    1635
    1652
    1622
    1637
    1636
    1640
    1599
    1573
    1550
    1559
    1523
    1525
    1484
    1525
    1462
    1531
    1443
    1514
    1515
    1484
    1407
    1498
    1430
    1511
    1516
    1435
    1431
    1417
    1435
    1411
    1399
    1442
    1442
    1363
    1361
    1358
    1297
    1385
    1309
    1313
    1289
    1329
    1385
    1285
    1295
    1273
    1298
    1273
    1279
    1192
    1260
    1305
    1269
    1297
    1233
    1323
    1256
    1300
    1252
    1197
    1302
    1232
    1284
    1312
    1178
    1219
    1234
    1194
    1247
    1200
    1275
    1230
    1178
    1176
    1213
    1219
    1232
    1155
    1239
    1169
    1207
    1266
    1174
    1183
    1115
    1136
    1268
    1102
    1153
    1164
    1199
    1194
    1100
    1222
    1126
    1155
    1174
    1162
    1196
    1204
    1215
    1164
    1155
    1172
    1135
    1156
    1209
    1216
    1225
    1122
    1169
    1124
    1174
    1156
    1247
    1176
    1187
    1198
    1217
    1200
    1168
    1292
    1204
    1247
    1166
    1215
    1250
    1227
    1220
    1180
    1076
    1158
    1170
    1095
    1128
    1076
    1089
    1021
    1016
    1002
    1011
    1000
     958
     920
     880
     882
     881
     867
     849
     765
     761
     789
     783
     729
     679
     708
     635
     635
     570
     607
     591
     623
     571
     525
     562
     462
     486
     473
     462
     462
     396
     413
     410
     369
     386
     358
     376
     334
     357
     349
     329
     305
     315
     316
     271
     310
     288
     268
     293
     275
     241
     276
     227
     266
     252
     207
     243
     221
     229
     214
     194
     219
     178
     193
     208
     199
     206
     165
     200
     174
     188
     169
     206
     169
     191
     176
     179
     162
     164
     164
     176
     196
     174
     167
     184
     174
     185
     184
     179
     196
     180
     186
     190
     159
     191
     201
     217
     217
     223
     204
     202
     232
     220
     249
     211
     278
     292
     320
     329
     364
     374
     470
     450
     498
     537
     589
     629
     668
     815
     837
     957
    1025
    1096
    1257
    1381
    1499
    1606
    1887
    1949
    2140
    2259
    2503
    2680
    2923
    3143
    3346
    3592
    3856
    3945
    4154
    4418
    4555
    5023
    5181
    5436
    5462
    5770
    5819
    6043
    6239
    6419
    6408
    6297
    6449
    6566
    6542
    6474
    6375
    6290
    6208
    5896
    5964
    5746
    5668
    5178
    5014
    4863
    4547
    4443
    4138
    3887
    3676
    3228
    3164
    2929
    2704
    2430
    2203
    2044
    1942
    1708
    1513
    1402
    1304
    1136
     978
     915
     783
     684
     618
     512
     465
     410
     377
     338
     277
     267
     238
     188
     181
     148
     130
     120
     129
      90
      90
      75
      78
      62
      64
      71
      66
      56
      49
      55
      44
      56
      58
      58
      38
      50
      42
      32
      43
      34
      50
      41
      52
      42
      31
      34
      51
      40
      40
      40
      46
      45
      40
      46
      45
      39
      35
      33
      31
      34
      41
      31
      49
      27
      46
      37
      44
      41
      38
      40
      21
      45
      42
      42
      40
      25
      39
      53
      51
      42
      42
      43
      38
      46
      38
      35
      39
      34
      37
      26
      37
      37
      34
      25
      24
      32
      31
      44
      37
      41
      39
      33
      21
      32
      36
      36
      54
      29
      34
      33
      33
      35
      38
      36
      38
      36
      32
      38
      33
      24
      32
      32
      34
      29
      29
      37
      38
      23
      43
      44
      41
      36
      35
      41
      37
      31
      29
      30
      28
      29
      41
      33
      43
      26
      33
      30
      39
      39
      34
      40
      34
      35
      29
      44
      36
      38
      34
      40
      43
      35
      43
      25
      32
      26
      38
      30
      36
      30
      41
      37
      34
      40
      48
      26
      33
      29
      32
      31
      42
      29
      27
      23
      27
      44
      35
      27
      27
      32
      37
      26
      42
      35
      31
      36
      26
      25
      18
      26
      28
      29
      34
      29
      28
      27
      31
      24
      23
      19
      23
      23
      20
      38
      22
      23
      29
      22
      32
      23
      21
      23
      14
      23
      23
      22
      31
      23
      26
      24
      25
      32
      23
      25
      17
      19
      21
      24
      27
      24
      26
      27
      19
      32
      23
      26
      27
      13
      30
      20
      22
      21
      21
      18
      43
      24
      20
      23
      21
      31
      16
      32
      28
      12
      22
      22
      22
      21
      25
      19
      27
      31
      24
      21
      20
      21
      19
      24
      23
      23
      16
      25
      33
      33
      33
      29
      23
      26
      28
      24
      20
      25
      28
      35
      23
      22
      30
      26
      28
      25
      27
      16
      21
      35
      28
      29
      28
      21
      29
      28
      27
      18
      22
      30
      25
      21
      22
      23
      24
      21
      29
      22
      22
      27
      17
      21
      23
      20
      19
      20
      25
      13
      15
      19
      19
      22
      14
      18
      12
      17
      20
      20
      20
      27
       8
      22
      20
      15
      22
      22
      22
      18
      16
      20
      19
      14
      21
      14
      21
      11
      19
      16
      17
      18
      19
      13
      14
      26
      19
      19
      23
      14
      12
      23
      14
      11
      11
      16
       8
      15
      14
      32
      14
      17
      15
      17
      15
      17
      18
      11
      14
      15
      14
      13
      17
      10
      10
      16
      12
      16
      19
      23
      12
      13
      19
      16
      12
       6
      12
      11
       8
      11
      19
      10
      10
       9
      12
      11
      14
      18
      17
      13
       9
      16
      15
       6
       6
       8
      12
      10
      14
      11
      13
       7
       9
      13
      13
       9
      14
      11
      16
      16
      12
       9
       9
      10
      11
      10
       8
       8
      10
      13
      12
      11
      10
       6
      12
      17
      11
      11
      14
      17
      13
       8
       8
      10
      10
       9
      16
      15
      13
       9
      11
       8
      13
       9
       9
      14
      14
      15
      13
      18
      11
       9
      10
      10
      12
      18
      11
       6
      14
      23
      11
      16
      11
      17
      21
      19
      16
      17
      12
      14
      14
      21
      21
      12
      18
      20
      23
      17
      14
      17
      13
      18
      23
      29
      18
      35
      27
      29
      39
      14
      25
      29
      25
      29
      33
      31
      24
      32
      26
      38
      24
      42
      39
      33
      30
      33
      38
      26
      28
      51
      30
      29
      35
      39
      30
      31
      31
      30
      23
      32
      24
      35
      35
      20
      22
      30
      19
      26
      20
      19
      19
      17
      29
      21
      14
      22
      11
      17
      14
      20
      13
      24
      16
      14
      21
      15
      12
      11
       8
      14
      12
       9
      10
      12
       7
       7
       7
       8
       7
      10
       9
       5
       8
       5
      10
       7
      12
       6
       6
       8
       7
       7
       5
       2
       2
       5
       4
       5
       6
       8
       3
      13
       4
       7
       3
       6
       4
       8
       5
       3
       2
       4
       3
       5
       1
       4
       7
       4
       5
       6
       4
       5
       5
      10
       8
       5
       4
       2
       5
       8
       6
       5
       5
       5
       2
       5
       2
       5
       8
       2
       4
       3
       7
       7
       2
       2
       5
       5
       5
       5
       3
       5
       6
       6
       2
       0
       4
       6
       1
       3
       3
       5
       9
       4
       3
       3
       6
       4
       4
       3
       5
       2
       2
       4
       3
       5
       3
       1
       4
       6
       3
       2
       2
       2
       2
       3
       4
       3
       2
       7
       5
       3
       5
       4
       5
       3
       2
       5
       4
       4
       8
       4
       2
       2
       8
       9
       1
       5
       4
       6
       2
       3
       4
       6
       5
       2
       3
       0
       2
       6
       6
       3
      10
       7
       6
       5
       3
       1
       7
       6
       3
       4
       7
       9
       6
       9
       8
       3
       4
       4
       9
       5
       6
       9
       6
       3
       4
       6
       5
       2
       6
      10
       3
       2
       5
       5
      10
       5
       4
       2
       4
       0
       4
       6
       3
       4
       3
       8
       8
       3
       6
       6
       6
       2
       6
       5
       6
       3
       5
       1
       1
       9
       4
       3
       5
       5
       4
       3
       5
       7
       2
       4
       0
       3
       1
       3
       2
       1
      10
       5
       5
       6
       5
       2
       8
       0
       7
       6
       6
       2
       4
       4
       1
       4
       6
       2
       1
       5
       2
       7
       2
       3
       2
       4
       0
       2
       4
       4
       4
       2
       1
       0
       3
       2
       3
       2
       2
       2
       1
       2
       4
       2
       3
       1
       3
       3
       1
       0
       4
       2
       4
       4
       4
       8
       4
       3
       4
       2
       2
       1
       5
       3
       1
       2
       3
       1
       3
       1
       0
       4
       3
       1
       2
       2
       1
       2
       3
       2
       1
       2
       3
       1
       2
       3
       0
       2
       2
       4
       1
       2
       0
       1
       1
       2
       2
       5
       4
       1
       1
       3
       2
       6
       1
       1
       0
       2
       1
       2
       2
       2
       2
       0
       1
       2
       7
       2
       1
       3
       1
       4
       2
       5
       2
       1
       1
       2
       2
       6
       1
       0
       1
       1
       2
       1
       3
       2
       4
       3
       2
       1
       2
       5
       2
       3
       2
       0
       3
       1
       6
       1
       1
       1
       3
       6
       2
       2
       1
       2
       2
       2
       2
       2
       2
       2
       3
       1
       3
       6
       2
       4
       1
       4
       4
       3
       6
       2
       1
       4
       3
       6
       3
       1
       3
       3
       3
       3
       0
       2
       2
       2
       1
       3
       5
       2
       3
       5
       3
       2
       5
       3
       2
       1
       1
       1
       2
       4
       0
       4
       3
       7
       7
       4
       4
       6
       1
       4
       1
       2
       2
       1
       4
       3
       5
       2
       2
       2
       4
       2
       5
       1
       5
       2
       0
       4
       1
       3
       3
       3
       1
       2
       0
       7
       3
       6
       2
       3
       5
       2
       2
       4
       1
       2
       2
       3
       4
       3
       4
       4
       2
       2
       2
       0
       2
       0
       4
       1
       3
       0
       4
       0
       2
       4
       0
       2
       6
       2
       4
       4
       3
       4
       0
       3
       2
       1
       1
       1
       1
       4
       4
       0
       3
       6
       1
       2
       2
       2
       2
       3
       3
       1
       0
       1
       0
       5
       3
       2
       3
       2
       1
       1
       1
       4
       3
       6
       4
       2
       5
       2
       3
       2
       3
       2
       4
       1
       2
       3
       3
       2
       1
       1
       2
       1
       2
       4
       3
       2
       4
       0
       3
       1
       0
       0
       3
       3
       2
       0
       3
       0
       4
       3
       2
       1
       3
       2
       1
       0
       0
       1
       2
       1
       0
       3
       4
       0
       2
       2
       2
       4
       1
       2
       1
       3
       0
       1
       1
       0
       1
       1
       0
       2
       1
       0
       2
       0
       1
       1
       3
       1
       0
       2
       1
       1
       0
       2
       1
       0
       0
       2
       3
       1
       2
       1
       0
       0
       2
       0
       1
       0
       1
       2
       2
       0
       0
       3
       1
       0
       0
       0
       1
       0
       0
       3
       2
       0
       0
       0
       0
       3
       2
       0
       1
       0
       1
       0
       0
       0
       1
       0
       0
       0
       0
       0
       0
       2
       0
       2
       1
       0
       1
       1
       0
       1
       1
       1
       0
       0
       0
       1
       0
       0
       1
       0
       0
       1
       2
       0
       2
       1
       1
       0
       0
       1
       2
       0
       3
       1
       0
       3
       1
       0
       0
       0
       0
       1
       0
       1
       0
       0
       0
       0
       0
       1
       2
       2
       4
       0
       1
       4
       3
       3
       2
       1
       2
       2
       6
       3
       1
       2
       2
       1
       1
       3
       2
       3
       4
       3
       5
       2
       3
       2
       1
       4
       2
       1
       1
       3
       4
       4
       2
       2
       1
       3
       1
       4
       2
       1
       3
       4
       3
       1
       2
       1
       1
       2
       1
       4
       5
       3
       4
       3
       3
       1
       4
       3
       5
       5
       3
       2
       5
       8
       5
       2
       1
       2
       2
       3
       4
       3
       1
       2
       2
       1
       4
       5
       1
       1
       2
       2
       3
       2
       2
       2
       0
       1
       2
       2
       2
       3
       1
       3
       3
       2
       2
       1
       2
       2
       0
       0
       1
       0
       4
       0
       3
       3
       1
       3
       0
       0
       2
       1
       0
       0
       0
       2
       1
       0
       3
       0
       0
       1
       1
       0
       0
       0
       0
       0
       1
       0
       0
       1
       0
       0
       0
       0
       1
       0
       1
       0
       0
       0
       1
       0
       0
       0
       0
       0
       0
       0
       1
       0
       1
       0
       0
       0
       0
       0
       0
       0
       0
       0
       0
       0
       0
       0
       0
       1
       1
       1
       1
       0
       0
       1
       0
       0
       1
       0
       0
       0
       0
       0
       0
       0
       0
       0
       0
       0
       0
       0
       0
       0
       0
       0
       0
       0
       0
       0
       0
       0
       0
       0
       0
       0
       0
       0
       0
       0
       0
       0
       0
       0
       0
       0
       0
$ROI:
2
425 561
973 1142
$PRESETS:
None
0
0
$ENER_FIT:
-54.092594 1.465894
$MCA_CAL:
3
-5.409259E+001 1.465894E+000 -4.602540E-005 keV
$SHAPE_CAL:
3
-5.474841E+001 2.638014E-001 -1.572140E-004
