$SPEC_ID:
No sample description was entered.
$SPEC_REM:
DET# 4
DETDESC# RBS-D MCB 129 Input 2
AP# Maestro Version 6.08
$DATE_MEA:
01/01/2008 02:33:20
$MEAS_TIM:
737 750
$DATA:
0 2047
       0
       0
       0
       0
       0
     855
     461
     463
     425
     452
     418
     419
     418
     461
     436
     458
     449
     481
     469
     540
     580
     608
     823
    1180
    1791
    2409
    2778
    2749
    2392
    2075
    1546
    1180
     964
     890
     738
     633
     653
     578
     626
     641
     671
     683
     658
     709
     731
     789
     769
     790
     819
     820
     877
     895
     917
    1002
     932
    1065
    1047
    1077
    1156
    1197
    1134
    1238
    1195
    1252
    1276
    1210
    1254
    1308
    1242
    1201
    1257
    1213
    1247
    1341
    1329
    1319
    1306
    1284
    1281
    1243
    1315
    1330
    1303
    1417
    1338
    1274
    1219
    1260
    1294
    1261
    1312
    1251
    1332
    1211
    1275
    1228
    1257
    1173
    1266
    1216
    1226
    1284
    1113
    1227
    1277
    1190
    1168
    1146
    1128
    1158
    1171
    1149
    1181
    1207
    1161
    1118
    1066
    1193
    1117
    1064
    1093
    1050
    1098
     988
    1050
    1054
    1065
    1058
    1107
    1018
    1075
    1077
    1002
    1033
     998
    1079
    1020
    1071
    1025
    1144
    1109
    1097
    1156
    1132
    1116
    1089
    1127
    1115
    1165
    1173
    1170
    1103
    1167
    1045
    1080
    1081
    1018
    1094
    1036
    1028
    1067
    1003
    1026
     928
     867
     948
     879
     961
     888
     948
     878
     872
     852
     866
     860
     823
     866
     866
     817
     877
     833
     831
     827
     849
     770
     800
     817
     815
     790
     722
     767
     733
     753
     681
     692
     701
     714
     712
     665
     778
     664
     668
     687
     656
     725
     684
     682
     673
     656
     696
     646
     660
     618
     636
     620
     646
     657
     645
     679
     668
     622
     621
     683
     648
     631
     607
     621
     604
     616
     559
     600
     579
     578
     565
     577
     612
     624
     603
     563
     609
     543
     585
     559
     536
     576
     554
     569
     520
     584
     558
     546
     517
     543
     533
     553
     530
     549
     535
     543
     518
     543
     502
     493
     495
     502
     543
     532
     434
     516
     508
     533
     494
     531
     515
     542
     497
     489
     506
     489
     503
     467
     483
     485
     464
     523
     478
     450
     475
     462
     495
     463
     494
     460
     459
     472
     442
     447
     482
     474
     419
     459
     461
     455
     451
     464
     488
     465
     480
     441
     443
     456
     495
     472
     452
     422
     463
     468
     432
     455
     454
     450
     500
     460
     468
     480
     436
     467
     453
     447
     462
     449
     416
     424
     429
     381
     445
     381
     378
     389
     390
     388
     395
     365
     388
     357
     350
     374
     303
     312
     276
     313
     311
     284
     277
     290
     287
     255
     263
     230
     244
     228
     217
     206
     221
     206
     180
     206
     213
     199
     176
     188
     165
     174
     152
     171
     161
     145
     136
     164
     135
     150
     160
     129
     132
     113
     107
     137
     136
     139
     136
     118
     133
     124
     124
     105
     112
     119
     103
     103
     108
      97
      92
     109
      92
      94
     105
      96
      97
      97
      88
      91
      94
     104
     102
      82
     101
      81
      91
      64
      84
      70
      88
      69
      95
      86
      88
      87
      89
      90
     104
      77
      99
      97
      82
      86
      97
      84
     102
      98
      91
     111
     119
     100
     106
     125
     116
     140
     126
     138
     149
     164
     204
     201
     190
     218
     208
     261
     253
     298
     315
     338
     354
     424
     446
     473
     518
     591
     646
     707
     750
     815
     896
     955
     981
    1095
    1133
    1256
    1327
    1400
    1426
    1516
    1566
    1657
    1838
    1866
    1885
    1992
    1989
    2060
    2160
    2132
    2328
    2205
    2227
    2292
    2201
    2222
    2133
    2210
    2103
    2064
    1981
    2015
    1866
    1830
    1782
    1684
    1541
    1596
    1456
    1275
    1195
    1098
    1070
     974
     933
     830
     756
     699
     617
     546
     490
     458
     457
     368
     306
     305
     243
     246
     210
     186
     156
     148
     120
     126
     100
      99
      86
      75
      71
      65
      65
      66
      45
      45
      54
      43
      44
      46
      36
      35
      28
      43
      33
      31
      27
      19
      28
      35
      25
      23
      26
      34
      32
      28
      25
      31
      24
      27
      25
      25
      30
      33
      26
      27
      27
      22
      34
      25
      20
      26
      18
      29
      26
      20
      29
      22
      24
      23
      22
      26
      20
      26
      21
      24
      22
      22
      26
      29
      31
      24
      19
      24
      21
      21
      27
      34
      23
      21
      32
      20
      18
      18
      24
      22
      18
      15
      21
      19
      27
      27
      23
      23
      23
      24
      27
      20
      23
      28
      26
      23
      22
      19
      23
      23
      15
      17
      27
      19
      22
      29
      12
      17
      19
      25
      18
      17
      23
      18
      19
      16
      20
      23
      20
      22
      19
      19
      11
      32
      21
      29
      30
      18
      26
      27
      21
      25
      20
      19
      22
      15
      20
      21
      22
      38
      24
      23
      24
      22
      27
      27
      28
      19
      27
      16
      17
      17
      29
      19
      22
      32
      22
      17
      24
      21
      29
      35
      24
      19
      19
      25
      17
      17
      28
      19
      25
      16
      19
      15
      16
      18
      20
      19
      25
      38
      26
      15
      25
      23
      13
      20
      17
      13
      14
      16
      19
      21
      20
      14
      17
      12
      15
      19
      22
      15
      20
      19
      15
       9
      13
      19
      13
      16
      16
      16
      12
      17
      22
      21
      12
      16
      17
      19
      12
      13
      16
       9
      15
       9
      12
      20
      14
      11
      18
      18
      10
      18
      13
      18
      17
      17
      16
      11
      18
      15
      11
      11
       9
      11
      15
      13
       9
      19
      16
      12
      14
      14
      11
       9
      11
       9
      12
      14
      17
      13
      16
      22
      15
      12
      19
      12
      13
      16
      15
      17
      17
      16
      18
      24
      21
      16
      20
      19
      17
      14
      14
      25
      21
      15
      23
      13
      22
      20
      28
      21
      20
      11
      18
      14
      16
      19
      24
      14
      14
      16
      14
      13
       8
      10
      17
      18
       9
      12
      18
      11
      11
      15
       7
      19
      15
      11
      14
      20
      10
      12
      18
      19
      10
      19
      10
      12
      10
      16
      13
      10
      18
      10
      14
       8
      13
      19
      17
      14
       8
      10
      16
       8
      15
      13
       8
      11
       8
       7
      10
       8
      11
      12
      13
      11
      12
      14
       9
       9
       8
       7
      18
      19
       7
      14
      10
       7
       7
       8
      11
       8
      16
      12
       8
       4
      15
      11
      11
       8
      11
      14
       8
      12
       8
      12
      13
      11
       7
      10
       7
      10
      11
      11
       9
       9
       6
       3
       8
      10
       6
       5
       7
       5
      11
       6
       3
       6
       6
       7
       6
      10
       5
       7
       3
       4
       9
       2
       7
       6
       7
       4
       7
       7
       8
       6
       7
       9
       9
       6
       5
       4
       7
      11
       7
       8
       8
       4
       1
       9
       5
       8
       5
       4
       6
       9
       5
       9
       6
       4
       8
       5
       8
       7
       3
      10
       3
       7
       7
       5
       4
       8
       7
      13
       7
       8
       4
       8
       7
      11
      12
       4
       7
      10
      12
       5
       5
      11
       7
      12
      15
       7
      12
      11
       6
       6
      12
       8
      12
      13
       9
       3
      13
      12
      12
      14
       9
      14
      17
      14
      12
      17
      13
      16
      15
      11
      26
      22
      22
      23
      18
      13
      17
      26
      16
      21
      20
      17
      27
      36
      24
      22
      22
      23
      19
      29
      23
      19
      25
      17
      19
      24
      34
      26
      28
      22
      23
      18
      22
      12
      25
      23
      11
      21
      20
      19
      14
      16
      15
      17
      17
       9
      14
      20
      16
      14
      14
       9
      10
      12
       9
      11
       5
       9
      11
      15
       9
       6
       7
       8
       9
       8
       4
       9
       6
       7
       4
       6
       7
       5
       5
       8
       4
       7
       5
       3
       1
       3
       3
       4
       6
       3
       2
       1
       2
       5
       4
       5
      10
       2
       3
       1
       9
       7
       4
       5
       4
       4
       4
       3
       4
       6
       3
       2
       2
       4
       4
       3
       3
       4
       5
       6
       4
       3
       7
       2
       5
       6
       3
       4
       2
       1
       2
       1
       3
       4
       2
       3
       1
       3
       8
       2
       6
       4
       1
       5
       2
       5
       2
       3
       2
       3
       2
       0
       0
       3
       4
       6
       1
       3
       3
       1
       3
       1
       3
       4
       4
       3
       5
       1
       1
       4
       3
       2
       2
       1
       5
       0
       2
       2
       5
       4
       0
       2
       1
       3
       8
       4
       3
       4
       2
       5
       0
       2
       4
       3
       3
       6
       3
       2
       1
       2
       1
       3
       8
       1
       4
       0
       3
       2
       2
       4
       2
       3
       4
       1
       2
       4
       4
       6
       3
       2
       2
       3
       3
       3
       2
       3
       6
       5
       7
       4
       5
       9
       1
       1
       2
       2
       4
       5
       1
       2
       2
       3
       3
       3
       0
       1
       5
       3
       5
       3
       2
       6
       5
       1
       3
       3
       5
       3
       3
       6
       3
       3
       5
       1
       3
       5
       3
       4
       0
       5
       7
       6
       1
       1
       2
       3
       1
       6
       3
       3
       0
       7
       2
       1
       2
       3
       2
       1
       1
       2
       3
       1
       6
       2
       6
       2
       5
       1
       1
       3
       1
       2
       1
       4
       0
       2
       1
       0
       2
       1
       4
       1
       2
       0
       1
       1
       2
       0
       3
       5
       1
       1
       1
       1
       0
       2
       0
       0
       1
       2
       4
       8
       1
       2
       0
       2
       1
       0
       1
       1
       0
       3
       3
       1
       1
       0
       2
       2
       5
       5
       0
       0
       1
       2
       2
       1
       1
       1
       0
       1
       3
       4
       2
       2
       1
       1
       1
       0
       1
       1
       0
       2
       0
       3
       0
       2
       2
       0
       0
       1
       1
       1
       1
       1
       3
       1
       0
       1
       0
       2
       0
       1
       2
       2
       0
       2
       4
       2
       0
       1
       4
       0
       1
       0
       2
       2
       3
       1
       2
       2
       0
       1
       1
       1
       1
       0
       1
       3
       2
       0
       2
       1
       1
       3
       1
       0
       4
       1
       2
       2
       0
       0
       0
       0
       1
       3
       2
       3
       2
       0
       1
       3
       2
       1
       2
       2
       1
       1
       1
       2
       3
       3
       1
       1
       0
       3
       3
       5
       2
       0
       2
       0
       3
       2
       1
       1
       2
       1
       2
       4
       3
       1
       0
       1
       4
       2
       1
       0
       4
       2
       0
       1
       2
       1
       1
       3
       0
       2
       1
       3
       0
       3
       0
       2
       3
       1
       0
       1
       2
       5
       6
       1
       3
       5
       3
       3
       1
       1
       2
       3
       0
       1
       1
       0
       1
       2
       1
       5
       1
       1
       1
       0
       2
       1
       0
       1
       1
       2
       3
       2
       1
       2
       1
       5
       1
       2
       0
       1
       3
       0
       1
       3
       0
       2
       1
       2
       2
       2
       1
       2
       2
       1
       0
       0
       0
       1
       2
       0
       1
       3
       1
       2
       3
       1
       2
       1
       1
       2
       3
       1
       1
       2
       2
       1
       0
       1
       2
       3
       2
       1
       1
       0
       4
       3
       1
       3
       2
       2
       1
       0
       1
       0
       0
       0
       1
       0
       3
       0
       1
       0
       3
       1
       0
       0
       1
       1
       0
       4
       1
       1
       2
       0
       1
       1
       5
       2
       1
       1
       2
       2
       3
       0
       3
       0
       2
       0
       2
       2
       1
       1
       0
       2
       0
       2
       3
       1
       3
       2
       0
       1
       0
       1
       1
       0
       2
       0
       2
       1
       3
       0
       0
       1
       0
       2
       0
       2
       2
       2
       0
       1
       1
       0
       0
       2
       0
       0
       1
       1
       0
       0
       0
       1
       0
       1
       1
       0
       1
       0
       0
       2
       1
       0
       1
       1
       1
       1
       0
       0
       1
       0
       2
       0
       0
       1
       0
       1
       0
       1
       2
       0
       1
       0
       1
       1
       3
       0
       1
       0
       0
       0
       0
       1
       0
       1
       2
       0
       1
       1
       0
       1
       0
       0
       0
       1
       1
       1
       0
       0
       0
       2
       3
       0
       0
       1
       0
       1
       2
       0
       1
       0
       0
       2
       0
       0
       1
       0
       0
       0
       0
       0
       0
       2
       1
       0
       0
       0
       0
       1
       1
       1
       1
       2
       0
       0
       1
       0
       0
       1
       0
       1
       1
       1
       0
       2
       0
       2
       1
       0
       0
       0
       0
       0
       0
       1
       0
       0
       0
       1
       2
       0
       2
       0
       0
       0
       1
       0
       0
       3
       1
       2
       2
       1
       2
       2
       0
       1
       1
       3
       1
       2
       2
       2
       3
       0
       1
       3
       1
       2
       3
       2
       4
       1
       2
       2
       4
       6
       2
       2
       1
       3
       2
       2
       2
       3
       1
       3
       2
       1
       0
       1
       1
       2
       3
       1
       1
       1
       1
       1
       5
       2
       3
       1
       3
       0
       4
       2
       1
       3
       0
       1
       1
       4
       1
       2
       0
       4
       1
       1
       0
       2
       1
       0
       0
       2
       5
       0
       1
       2
       2
       0
       0
       0
       0
       0
       2
       1
       1
       0
       0
       2
       1
       2
       2
       1
       1
       2
       0
       1
       2
       1
       0
       1
       1
       1
       1
       1
       0
       1
       0
       0
       0
       0
       0
       1
       0
       1
       2
       1
       0
       0
       0
       0
       0
       0
       3
       3
       0
       0
       0
       1
       0
       1
       0
       0
       0
       0
       0
       0
       1
       0
       0
       0
       0
       1
       0
       0
       0
       0
       0
       0
       0
       0
       0
       0
       0
       1
       1
       0
       0
       0
       0
       0
       1
       0
       0
       0
       0
       0
       0
       0
       0
       0
       0
       0
       0
       0
       0
       0
       0
       0
       0
       0
       0
       0
       0
       0
       0
       0
       0
       0
       0
       0
       0
       0
       0
       0
       0
       0
       0
       0
       0
       0
       0
       0
       0
       0
       0
       0
       0
       0
       0
       0
       0
$ROI:
3
425 561
973 1142
1798 1980
$PRESETS:
None
0
0
$ENER_FIT:
-54.092594 1.465894
$MCA_CAL:
3
-5.409259E+001 1.465894E+000 -4.602540E-005 keV
$SHAPE_CAL:
3
-5.474841E+001 2.638014E-001 -1.572140E-004
