$SPEC_ID:
No sample description was entered.
$SPEC_REM:
DET# 4
DETDESC# RBS-D MCB 129 Input 2
AP# Maestro Version 6.08
$DATE_MEA:
01/01/2008 02:23:11
$MEAS_TIM:
198 201
$DATA:
0 2047
       0
       0
       0
       0
       0
     233
     128
     123
      99
     125
     105
     123
     113
     132
     115
     123
     132
     141
     113
     154
     172
     170
     226
     336
     486
     624
     759
     749
     633
     554
     409
     327
     242
     249
     192
     169
     200
     142
     163
     172
     186
     177
     180
     182
     200
     240
     207
     216
     213
     230
     232
     243
     267
     265
     239
     262
     273
     286
     311
     317
     324
     314
     327
     331
     360
     315
     329
     345
     324
     318
     350
     327
     338
     390
     342
     356
     339
     356
     346
     345
     337
     355
     353
     372
     368
     331
     311
     354
     329
     355
     366
     321
     358
     343
     346
     338
     313
     313
     331
     337
     328
     308
     298
     315
     349
     330
     300
     316
     303
     299
     333
     297
     306
     366
     309
     307
     266
     328
     324
     282
     292
     291
     316
     268
     290
     272
     289
     259
     283
     281
     298
     284
     265
     296
     288
     308
     264
     296
     253
     312
     303
     298
     330
     342
     307
     335
     311
     295
     332
     321
     335
     304
     323
     272
     268
     283
     268
     303
     266
     292
     286
     287
     251
     220
     231
     265
     246
     259
     233
     245
     236
     257
     212
     222
     231
     218
     226
     214
     209
     254
     218
     238
     212
     226
     230
     200
     224
     208
     212
     199
     192
     180
     212
     139
     184
     177
     180
     196
     192
     209
     173
     207
     182
     160
     210
     192
     191
     167
     158
     191
     170
     171
     172
     162
     175
     166
     177
     168
     190
     182
     166
     179
     199
     174
     173
     158
     181
     156
     168
     152
     163
     150
     172
     175
     169
     164
     182
     152
     168
     173
     139
     160
     156
     176
     139
     153
     155
     131
     166
     166
     145
     136
     135
     129
     160
     124
     158
     150
     148
     141
     148
     127
     156
     145
     132
     138
     167
     126
     137
     147
     129
     129
     149
     135
     148
     149
     136
     124
     129
     154
     130
     125
     140
     130
     135
     141
     133
     137
     127
     128
     123
     134
     113
     114
     129
     116
     126
     135
     122
     100
     119
     109
     114
     121
     134
     141
     111
     128
     128
     111
     116
     143
     131
     131
     101
     127
     140
     112
     117
     121
     124
     142
     118
     142
     133
     109
     129
     126
     106
     118
     121
      99
     121
     100
     105
     107
     111
     110
     113
     114
     103
     100
     105
     105
     100
     110
     104
      91
      88
      71
      88
      78
      74
      67
      81
      76
      67
      80
      68
      70
      54
      53
      55
      55
      63
      59
      55
      70
      52
      44
      43
      43
      51
      41
      36
      42
      45
      48
      34
      39
      35
      43
      35
      36
      33
      26
      33
      33
      38
      35
      34
      40
      38
      36
      26
      37
      31
      22
      28
      28
      17
      24
      27
      30
      27
      21
      27
      23
      24
      23
      23
      21
      30
      30
      19
      28
      17
      22
      12
      22
      18
      27
      18
      23
      21
      21
      30
      28
      29
      33
      18
      22
      20
      20
      20
      27
      21
      21
      20
      30
      28
      40
      34
      29
      36
      41
      43
      38
      28
      43
      51
      66
      60
      49
      58
      67
      71
      62
      82
      92
      80
     102
     117
     115
     124
     125
     166
     180
     178
     195
     219
     239
     247
     267
     309
     343
     341
     370
     357
     387
     438
     397
     476
     512
     504
     513
     535
     588
     555
     584
     584
     614
     597
     600
     636
     618
     608
     576
     526
     588
     541
     538
     551
     529
     469
     470
     478
     422
     433
     396
     328
     337
     295
     267
     286
     261
     230
     198
     189
     152
     139
     146
     125
     130
      91
      78
      81
      63
      59
      50
      50
      43
      38
      29
      37
      22
      30
      23
      16
      14
      19
      17
      12
      10
       8
      14
      11
      15
      15
      10
       7
       6
       9
       7
       8
       6
       2
       8
       8
       4
       6
       9
      11
       8
       9
       5
       9
       8
       6
       6
       6
       8
       8
       6
      10
      10
       8
       8
       7
       3
       4
      10
       8
       9
       7
       6
       3
       9
       7
       8
       6
       6
       9
       7
       9
       2
       7
       8
       4
      10
       6
       8
       6
       4
       6
       9
       9
       3
       5
       9
       8
       5
       3
       8
       3
       2
       4
       6
       4
       6
       9
       7
       8
       6
       7
       8
       2
       2
       7
      11
      10
       7
       3
       3
       4
       1
       5
       8
       6
       7
       6
       3
       3
       9
       6
       3
       4
       8
       6
       3
       5
       7
       4
       3
       9
       5
       4
       3
       7
       5
       7
       9
       2
       6
       7
       5
       3
       6
       6
       6
       4
       6
       6
       9
       5
       4
       7
       3
       6
       9
      10
      12
       5
      10
       3
       5
       4
       7
       7
       5
      10
       7
       8
       4
       3
      10
       9
       5
       6
       1
       7
       6
       5
       7
       7
       6
       4
       4
       4
       3
       5
       5
       6
       3
       9
       4
       6
       8
       4
       2
       4
       6
       3
       2
       2
       2
       9
       5
       3
       2
       2
       3
       4
       8
       4
       5
       4
       4
       4
       2
       5
       7
       6
       3
       2
       3
       6
       6
       5
       4
       7
       9
       7
       3
       2
       1
       4
       3
       1
       4
       2
       5
       1
       5
       5
       2
       7
       2
       7
       5
       9
       7
       2
       5
       1
       3
       4
       3
       5
       2
       6
       3
       5
       3
       2
       2
       6
       1
       1
       3
       4
       3
       5
       5
       1
       3
       6
       3
       1
       3
       4
       2
       6
       1
       7
       2
       5
       0
       9
       5
       3
       8
       5
       6
       1
       4
       4
       0
       4
       9
       3
       8
       4
      11
       3
       3
       3
       4
       3
       4
       6
      10
       3
       2
       4
       4
       3
       2
       2
       8
       3
       1
       6
       6
       5
       4
       0
       3
       6
       5
       3
       5
       4
       1
       4
       6
       5
       3
       5
       3
       5
       3
       3
       4
       4
       6
       5
       2
       2
       3
       4
       5
       3
       1
       4
       7
       2
       3
       3
       2
       3
       3
       3
       2
       3
       2
       4
       5
       7
       4
       4
       3
       2
       3
       2
       8
       7
       0
       4
       2
       4
       3
       1
       3
       2
       4
       3
       3
       2
       1
       2
       5
       2
       3
       2
       2
       3
       2
       2
       5
       3
       2
       4
       0
       3
       4
       3
       4
       2
       3
       2
       2
       2
       0
       1
       2
       1
       6
       0
       1
       2
       2
       1
       0
       3
       1
       3
       1
       2
       0
       0
       2
       2
       2
       2
       2
       1
       1
       2
       4
       2
       4
       2
       0
       1
       1
       5
       3
       5
       2
       2
       0
       2
       1
       1
       1
       1
       1
       2
       1
       3
       2
       2
       3
       2
       3
       2
       2
       1
       0
       4
       0
       2
       0
       2
       0
       3
       1
       4
       2
       0
       1
       3
       2
       0
       2
       4
       3
       0
       1
       3
       2
       2
       5
       5
       5
       3
       1
       4
       1
       2
       4
       7
       2
       2
       5
       1
       5
       4
       3
       3
       4
       3
       4
       4
       5
       8
       3
       2
       6
       9
       9
       8
       4
       1
       2
       7
       2
       7
       4
       5
      12
      14
       6
       7
       5
       6
       4
       8
       5
       3
       5
       8
       2
       7
       7
       6
       7
       9
       3
       7
       7
       5
       8
       4
       3
       9
       6
       6
       2
       8
       3
       4
       3
       2
       3
       9
       5
       0
       3
       4
       4
       2
       3
       3
       2
       0
       2
       6
       1
       2
       1
       4
       3
       3
       1
       3
       1
       4
       2
       1
       1
       1
       1
       1
       2
       2
       2
       0
       0
       1
       1
       1
       2
       1
       1
       0
       1
       1
       0
       2
       2
       2
       0
       0
       3
       4
       1
       2
       2
       1
       1
       1
       2
       1
       0
       0
       1
       1
       0
       2
       0
       0
       1
       1
       0
       2
       1
       0
       3
       2
       1
       1
       2
       0
       0
       0
       1
       1
       0
       1
       0
       1
       2
       0
       2
       0
       1
       0
       0
       1
       2
       1
       1
       1
       1
       0
       0
       0
       1
       2
       0
       2
       1
       0
       1
       0
       0
       3
       1
       1
       0
       0
       0
       2
       0
       0
       0
       0
       0
       0
       0
       1
       1
       1
       0
       0
       0
       1
       2
       0
       0
       1
       0
       0
       0
       1
       0
       2
       0
       1
       1
       0
       0
       0
       1
       0
       2
       0
       2
       0
       0
       0
       0
       1
       0
       1
       0
       0
       0
       0
       0
       1
       1
       0
       1
       0
       1
       1
       1
       0
       2
       1
       1
       2
       1
       1
       0
       0
       1
       0
       1
       3
       0
       1
       0
       1
       1
       1
       0
       0
       1
       0
       3
       1
       0
       2
       4
       0
       1
       0
       1
       0
       0
       2
       0
       0
       2
       0
       0
       1
       0
       1
       0
       2
       2
       4
       0
       0
       0
       1
       0
       0
       0
       0
       0
       1
       1
       0
       0
       1
       1
       0
       0
       1
       0
       1
       1
       1
       2
       2
       2
       0
       0
       1
       0
       0
       1
       1
       0
       1
       0
       0
       0
       0
       0
       1
       0
       0
       0
       1
       0
       0
       0
       0
       0
       0
       0
       1
       0
       1
       0
       0
       0
       0
       1
       2
       0
       0
       0
       1
       0
       0
       0
       0
       0
       0
       1
       0
       1
       0
       0
       1
       0
       2
       0
       0
       1
       0
       1
       0
       0
       1
       0
       1
       0
       0
       1
       0
       0
       0
       1
       0
       0
       0
       0
       0
       0
       1
       0
       1
       0
       0
       0
       0
       0
       1
       0
       0
       2
       1
       0
       1
       0
       0
       0
       1
       1
       0
       0
       0
       2
       0
       0
       1
       0
       0
       0
       0
       2
       0
       0
       0
       0
       0
       0
       1
       1
       1
       1
       0
       1
       1
       1
       0
       0
       0
       0
       0
       1
       0
       2
       1
       1
       1
       0
       0
       0
       0
       0
       1
       1
       3
       0
       0
       0
       1
       0
       0
       0
       0
       0
       0
       0
       0
       1
       0
       0
       0
       0
       1
       0
       1
       1
       0
       0
       0
       2
       0
       1
       0
       1
       0
       0
       2
       1
       0
       0
       0
       0
       1
       0
       0
       2
       0
       0
       1
       1
       0
       0
       1
       0
       1
       1
       1
       0
       0
       0
       0
       2
       0
       0
       0
       1
       2
       2
       0
       0
       1
       0
       1
       0
       0
       1
       1
       0
       0
       0
       0
       0
       0
       0
       2
       0
       0
       1
       0
       0
       1
       0
       1
       0
       0
       2
       1
       0
       0
       0
       1
       0
       0
       0
       0
       2
       0
       0
       0
       0
       1
       0
       0
       1
       0
       0
       0
       1
       0
       0
       0
       0
       0
       1
       0
       1
       1
       0
       0
       2
       1
       0
       0
       1
       0
       0
       0
       0
       1
       1
       1
       0
       0
       1
       0
       0
       0
       0
       0
       2
       0
       1
       1
       1
       1
       1
       0
       0
       0
       0
       0
       0
       0
       0
       0
       0
       0
       0
       0
       0
       0
       0
       0
       0
       3
       1
       1
       2
       0
       0
       0
       0
       1
       0
       0
       1
       2
       0
       0
       1
       0
       0
       0
       1
       1
       0
       0
       0
       0
       0
       0
       0
       1
       0
       0
       0
       1
       0
       1
       0
       0
       1
       0
       1
       0
       0
       0
       0
       1
       0
       0
       0
       1
       0
       2
       0
       1
       0
       0
       0
       0
       0
       0
       0
       0
       0
       0
       0
       0
       0
       0
       0
       0
       0
       0
       0
       0
       0
       0
       1
       1
       0
       0
       0
       0
       0
       0
       1
       0
       0
       0
       0
       0
       0
       0
       0
       0
       0
       0
       0
       0
       0
       0
       0
       0
       0
       0
       0
       1
       0
       1
       0
       0
       1
       0
       0
       0
       0
       0
       0
       0
       1
       0
       0
       0
       0
       0
       1
       0
       0
       0
       0
       0
       2
       0
       0
       0
       0
       0
       0
       0
       1
       0
       0
       0
       0
       0
       0
       0
       1
       0
       0
       0
       0
       0
       0
       0
       0
       0
       0
       0
       0
       0
       0
       1
       0
       0
       1
       0
       0
       1
       0
       0
       0
       0
       0
       0
       0
       0
       0
       0
       0
       0
       0
       1
       0
       0
       1
       0
       0
       0
       0
       0
       0
       0
       1
       1
       0
       0
       0
       0
       0
       1
       0
       1
       0
       0
       1
       1
       1
       0
       0
       1
       0
       1
       0
       1
       1
       0
       0
       0
       3
       1
       0
       2
       0
       2
       1
       0
       0
       0
       0
       2
       1
       0
       0
       0
       0
       0
       0
       0
       1
       0
       0
       0
       2
       0
       1
       0
       2
       0
       1
       1
       1
       0
       0
       0
       1
       2
       1
       0
       0
       3
       0
       0
       0
       1
       0
       0
       0
       0
       1
       0
       0
       2
       0
       0
       0
       0
       0
       0
       0
       0
       0
       0
       0
       0
       0
       2
       0
       0
       1
       1
       0
       0
       0
       1
       0
       1
       1
       1
       1
       0
       0
       0
       0
       0
       0
       0
       0
       1
       0
       0
       1
       0
       0
       0
       0
       0
       0
       0
       2
       2
       0
       0
       0
       0
       0
       0
       0
       0
       0
       0
       0
       0
       1
       0
       0
       0
       0
       0
       0
       0
       0
       0
       0
       0
       0
       0
       0
       0
       0
       0
       1
       0
       0
       0
       0
       0
       1
       0
       0
       0
       0
       0
       0
       0
       0
       0
       0
       0
       0
       0
       0
       0
       0
       0
       0
       0
       0
       0
       0
       0
       0
       0
       0
       0
       0
       0
       0
       0
       0
       0
       0
       0
       0
       0
       0
       0
       0
       0
       0
       0
       0
       0
       0
       0
       0
       0
       0
$ROI:
3
425 561
973 1142
1798 1980
$PRESETS:
None
0
0
$ENER_FIT:
-54.092594 1.465894
$MCA_CAL:
3
-5.409259E+001 1.465894E+000 -4.602540E-005 keV
$SHAPE_CAL:
3
-5.474841E+001 2.638014E-001 -1.572140E-004
