$SPEC_ID:
No sample description was entered.
$SPEC_REM:
DET# 4
DETDESC# RBS-D MCB 129 Input 2
AP# Maestro Version 6.08
$DATE_MEA:
01/01/2008 02:30:24
$MEAS_TIM:
549 559
$DATA:
0 2047
       0
       0
       0
       0
       0
     652
     345
     341
     307
     345
     298
     318
     309
     344
     329
     329
     331
     358
     341
     399
     441
     441
     608
     894
    1363
    1793
    2078
    2037
    1781
    1529
    1151
     870
     712
     663
     545
     475
     494
     417
     454
     469
     512
     518
     487
     520
     562
     593
     584
     583
     634
     630
     645
     661
     700
     755
     696
     797
     772
     762
     877
     884
     842
     907
     877
     941
     942
     891
     946
     967
     916
     915
     932
     893
     945
    1004
     979
     990
     960
     969
     935
     957
     979
     995
    1007
    1037
     996
     961
     881
     943
     978
     971
     986
     912
     994
     885
     966
     918
     939
     863
     900
     917
     911
     963
     817
     901
     962
     882
     854
     866
     846
     853
     886
     842
     890
     920
     878
     859
     782
     893
     834
     770
     825
     807
     825
     734
     785
     791
     796
     799
     824
     763
     790
     801
     744
     781
     766
     821
     736
     782
     760
     864
     833
     820
     854
     866
     850
     815
     824
     833
     894
     871
     894
     842
     859
     763
     808
     829
     738
     831
     760
     776
     813
     737
     756
     671
     662
     725
     661
     714
     671
     700
     678
     660
     632
     638
     623
     617
     671
     642
     623
     647
     642
     624
     615
     657
     603
     594
     608
     628
     595
     548
     569
     541
     568
     495
     519
     512
     520
     551
     489
     589
     474
     503
     518
     481
     560
     503
     507
     492
     463
     526
     475
     491
     462
     468
     460
     477
     505
     470
     512
     479
     448
     466
     505
     479
     479
     448
     468
     448
     465
     418
     441
     441
     448
     432
     428
     438
     468
     472
     427
     437
     404
     419
     416
     417
     429
     413
     423
     395
     450
     414
     424
     367
     415
     405
     429
     383
     422
     394
     409
     396
     405
     372
     384
     365
     394
     415
     409
     347
     381
     385
     364
     365
     397
     384
     403
     380
     377
     377
     349
     378
     360
     361
     360
     337
     372
     346
     340
     352
     341
     377
     341
     369
     341
     336
     332
     311
     333
     358
     357
     301
     352
     333
     341
     341
     346
     370
     350
     348
     336
     323
     339
     377
     365
     338
     315
     347
     357
     331
     333
     348
     338
     382
     341
     357
     374
     340
     346
     339
     315
     329
     340
     298
     325
     313
     296
     340
     290
     284
     288
     294
     288
     286
     278
     288
     259
     269
     268
     232
     230
     196
     217
     234
     215
     208
     229
     208
     201
     204
     179
     186
     163
     155
     157
     158
     158
     140
     141
     168
     129
     134
     131
     124
     136
     117
     128
     118
     109
     102
     123
     104
     105
     123
      88
      91
      79
      70
     104
     105
      96
      92
      82
     108
     104
      89
      76
      83
      90
      73
      84
      82
      62
      69
      72
      66
      71
      78
      70
      75
      69
      63
      62
      66
      83
      75
      59
      73
      55
      68
      45
      56
      53
      64
      51
      69
      68
      65
      63
      72
      75
      82
      56
      75
      72
      63
      63
      73
      61
      68
      68
      70
      86
      87
      88
      82
      88
      86
     107
     101
      96
     108
     117
     151
     154
     149
     159
     157
     203
     195
     218
     252
     256
     263
     321
     359
     349
     391
     443
     482
     518
     562
     590
     667
     717
     759
     805
     855
     940
    1016
    1075
    1044
    1113
    1158
    1240
    1369
    1388
    1400
    1434
    1528
    1531
    1637
    1566
    1768
    1686
    1635
    1705
    1663
    1675
    1579
    1610
    1581
    1541
    1473
    1480
    1404
    1363
    1310
    1257
    1155
    1205
    1077
     920
     897
     821
     801
     714
     699
     617
     543
     516
     466
     402
     373
     343
     359
     281
     224
     232
     186
     179
     150
     139
     119
     111
      88
      92
      69
      80
      59
      53
      50
      52
      50
      46
      32
      31
      37
      35
      29
      34
      25
      24
      20
      32
      23
      23
      21
      12
      27
      25
      19
      15
      20
      23
      18
      25
      20
      24
      20
      19
      14
      19
      24
      21
      17
      18
      20
      17
      20
      15
      12
      17
      16
      22
      20
      13
      19
      14
      19
      15
      16
      18
      19
      20
      14
      16
      15
      14
      22
      22
      25
      16
      16
      20
      16
      17
      21
      24
      18
      14
      21
      18
      16
      15
      17
      13
      14
      11
      16
      14
      21
      22
      18
      15
      15
      18
      21
      10
      14
      18
      22
      20
      20
      14
      17
      14
       9
      13
      18
      11
      16
      24
       6
      13
      15
      20
      15
      10
      19
      16
      15
      11
      17
      16
      14
      17
      14
      13
      10
      26
      17
      19
      24
       7
      21
      22
      16
      16
      14
      16
      18
      13
      16
      13
      16
      27
      18
      18
      16
      18
      22
      20
      19
      15
      19
      10
      14
      12
      23
      15
      18
      24
      16
      14
      17
      14
      25
      29
      19
      14
       9
      20
      15
      13
      19
      12
      19
      13
      16
      12
      12
      14
      15
      17
      15
      28
      16
      11
      18
      18
       9
      15
      13
      11
      11
      13
      17
      18
      16
      11
      12
      10
       9
      15
      15
      13
      14
      16
      10
       7
       9
      16
      12
      13
      10
      14
       9
      11
      17
      14
       8
      11
      13
      14
       8
       6
      11
       6
      12
       6
       7
      13
      12
       7
      11
      12
       7
      15
      10
      14
      13
      16
      12
       6
      14
       8
       8
       8
       3
       8
      11
       8
       7
      14
      14
       5
       8
      10
       6
       7
      10
       9
      11
      10
      14
      11
      10
      18
      12
      12
      18
      10
       7
      14
      10
      14
      13
      14
      11
      21
      16
      12
      15
      13
      14
       8
      10
      16
      15
      11
      17
       9
      22
      16
      25
      17
      13
       9
      12
      10
       8
      14
      19
       9
      10
      14
      11
      12
       7
       6
      13
      13
       7
      11
      13
       7
       9
       9
       5
      15
      10
       8
      11
      16
       9
      11
      14
      14
       9
      16
       5
       9
       6
      12
       9
       6
      16
       7
       9
       6
      11
      16
      13
      10
       6
       5
      13
       6
      10
       9
       5
       8
       4
       6
       8
       5
       8
      10
      12
       9
       9
      12
       7
       8
       8
       4
      12
      15
       5
      13
       9
       6
       4
       6
       9
       6
      15
       8
       6
       3
       7
       8
      10
       7
       7
       9
       7
       9
       5
       5
      10
       8
       4
       7
       4
       9
       9
       7
       5
       6
       4
       2
       6
       8
       2
       4
       4
       3
       8
       2
       1
       5
       5
       5
       4
       6
       3
       6
       3
       3
       6
       0
       5
       5
       3
       3
       4
       5
       5
       5
       7
       7
       6
       5
       3
       4
       5
       8
       7
       8
       4
       4
       1
       5
       5
       3
       2
       3
       3
       7
       5
       6
       6
       4
       7
       5
       7
       4
       3
       7
       3
       6
       3
       4
       3
       6
       3
       9
       7
       5
       4
       3
       4
       8
       9
       4
       7
       9
       7
       4
       4
       9
       5
       7
      13
       7
       7
       7
       4
       5
       8
       6
      12
      11
       7
       3
      13
       8
       9
      10
       6
       9
      15
      11
      12
      14
      11
      13
      13
       7
      15
      17
      17
      20
      11
       8
      13
      22
      10
      18
      18
      13
      24
      29
      15
      16
      15
      16
      14
      23
      16
      13
      22
      14
      12
      13
      28
      18
      21
      18
      17
      13
      19
      11
      18
      17
       8
      18
      17
      16
       9
      13
       8
      10
      10
       7
      12
      17
      12
       8
      12
       7
       9
       7
       8
      10
       4
       5
       6
      11
       6
       4
       6
       8
       8
       6
       4
       8
       4
       6
       3
       2
       3
       2
       4
       6
       4
       5
       4
       2
       1
       2
       3
       3
       4
       1
       2
       1
       2
       3
       1
       4
       8
       2
       1
       1
       8
       6
       2
       5
       3
       3
       3
       3
       3
       5
       2
       2
       1
       3
       2
       3
       2
       3
       4
       4
       3
       3
       3
       2
       4
       5
       2
       3
       2
       0
       1
       0
       2
       2
       1
       2
       0
       3
       5
       1
       6
       3
       1
       3
       2
       5
       2
       3
       1
       2
       1
       0
       0
       0
       4
       4
       1
       3
       2
       0
       2
       1
       1
       4
       4
       2
       5
       1
       1
       3
       2
       1
       1
       1
       3
       0
       1
       2
       4
       4
       0
       1
       0
       2
       5
       2
       2
       3
       0
       3
       0
       2
       3
       3
       1
       5
       2
       1
       0
       2
       1
       2
       5
       1
       3
       0
       1
       1
       2
       3
       1
       3
       4
       0
       1
       2
       3
       3
       2
       1
       2
       2
       2
       2
       1
       2
       6
       3
       5
       4
       5
       7
       1
       1
       2
       2
       3
       4
       1
       2
       1
       2
       2
       3
       0
       1
       4
       2
       4
       2
       2
       5
       4
       0
       2
       3
       4
       2
       3
       5
       1
       1
       3
       1
       2
       2
       3
       3
       0
       5
       5
       5
       1
       1
       2
       2
       0
       3
       2
       2
       0
       2
       2
       1
       1
       2
       2
       0
       1
       2
       3
       1
       6
       1
       6
       2
       5
       0
       1
       1
       1
       2
       1
       3
       0
       2
       0
       0
       2
       1
       3
       1
       1
       0
       1
       1
       1
       0
       1
       4
       0
       1
       1
       1
       0
       2
       0
       0
       0
       1
       4
       7
       1
       2
       0
       2
       1
       0
       1
       0
       0
       2
       3
       1
       1
       0
       1
       2
       4
       3
       0
       0
       1
       2
       1
       0
       0
       1
       0
       1
       2
       4
       2
       1
       0
       1
       1
       0
       1
       1
       0
       1
       0
       3
       0
       1
       1
       0
       0
       1
       1
       1
       0
       1
       3
       1
       0
       1
       0
       1
       0
       1
       2
       2
       0
       2
       4
       2
       0
       1
       3
       0
       1
       0
       2
       2
       3
       1
       0
       1
       0
       1
       1
       1
       1
       0
       1
       2
       2
       0
       2
       1
       1
       2
       1
       0
       4
       1
       2
       1
       0
       0
       0
       0
       0
       3
       1
       3
       1
       0
       1
       1
       1
       0
       1
       2
       0
       0
       1
       1
       2
       2
       1
       0
       0
       1
       3
       2
       2
       0
       0
       0
       2
       2
       1
       0
       2
       1
       2
       4
       2
       1
       0
       0
       3
       1
       1
       0
       3
       2
       0
       1
       1
       1
       1
       2
       0
       1
       1
       3
       0
       3
       0
       0
       2
       0
       0
       1
       1
       4
       4
       1
       1
       4
       1
       3
       1
       1
       2
       2
       0
       1
       1
       0
       1
       2
       1
       3
       1
       1
       1
       0
       1
       1
       0
       1
       0
       2
       3
       2
       1
       2
       1
       3
       1
       2
       0
       0
       3
       0
       1
       2
       0
       2
       0
       2
       2
       2
       0
       1
       1
       0
       0
       0
       0
       1
       2
       0
       1
       1
       1
       2
       2
       1
       2
       1
       1
       2
       2
       1
       1
       2
       2
       1
       0
       0
       1
       2
       1
       0
       1
       0
       4
       3
       1
       3
       2
       1
       1
       0
       1
       0
       0
       0
       1
       0
       1
       0
       1
       0
       2
       1
       0
       0
       1
       1
       0
       3
       1
       1
       2
       0
       1
       1
       4
       2
       1
       1
       2
       2
       2
       0
       3
       0
       2
       0
       1
       1
       0
       1
       0
       2
       0
       2
       1
       1
       2
       2
       0
       1
       0
       1
       1
       0
       2
       0
       2
       1
       2
       0
       0
       1
       0
       2
       0
       2
       2
       2
       0
       1
       1
       0
       0
       2
       0
       0
       1
       1
       0
       0
       0
       1
       0
       1
       1
       0
       1
       0
       0
       1
       1
       0
       1
       1
       0
       1
       0
       0
       0
       0
       1
       0
       0
       1
       0
       1
       0
       1
       2
       0
       0
       0
       1
       1
       2
       0
       1
       0
       0
       0
       0
       1
       0
       1
       1
       0
       1
       1
       0
       1
       0
       0
       0
       1
       1
       1
       0
       0
       0
       2
       3
       0
       0
       1
       0
       0
       2
       0
       0
       0
       0
       2
       0
       0
       1
       0
       0
       0
       0
       0
       0
       1
       1
       0
       0
       0
       0
       1
       1
       1
       1
       2
       0
       0
       1
       0
       0
       1
       0
       1
       1
       1
       0
       2
       0
       1
       1
       0
       0
       0
       0
       0
       0
       1
       0
       0
       0
       1
       0
       0
       2
       0
       0
       0
       0
       0
       0
       1
       1
       1
       0
       1
       2
       1
       0
       1
       0
       2
       1
       1
       1
       2
       2
       0
       1
       2
       1
       2
       1
       2
       2
       0
       2
       1
       4
       3
       2
       2
       1
       2
       2
       1
       2
       2
       1
       2
       2
       1
       0
       1
       1
       1
       1
       0
       1
       1
       1
       0
       5
       2
       3
       0
       3
       0
       3
       1
       1
       2
       0
       1
       1
       3
       1
       2
       0
       4
       0
       0
       0
       2
       1
       0
       0
       2
       2
       0
       1
       2
       0
       0
       0
       0
       0
       0
       1
       1
       0
       0
       0
       2
       1
       2
       2
       0
       1
       2
       0
       0
       2
       1
       0
       1
       1
       1
       1
       0
       0
       1
       0
       0
       0
       0
       0
       1
       0
       0
       2
       1
       0
       0
       0
       0
       0
       0
       2
       3
       0
       0
       0
       0
       0
       1
       0
       0
       0
       0
       0
       0
       1
       0
       0
       0
       0
       1
       0
       0
       0
       0
       0
       0
       0
       0
       0
       0
       0
       1
       1
       0
       0
       0
       0
       0
       1
       0
       0
       0
       0
       0
       0
       0
       0
       0
       0
       0
       0
       0
       0
       0
       0
       0
       0
       0
       0
       0
       0
       0
       0
       0
       0
       0
       0
       0
       0
       0
       0
       0
       0
       0
       0
       0
       0
       0
       0
       0
       0
       0
       0
       0
       0
       0
       0
       0
       0
$ROI:
3
425 561
973 1142
1798 1980
$PRESETS:
None
0
0
$ENER_FIT:
-54.092594 1.465894
$MCA_CAL:
3
-5.409259E+001 1.465894E+000 -4.602540E-005 keV
$SHAPE_CAL:
3
-5.474841E+001 2.638014E-001 -1.572140E-004
