$SPEC_ID:
No sample description was entered.
$SPEC_REM:
DET# 4
DETDESC# RBS-D MCB 129 Input 2
AP# Maestro Version 6.08
$DATE_MEA:
01/01/2008 02:24:58
$MEAS_TIM:
301 306
$DATA:
0 2047
       0
       0
       0
       0
       0
     359
     186
     179
     172
     185
     155
     184
     171
     195
     182
     185
     201
     206
     182
     223
     249
     253
     344
     498
     727
     983
    1154
    1142
     974
     811
     629
     490
     394
     372
     300
     257
     295
     230
     245
     247
     272
     286
     267
     277
     315
     340
     312
     331
     318
     347
     345
     373
     398
     414
     365
     424
     422
     413
     483
     492
     482
     502
     497
     497
     530
     470
     510
     517
     491
     495
     528
     489
     507
     558
     529
     533
     520
     546
     525
     515
     500
     535
     548
     568
     549
     512
     485
     541
     513
     538
     534
     486
     551
     504
     535
     528
     501
     469
     497
     518
     511
     499
     466
     502
     529
     497
     463
     480
     475
     454
     495
     474
     466
     514
     490
     464
     408
     487
     477
     420
     452
     435
     462
     408
     430
     417
     445
     416
     436
     439
     428
     438
     414
     432
     436
     459
     389
     458
     406
     473
     469
     437
     483
     478
     476
     470
     459
     480
     486
     478
     499
     447
     477
     422
     420
     444
     407
     463
     413
     419
     469
     432
     399
     355
     372
     406
     371
     385
     357
     357
     370
     387
     335
     350
     346
     341
     366
     338
     345
     374
     347
     345
     337
     347
     339
     297
     335
     330
     327
     295
     292
     294
     316
     255
     289
     279
     273
     308
     282
     318
     259
     286
     282
     254
     299
     287
     282
     256
     243
     290
     246
     258
     252
     232
     268
     247
     259
     251
     273
     267
     250
     256
     302
     268
     263
     230
     262
     241
     258
     215
     232
     223
     258
     257
     240
     240
     259
     243
     235
     253
     207
     247
     236
     247
     238
     247
     231
     215
     240
     245
     218
     200
     203
     195
     244
     201
     236
     223
     228
     222
     226
     187
     221
     206
     206
     219
     244
     184
     208
     225
     191
     196
     215
     228
     203
     223
     202
     200
     205
     225
     201
     196
     209
     190
     189
     203
     198
     189
     192
     204
     191
     206
     186
     191
     174
     180
     186
     193
     191
     168
     187
     177
     186
     188
     194
     217
     195
     194
     191
     172
     178
     218
     191
     194
     183
     197
     211
     182
     183
     187
     182
     204
     186
     203
     209
     183
     191
     200
     170
     181
     194
     168
     188
     161
     156
     176
     168
     161
     165
     163
     154
     154
     160
     159
     144
     164
     149
     129
     132
     120
     116
     124
     123
     103
     132
     120
     108
     118
      97
     102
      86
      89
      89
      86
      85
      84
      90
     105
      71
      73
      72
      67
      78
      58
      58
      66
      67
      57
      60
      57
      53
      64
      53
      48
      51
      39
      48
      51
      57
      59
      47
      60
      57
      53
      40
      49
      51
      36
      43
      44
      23
      36
      39
      39
      46
      37
      40
      41
      41
      36
      34
      42
      48
      46
      30
      40
      24
      33
      21
      31
      33
      39
      28
      41
      36
      31
      43
      35
      45
      52
      29
      39
      35
      32
      30
      37
      33
      32
      37
      44
      43
      56
      50
      43
      48
      51
      60
      58
      47
      64
      70
      97
      91
      82
      85
      91
     108
      96
     123
     154
     130
     149
     192
     188
     192
     207
     245
     266
     293
     304
     319
     359
     383
     422
     450
     513
     512
     558
     572
     586
     645
     600
     708
     763
     782
     767
     779
     860
     839
     884
     872
     929
     899
     923
     941
     914
     932
     844
     832
     892
     833
     803
     822
     785
     719
     727
     709
     644
     656
     591
     490
     513
     436
     454
     416
     399
     331
     304
     289
     241
     206
     214
     201
     187
     138
     123
     131
      98
      91
      81
      73
      61
      59
      49
      56
      32
      53
      29
      25
      27
      33
      29
      23
      19
      14
      22
      16
      18
      21
      17
       9
      13
      15
      14
      11
       7
       7
      15
      13
       7
      10
       9
      15
       9
      15
      13
      11
      11
      10
       8
       9
      16
      11
       8
      13
      12
      11
      15
      11
      10
       7
      13
      15
      14
       7
       9
       8
      12
       9
      10
      13
       9
      13
       9
      10
       7
       9
      13
      11
      14
       8
       9
      14
       6
       7
      14
      14
      11
       6
      11
      11
       9
       7
      11
       9
       5
       5
      10
       4
      11
      14
       9
       9
       9
      12
      12
       4
       6
      13
      15
      15
      10
       7
       8
       5
       2
       7
      12
       7
      10
      12
       4
       6
      12
      10
       3
       8
      13
       8
       5
       5
      10
       8
       7
      10
       6
       4
       3
      11
       8
      10
      15
       5
       9
      11
       8
       7
      12
       7
       8
       9
       8
      10
      10
      12
      10
      11
       6
       9
      15
      13
      16
       8
      11
       3
       9
       7
      12
       9
      12
      13
       8
       9
       8
       7
      14
      11
       8
       9
       4
      11
       6
       6
      12
       9
       8
       8
       9
       7
       7
       7
       8
      10
       6
      14
       8
       6
      10
       6
       5
       6
       8
       6
       5
       5
       6
      13
       9
       8
       2
       3
       6
       7
       9
       5
      10
       9
       6
       4
       4
       7
       9
       9
       6
       8
       5
       7
       9
       8
       4
       9
      11
       7
       4
       3
       2
       5
       7
       3
       5
       5
       7
       4
       6
       8
       3
      14
       4
       8
       6
       9
       9
       3
      11
       1
       3
       5
       3
       5
       3
       6
       5
       6
       5
       3
       4
       8
       2
       2
       6
       7
       5
       6
       8
       5
       6
       9
       6
       6
       7
       6
       4
       8
       5
       7
       3
       7
       6
      13
       6
       5
      10
       6
       8
       3
       5
       6
       5
       7
      12
       5
      11
       8
      17
       5
       6
       5
       5
       6
       4
       6
      14
       5
       5
       6
       5
      10
       5
       3
      10
       7
       2
       7
       9
       5
       7
       3
       3
       8
       5
       5
       7
       9
       2
       7
       7
       8
       3
       6
       3
       7
       6
       7
       4
       4
       8
       6
       5
       3
       5
       6
       7
       8
       4
       5
       9
       3
       6
       3
       4
       4
       3
       4
       4
       3
       5
       6
       7
       7
       5
       7
       6
       2
       4
       3
      10
      13
       4
       7
       3
       4
       3
       1
       5
       3
       5
       5
       4
       2
       1
       2
       8
       3
       5
       4
       5
       4
       3
       3
       7
       6
       3
       4
       3
       3
       4
       3
       4
       2
       4
       2
       3
       4
       1
       2
       3
       1
       7
       2
       1
       4
       3
       2
       1
       4
       2
       4
       1
       3
       2
       0
       3
       2
       2
       2
       2
       1
       1
       3
       6
       5
       4
       3
       1
       3
       4
       6
       4
       6
       2
       3
       0
       3
       1
       2
       2
       2
       1
       3
       1
       4
       2
       3
       4
       4
       6
       2
       2
       2
       0
       5
       1
       3
       1
       3
       1
       3
       5
       4
       3
       2
       3
       5
       3
       0
       4
       6
       5
       1
       1
       5
       3
       4
       6
       6
       5
       4
       2
       5
       3
       3
       7
       8
       3
       2
       6
       2
       6
       6
       3
       4
       9
       4
       5
       8
       8
       8
       7
       3
       8
      10
      11
      11
       8
       3
       2
      13
       4
      11
       8
       5
      15
      16
       9
      10
       7
       9
       5
      16
       8
       8
      14
       9
       6
       9
      11
      10
      12
      11
       9
       9
       8
       7
      10
       6
       4
      10
       9
       9
       4
      10
       3
       6
       4
       3
       6
      10
       7
       4
       4
       6
       5
       3
       3
       5
       2
       3
       2
       6
       1
       2
       3
       5
       3
       4
       1
       4
       1
       5
       3
       2
       1
       1
       3
       2
       2
       4
       4
       0
       0
       1
       1
       1
       3
       1
       1
       0
       1
       2
       0
       2
       4
       2
       0
       0
       7
       4
       1
       2
       3
       2
       1
       1
       2
       1
       2
       0
       1
       1
       0
       3
       0
       1
       3
       3
       1
       2
       2
       1
       3
       3
       1
       3
       2
       0
       1
       0
       1
       1
       0
       1
       0
       1
       3
       0
       3
       2
       1
       2
       0
       3
       2
       1
       1
       1
       1
       0
       0
       0
       2
       4
       0
       2
       1
       0
       1
       0
       0
       3
       1
       1
       3
       1
       1
       2
       1
       1
       0
       0
       1
       0
       0
       1
       3
       1
       0
       0
       0
       2
       3
       0
       1
       3
       0
       0
       0
       2
       1
       2
       1
       2
       1
       0
       0
       0
       1
       0
       2
       0
       3
       0
       0
       0
       0
       2
       1
       2
       0
       0
       1
       0
       0
       2
       1
       0
       1
       0
       1
       1
       1
       0
       3
       2
       2
       3
       2
       3
       1
       0
       2
       1
       1
       4
       0
       1
       0
       1
       1
       1
       0
       0
       3
       1
       3
       2
       0
       3
       4
       0
       1
       0
       1
       0
       0
       3
       1
       0
       2
       0
       0
       1
       1
       2
       0
       3
       5
       5
       1
       0
       1
       1
       0
       2
       1
       1
       0
       1
       2
       0
       1
       1
       1
       0
       0
       1
       1
       1
       2
       1
       4
       2
       3
       0
       0
       1
       0
       1
       1
       1
       0
       1
       0
       0
       0
       1
       0
       1
       1
       0
       0
       1
       0
       0
       0
       2
       0
       1
       0
       1
       0
       1
       0
       0
       0
       0
       1
       3
       1
       0
       0
       1
       0
       0
       0
       0
       0
       1
       1
       1
       1
       0
       1
       2
       2
       3
       0
       0
       1
       0
       1
       0
       0
       1
       0
       1
       1
       1
       1
       0
       0
       0
       1
       0
       0
       0
       0
       0
       0
       1
       0
       1
       0
       0
       0
       0
       0
       1
       0
       0
       2
       1
       0
       1
       0
       0
       0
       1
       1
       0
       0
       0
       3
       0
       0
       1
       3
       0
       1
       0
       2
       0
       1
       0
       0
       1
       0
       1
       1
       1
       1
       0
       1
       2
       2
       0
       0
       0
       0
       1
       1
       0
       2
       1
       1
       1
       0
       0
       0
       0
       0
       2
       1
       3
       1
       0
       0
       1
       1
       0
       0
       1
       0
       0
       1
       1
       1
       0
       0
       0
       0
       1
       0
       1
       1
       0
       0
       0
       2
       1
       1
       0
       1
       0
       1
       3
       1
       0
       0
       0
       1
       1
       0
       0
       2
       1
       0
       1
       1
       0
       0
       1
       0
       1
       1
       2
       0
       3
       0
       0
       2
       0
       0
       0
       1
       2
       3
       0
       0
       3
       0
       3
       1
       0
       1
       1
       0
       0
       1
       0
       0
       0
       0
       2
       0
       1
       1
       0
       0
       1
       0
       1
       0
       0
       2
       1
       0
       1
       1
       2
       1
       0
       0
       0
       2
       0
       1
       0
       0
       1
       0
       0
       1
       1
       0
       0
       1
       0
       0
       0
       0
       1
       1
       0
       1
       1
       0
       2
       2
       1
       0
       0
       1
       0
       2
       0
       1
       1
       2
       1
       0
       0
       1
       2
       0
       0
       0
       0
       3
       1
       1
       1
       1
       1
       1
       0
       0
       0
       0
       0
       0
       0
       0
       0
       0
       0
       0
       1
       0
       0
       0
       0
       0
       3
       1
       1
       2
       0
       0
       0
       2
       2
       0
       0
       1
       2
       0
       0
       1
       0
       1
       0
       1
       1
       0
       0
       0
       2
       0
       2
       1
       1
       0
       0
       0
       1
       0
       1
       1
       0
       2
       0
       1
       0
       0
       0
       0
       1
       0
       1
       0
       1
       0
       2
       0
       1
       0
       0
       0
       1
       0
       0
       1
       1
       0
       0
       0
       1
       0
       0
       0
       0
       0
       0
       0
       0
       1
       0
       1
       1
       0
       0
       0
       0
       0
       0
       1
       0
       0
       0
       0
       0
       0
       1
       1
       0
       0
       0
       1
       0
       0
       0
       1
       0
       0
       0
       0
       1
       0
       1
       1
       0
       1
       1
       0
       0
       0
       0
       0
       0
       1
       1
       0
       0
       0
       0
       2
       0
       0
       0
       0
       0
       2
       0
       0
       0
       0
       0
       0
       0
       1
       0
       0
       0
       0
       0
       0
       0
       1
       0
       0
       0
       0
       0
       0
       0
       1
       1
       0
       0
       0
       0
       0
       1
       0
       1
       1
       0
       0
       1
       0
       0
       0
       0
       0
       0
       0
       0
       0
       1
       0
       0
       0
       1
       0
       0
       1
       0
       0
       0
       0
       0
       0
       0
       1
       1
       0
       0
       2
       1
       0
       1
       0
       1
       0
       0
       1
       1
       2
       0
       1
       2
       0
       1
       1
       2
       1
       0
       1
       0
       3
       2
       0
       2
       0
       2
       1
       1
       1
       0
       0
       2
       2
       0
       0
       0
       1
       0
       0
       0
       1
       0
       0
       0
       4
       1
       2
       0
       3
       0
       1
       1
       1
       2
       0
       0
       1
       3
       1
       1
       0
       3
       0
       0
       0
       2
       0
       0
       0
       0
       1
       0
       0
       2
       0
       0
       0
       0
       0
       0
       0
       0
       0
       0
       0
       0
       0
       2
       0
       0
       1
       1
       0
       0
       1
       1
       0
       1
       1
       1
       1
       0
       0
       0
       0
       0
       0
       0
       0
       1
       0
       0
       1
       0
       0
       0
       0
       0
       0
       0
       2
       2
       0
       0
       0
       0
       0
       0
       0
       0
       0
       0
       0
       0
       1
       0
       0
       0
       0
       1
       0
       0
       0
       0
       0
       0
       0
       0
       0
       0
       0
       0
       1
       0
       0
       0
       0
       0
       1
       0
       0
       0
       0
       0
       0
       0
       0
       0
       0
       0
       0
       0
       0
       0
       0
       0
       0
       0
       0
       0
       0
       0
       0
       0
       0
       0
       0
       0
       0
       0
       0
       0
       0
       0
       0
       0
       0
       0
       0
       0
       0
       0
       0
       0
       0
       0
       0
       0
       0
$ROI:
3
425 561
973 1142
1798 1980
$PRESETS:
None
0
0
$ENER_FIT:
-54.092594 1.465894
$MCA_CAL:
3
-5.409259E+001 1.465894E+000 -4.602540E-005 keV
$SHAPE_CAL:
3
-5.474841E+001 2.638014E-001 -1.572140E-004
