$SPEC_ID:
No sample description was entered.
$SPEC_REM:
DET# 4
DETDESC# RBS-D MCB 129 Input 2
AP# Maestro Version 6.08
$DATE_MEA:
01/01/2008 02:36:58
$MEAS_TIM:
817 832
$DATA:
0 2047
       0
       0
       0
       0
       0
     959
     500
     503
     476
     507
     475
     468
     461
     496
     483
     499
     501
     525
     514
     591
     620
     685
     911
    1300
    1986
    2671
    3088
    3046
    2663
    2333
    1713
    1322
    1078
     986
     823
     716
     723
     644
     678
     711
     730
     761
     717
     790
     809
     869
     844
     876
     920
     923
     980
     987
    1034
    1113
    1050
    1176
    1144
    1199
    1282
    1325
    1260
    1379
    1343
    1407
    1413
    1337
    1392
    1441
    1382
    1355
    1389
    1370
    1416
    1498
    1469
    1447
    1441
    1422
    1418
    1365
    1474
    1487
    1434
    1552
    1471
    1397
    1351
    1389
    1419
    1401
    1471
    1381
    1458
    1360
    1403
    1361
    1384
    1322
    1406
    1352
    1362
    1419
    1251
    1363
    1416
    1325
    1297
    1287
    1255
    1296
    1286
    1291
    1296
    1325
    1287
    1245
    1195
    1309
    1239
    1185
    1195
    1158
    1223
    1114
    1174
    1190
    1180
    1184
    1236
    1130
    1178
    1181
    1129
    1145
    1111
    1188
    1123
    1175
    1146
    1275
    1226
    1235
    1271
    1259
    1225
    1215
    1230
    1228
    1288
    1291
    1290
    1239
    1280
    1168
    1204
    1206
    1146
    1209
    1130
    1144
    1204
    1119
    1154
    1037
     976
    1069
     963
    1053
     983
    1054
     965
     955
     948
     951
     960
     905
     954
     967
     897
     964
     924
     924
     909
     941
     855
     893
     901
     896
     856
     802
     857
     820
     825
     757
     760
     784
     792
     789
     763
     866
     726
     752
     766
     731
     801
     771
     746
     751
     728
     766
     723
     734
     690
     699
     690
     709
     725
     712
     745
     737
     687
     690
     771
     724
     700
     668
     687
     674
     666
     623
     666
     649
     645
     619
     644
     672
     695
     667
     627
     668
     589
     634
     634
     593
     637
     606
     645
     573
     642
     632
     602
     570
     612
     592
     615
     584
     608
     600
     592
     588
     599
     574
     544
     568
     567
     607
     581
     489
     572
     551
     607
     538
     582
     578
     590
     536
     549
     558
     539
     561
     517
     533
     526
     505
     566
     524
     505
     527
     509
     544
     522
     554
     505
     507
     524
     504
     495
     528
     519
     477
     499
     504
     504
     500
     500
     549
     524
     527
     490
     491
     519
     540
     516
     499
     481
     512
     516
     502
     499
     500
     510
     553
     518
     521
     537
     491
     498
     494
     488
     511
     491
     456
     474
     472
     429
     490
     426
     422
     437
     423
     427
     421
     406
     431
     394
     388
     413
     334
     351
     309
     337
     338
     324
     317
     325
     312
     275
     288
     258
     270
     260
     243
     231
     243
     224
     198
     233
     230
     218
     189
     212
     187
     204
     168
     187
     173
     160
     147
     182
     155
     167
     177
     143
     147
     137
     123
     146
     147
     154
     149
     129
     142
     134
     140
     113
     123
     134
     109
     113
     125
     117
     104
     121
     102
     100
     117
     110
     110
     105
     101
     104
     102
     113
     109
      94
     106
      88
     104
      75
      93
      83
      94
      84
     104
      91
      98
      94
     105
     103
     116
      83
     103
     103
      92
      98
     115
      98
     116
     102
      97
     122
     132
     114
     124
     137
     125
     155
     142
     153
     164
     174
     219
     223
     215
     243
     231
     296
     284
     327
     353
     393
     385
     470
     497
     521
     565
     647
     718
     790
     838
     929
     983
    1053
    1113
    1212
    1273
    1379
    1489
    1542
    1585
    1682
    1760
    1817
    2026
    2064
    2073
    2211
    2213
    2300
    2418
    2365
    2565
    2460
    2464
    2520
    2423
    2445
    2369
    2448
    2353
    2275
    2211
    2227
    2065
    2037
    1957
    1878
    1707
    1768
    1603
    1399
    1321
    1215
    1197
    1073
    1030
     934
     843
     779
     678
     616
     549
     520
     513
     414
     347
     346
     266
     271
     230
     200
     175
     165
     134
     143
     127
     104
      96
      83
      79
      72
      70
      74
      49
      48
      57
      47
      48
      49
      41
      35
      33
      45
      38
      36
      32
      21
      29
      39
      27
      26
      32
      36
      36
      29
      29
      33
      27
      32
      27
      31
      31
      37
      31
      28
      29
      22
      36
      30
      24
      31
      23
      31
      29
      20
      32
      24
      25
      28
      24
      29
      25
      26
      22
      29
      25
      24
      26
      32
      32
      26
      25
      28
      24
      22
      30
      34
      26
      23
      35
      24
      20
      22
      26
      24
      22
      16
      24
      19
      30
      30
      26
      26
      26
      28
      30
      22
      26
      31
      29
      25
      27
      21
      23
      27
      15
      20
      32
      20
      24
      31
      14
      22
      20
      30
      19
      18
      26
      18
      20
      19
      21
      25
      23
      24
      21
      19
      13
      33
      23
      34
      34
      19
      32
      28
      24
      28
      24
      19
      26
      18
      23
      25
      25
      39
      30
      25
      26
      26
      31
      30
      30
      23
      32
      18
      21
      19
      31
      22
      23
      34
      28
      19
      28
      24
      31
      35
      29
      20
      25
      27
      22
      19
      32
      21
      27
      17
      23
      16
      18
      20
      21
      22
      26
      39
      30
      16
      26
      26
      16
      22
      18
      14
      14
      18
      20
      22
      21
      16
      19
      14
      17
      22
      24
      15
      22
      22
      15
       9
      16
      23
      14
      16
      17
      17
      14
      19
      23
      24
      13
      16
      19
      21
      18
      14
      16
      10
      22
      12
      14
      22
      16
      13
      18
      20
      11
      19
      14
      20
      17
      17
      19
      11
      18
      18
      12
      13
      12
      14
      16
      16
      12
      22
      17
      13
      16
      14
      13
      14
      13
      10
      17
      15
      17
      13
      18
      24
      17
      13
      22
      17
      13
      17
      17
      19
      21
      20
      18
      26
      23
      19
      21
      21
      18
      16
      16
      28
      24
      16
      27
      17
      23
      21
      28
      23
      24
      17
      19
      16
      16
      21
      28
      15
      14
      17
      15
      14
       9
      12
      18
      20
      12
      13
      19
      12
      14
      15
       8
      22
      17
      13
      17
      20
      14
      12
      19
      21
      12
      19
      10
      12
      12
      18
      13
      11
      22
      11
      15
       8
      18
      19
      20
      15
       9
      11
      17
       8
      17
      13
      10
      11
       8
       8
      12
      10
      12
      12
      14
      11
      12
      18
      10
      10
      11
      10
      18
      20
       7
      16
      10
       7
       9
       9
      13
       8
      19
      13
      10
       5
      17
      12
      12
       8
      12
      14
       9
      12
      12
      13
      15
      11
       9
      10
       9
      10
      13
      13
      10
       9
       7
       4
      10
      10
       6
       7
       8
       6
      12
       8
       4
       7
       6
       8
       6
      10
       6
       9
       4
       5
      10
       3
       9
       6
       8
       5
       7
       8
      10
       6
       7
      10
       9
       6
       5
       6
       7
      13
      11
       9
       8
       4
       3
      10
       6
       8
       6
       6
       6
      11
       5
       9
       7
       5
       9
      10
       9
       8
       4
      11
       3
       7
       7
       6
       5
       9
       9
      13
       7
       9
       4
       8
       7
      13
      13
       4
       8
      11
      12
       5
       6
      12
       7
      13
      16
       8
      12
      13
       6
       8
      12
       9
      12
      14
      10
       4
      14
      13
      12
      16
      10
      16
      18
      15
      12
      18
      13
      18
      18
      16
      30
      25
      23
      27
      20
      15
      18
      29
      19
      24
      20
      20
      33
      37
      26
      24
      25
      28
      21
      32
      27
      24
      27
      20
      25
      27
      38
      28
      29
      23
      23
      20
      24
      17
      25
      25
      12
      22
      24
      20
      15
      18
      16
      19
      18
      10
      15
      22
      19
      14
      15
      12
      12
      12
       9
      12
       7
      10
      11
      16
       9
       7
       9
      10
       9
       8
       5
      10
       6
       7
       6
       8
       8
       6
       5
       8
       4
       8
       5
       3
       1
       3
       4
       5
       7
       3
       2
       2
       3
       6
       4
       6
      11
       2
       5
       3
       9
       7
       5
       5
       4
       6
       5
       4
       4
       6
       3
       2
       3
       4
       4
       3
       4
       5
       6
       6
       4
       3
       7
       2
       5
       8
       3
       4
       4
       2
       2
       1
       3
       5
       2
       4
       1
       3
      10
       2
       7
       4
       1
       5
       4
       5
       2
       3
       2
       3
       3
       0
       0
       3
       5
       6
       1
       6
       3
       1
       3
       1
       4
       7
       4
       3
       5
       1
       1
       4
       4
       3
       2
       1
       5
       0
       2
       2
       5
       4
       0
       3
       1
       3
       8
       4
       3
       5
       4
       5
       0
       3
       4
       3
       3
       6
       3
       3
       1
       2
       1
       4
       8
       2
       4
       0
       3
       2
       2
       4
       2
       3
       4
       1
       2
       4
       4
       6
       3
       2
       3
       3
       3
       4
       2
       3
       7
       5
       7
       4
       5
       9
       1
       1
       2
       2
       4
       6
       1
       2
       3
       4
       3
       3
       0
       2
       5
       4
       5
       3
       2
       6
       5
       1
       4
       3
       5
       3
       3
       6
       4
       4
       5
       1
       3
       5
       3
       4
       0
       5
       7
       6
       1
       1
       3
       3
       1
       6
       3
       3
       1
       7
       2
       3
       3
       3
       2
       2
       1
       2
       3
       3
       6
       2
       6
       2
       5
       1
       3
       4
       2
       3
       1
       5
       0
       3
       2
       0
       2
       1
       4
       1
       2
       0
       1
       1
       2
       0
       4
       5
       3
       1
       2
       1
       1
       2
       0
       0
       1
       3
       6
       8
       1
       2
       0
       2
       1
       0
       1
       1
       1
       3
       3
       1
       1
       0
       2
       2
       5
       5
       0
       0
       1
       2
       2
       1
       1
       1
       0
       1
       3
       4
       2
       2
       2
       1
       1
       0
       1
       1
       0
       2
       0
       3
       0
       2
       2
       0
       0
       2
       1
       1
       1
       1
       3
       1
       0
       2
       0
       2
       0
       1
       3
       3
       0
       2
       4
       2
       0
       2
       4
       0
       1
       0
       2
       2
       3
       1
       2
       2
       0
       1
       1
       1
       1
       0
       1
       3
       2
       1
       2
       1
       1
       3
       1
       2
       4
       1
       2
       2
       0
       1
       0
       0
       1
       3
       2
       3
       2
       0
       2
       3
       2
       1
       2
       2
       1
       1
       1
       2
       3
       4
       1
       1
       0
       3
       3
       5
       2
       0
       2
       0
       3
       2
       2
       1
       2
       1
       2
       4
       3
       1
       0
       1
       4
       2
       1
       0
       4
       2
       0
       1
       2
       1
       1
       3
       0
       2
       1
       5
       0
       3
       1
       2
       3
       1
       0
       1
       3
       6
       6
       1
       3
       5
       3
       3
       1
       1
       2
       3
       0
       2
       1
       0
       1
       2
       1
       6
       2
       1
       1
       0
       2
       1
       0
       2
       1
       3
       3
       2
       1
       2
       1
       6
       1
       2
       0
       2
       3
       0
       1
       3
       0
       2
       1
       2
       2
       2
       1
       3
       2
       1
       0
       0
       0
       1
       3
       0
       1
       3
       1
       2
       3
       1
       2
       1
       1
       2
       3
       1
       1
       3
       2
       1
       0
       1
       2
       3
       2
       1
       1
       0
       4
       3
       1
       3
       2
       2
       1
       0
       1
       0
       0
       1
       2
       0
       3
       0
       1
       0
       3
       1
       0
       0
       1
       1
       0
       5
       1
       1
       2
       0
       1
       1
       6
       2
       1
       1
       2
       2
       3
       0
       3
       0
       2
       0
       2
       2
       1
       1
       0
       2
       0
       2
       3
       1
       3
       2
       0
       2
       0
       1
       1
       0
       3
       0
       2
       1
       3
       0
       1
       1
       0
       2
       0
       2
       3
       2
       0
       1
       2
       0
       0
       2
       0
       0
       1
       1
       0
       0
       1
       1
       1
       1
       1
       0
       1
       0
       0
       2
       1
       0
       1
       1
       1
       1
       0
       0
       1
       0
       3
       0
       0
       1
       0
       1
       0
       1
       2
       0
       1
       0
       2
       1
       4
       0
       1
       0
       0
       0
       0
       1
       1
       1
       2
       0
       1
       1
       0
       2
       0
       0
       0
       1
       1
       1
       0
       0
       0
       2
       3
       0
       0
       1
       0
       1
       2
       0
       1
       0
       0
       2
       0
       0
       1
       0
       0
       1
       0
       0
       0
       2
       1
       0
       0
       0
       0
       1
       1
       1
       1
       2
       0
       0
       1
       0
       0
       1
       0
       1
       1
       1
       0
       2
       0
       2
       1
       0
       1
       0
       1
       0
       0
       1
       0
       0
       0
       1
       2
       0
       2
       0
       0
       1
       1
       0
       0
       3
       1
       2
       3
       1
       2
       2
       0
       1
       1
       3
       1
       2
       2
       2
       3
       0
       1
       3
       1
       2
       3
       2
       4
       1
       2
       2
       4
       6
       2
       2
       1
       4
       2
       2
       2
       3
       2
       3
       2
       2
       0
       1
       1
       2
       4
       1
       2
       2
       1
       1
       6
       2
       3
       1
       3
       1
       4
       2
       2
       3
       1
       1
       1
       4
       1
       2
       0
       4
       1
       1
       0
       3
       1
       0
       0
       2
       5
       0
       1
       2
       2
       0
       0
       1
       0
       1
       2
       1
       2
       0
       0
       2
       1
       3
       2
       1
       1
       4
       0
       1
       2
       1
       0
       1
       1
       1
       1
       2
       0
       1
       0
       0
       0
       0
       0
       2
       0
       1
       2
       1
       0
       0
       0
       0
       0
       0
       3
       3
       0
       0
       0
       1
       0
       1
       0
       0
       0
       0
       0
       0
       1
       0
       0
       0
       0
       1
       0
       0
       0
       0
       0
       0
       0
       0
       0
       0
       0
       1
       1
       0
       0
       0
       0
       0
       1
       0
       0
       0
       0
       0
       0
       0
       0
       0
       0
       0
       0
       0
       0
       0
       0
       0
       0
       0
       0
       0
       0
       0
       0
       0
       0
       0
       0
       0
       0
       0
       0
       0
       0
       0
       0
       0
       0
       0
       0
       0
       0
       0
       0
       0
       0
       0
       0
       0
       0
$ROI:
3
425 561
973 1142
1798 1980
$PRESETS:
None
0
0
$ENER_FIT:
-54.092594 1.465894
$MCA_CAL:
3
-5.409259E+001 1.465894E+000 -4.602540E-005 keV
$SHAPE_CAL:
3
-5.474841E+001 2.638014E-001 -1.572140E-004
