$SPEC_ID:
No sample description was entered.
$SPEC_REM:
DET# 4
DETDESC# RBS-D MCB 129 Input 2
AP# Maestro Version 6.08
$DATE_MEA:
01/01/2008 02:20:49
$MEAS_TIM:
51 52
$DATA:
0 2047
       0
       0
       0
       0
       0
      52
      26
      33
      18
      33
      27
      39
      24
      35
      34
      33
      30
      40
      27
      43
      52
      45
      60
      94
     134
     164
     194
     193
     172
     160
     109
      80
      63
      68
      51
      45
      44
      33
      36
      33
      48
      51
      55
      41
      48
      65
      42
      66
      63
      52
      59
      67
      73
      61
      61
      87
      75
      74
      86
      90
      80
      78
      83
      76
      88
      86
      84
      92
      87
      86
      82
      92
      95
     112
      84
      87
      91
      86
      95
      80
      98
      98
      95
     110
      80
      88
      85
      99
      88
      90
     107
      70
      97
      99
      80
      74
      65
      84
      96
      75
      93
      69
      83
      80
      92
      91
      81
      88
      70
      81
      81
      94
      79
      90
      88
      89
      74
      92
      96
      85
      86
      71
      80
      74
      83
      68
      80
      58
      67
      69
      86
      64
      74
      78
      55
      93
      55
      88
      60
      80
      81
      76
      79
      84
      86
      78
      77
      83
      75
      79
      66
      79
      77
      78
      71
      79
      56
      67
      51
      86
      70
      71
      64
      62
      59
      58
      79
      69
      62
      62
      55
      68
      42
      54
      55
      59
      55
      53
      49
      74
      69
      62
      53
      53
      58
      53
      57
      54
      54
      41
      42
      45
      59
      27
      40
      56
      45
      50
      54
      67
      41
      53
      45
      48
      52
      39
      56
      46
      39
      48
      47
      39
      44
      39
      55
      43
      41
      41
      40
      49
      53
      45
      49
      53
      44
      43
      48
      38
      43
      41
      44
      41
      44
      32
      44
      42
      48
      34
      49
      45
      41
      49
      33
      53
      32
      37
      43
      37
      42
      45
      34
      34
      32
      28
      44
      42
      43
      38
      33
      41
      36
      36
      49
      38
      33
      40
      44
      36
      44
      45
      31
      32
      41
      43
      37
      36
      27
      42
      26
      30
      43
      23
      48
      32
      33
      30
      29
      39
      30
      37
      39
      48
      38
      30
      33
      39
      29
      38
      27
      27
      28
      32
      26
      34
      32
      34
      30
      33
      35
      23
      33
      49
      41
      37
      32
      36
      43
      32
      33
      31
      34
      44
      28
      47
      31
      24
      31
      38
      31
      33
      33
      21
      32
      26
      27
      37
      30
      33
      23
      34
      27
      19
      18
      28
      27
      19
      36
      16
      21
      25
      20
      26
      15
      13
      25
      21
      20
      28
      20
      23
      22
      13
      11
      17
      17
      12
      15
      17
      14
      14
      10
       9
      15
      13
       9
      11
      12
      14
       6
      12
      13
      11
      10
      12
      14
       9
       9
      10
      14
       6
       7
      11
      18
      10
       8
       8
       5
       6
       4
       5
       2
       7
      10
      14
       8
       4
       5
       6
       7
       5
       6
       4
       7
       7
       2
       6
       4
       7
       4
       7
       6
       5
       2
       6
       7
       6
       8
       7
       5
      10
       4
      10
       3
       6
       6
       7
       6
       4
       3
       6
       7
       8
       8
      11
      10
      13
      13
      10
       4
       9
      11
      21
      18
      13
      19
      21
      19
      14
      18
      22
      16
      36
      32
      27
      36
      28
      43
      38
      44
      44
      68
      64
      67
      74
      86
      92
      83
     102
      87
     100
     117
     112
     129
     109
     124
     134
     141
     144
     141
     173
     145
     155
     149
     155
     159
     149
     166
     144
     115
     158
     130
     155
     155
     126
     103
     130
     131
     107
     122
     103
      91
      85
      89
      74
      74
      61
      63
      42
      49
      33
      35
      34
      43
      28
      21
      14
      19
      20
      11
      12
      14
      12
      10
       7
      10
       8
       7
       8
       5
       2
       4
       1
       0
       3
       4
       5
       4
       4
       6
       1
       2
       0
       2
       3
       1
       1
       1
       0
       3
       1
       1
       6
       5
       2
       3
       1
       0
       3
       3
       2
       1
       4
       3
       1
       3
       3
       1
       3
       0
       0
       0
       3
       5
       3
       3
       1
       0
       0
       2
       0
       3
       1
       3
       2
       3
       0
       0
       2
       2
       1
       1
       1
       1
       0
       2
       3
       4
       1
       4
       3
       2
       0
       0
       4
       0
       1
       0
       0
       2
       3
       2
       2
       2
       1
       1
       3
       0
       0
       1
       3
       3
       1
       0
       0
       1
       1
       3
       2
       0
       2
       3
       1
       1
       2
       2
       1
       1
       4
       2
       1
       0
       0
       0
       1
       0
       2
       0
       0
       3
       2
       4
       2
       0
       1
       1
       3
       2
       3
       1
       1
       2
       1
       1
       0
       1
       2
       2
       1
       4
       2
       3
       1
       1
       3
       1
       0
       2
       0
       3
       1
       0
       2
       1
       0
       0
       2
       2
       3
       2
       0
       1
       1
       2
       2
       2
       0
       2
       1
       1
       0
       1
       1
       1
       1
       2
       1
       2
       2
       1
       0
       0
       2
       0
       1
       0
       2
       0
       1
       0
       1
       1
       0
       1
       3
       0
       2
       1
       0
       3
       0
       2
       1
       2
       1
       0
       1
       2
       1
       1
       0
       0
       2
       2
       1
       1
       0
       0
       1
       0
       2
       0
       0
       1
       1
       3
       1
       2
       1
       1
       0
       4
       1
       0
       1
       0
       1
       1
       0
       0
       0
       2
       0
       2
       0
       0
       0
       1
       1
       0
       2
       2
       0
       2
       2
       0
       0
       3
       0
       0
       1
       0
       1
       3
       0
       1
       2
       0
       0
       3
       1
       1
       1
       0
       0
       0
       1
       3
       0
       1
       6
       2
       2
       0
       5
       1
       0
       1
       0
       1
       2
       2
       0
       0
       0
       1
       4
       0
       0
       0
       4
       2
       0
       1
       3
       2
       1
       0
       1
       3
       1
       0
       1
       0
       0
       0
       1
       2
       0
       1
       0
       1
       1
       0
       1
       1
       0
       1
       0
       1
       0
       2
       1
       0
       0
       0
       2
       1
       0
       2
       1
       1
       1
       2
       1
       1
       0
       0
       4
       2
       1
       3
       0
       0
       0
       1
       4
       0
       0
       1
       0
       1
       0
       0
       0
       0
       1
       0
       1
       0
       0
       0
       2
       0
       0
       1
       0
       0
       1
       1
       2
       1
       0
       1
       0
       2
       0
       1
       1
       0
       0
       1
       1
       0
       0
       0
       0
       0
       1
       0
       0
       1
       0
       0
       0
       0
       0
       1
       0
       0
       0
       0
       0
       1
       0
       0
       1
       0
       0
       0
       1
       0
       0
       1
       0
       1
       0
       0
       2
       4
       1
       0
       0
       1
       0
       1
       0
       0
       0
       0
       0
       1
       1
       0
       1
       1
       1
       0
       0
       0
       0
       0
       0
       1
       0
       1
       0
       1
       0
       1
       1
       0
       1
       0
       0
       0
       0
       1
       1
       0
       0
       1
       0
       1
       1
       2
       0
       0
       1
       1
       1
       0
       2
       0
       0
       0
       1
       0
       0
       0
       1
       0
       0
       0
       2
       1
       2
       3
       1
       1
       1
       4
       2
       3
       1
       1
       0
       0
       0
       1
       2
       3
       3
       1
       0
       2
       1
       2
       1
       4
       3
       2
       3
       0
       0
       2
       5
       3
       1
       1
       0
       2
       3
       1
       3
       1
       0
       1
       1
       4
       0
       4
       0
       1
       2
       2
       1
       1
       0
       0
       3
       0
       0
       0
       0
       0
       2
       0
       0
       0
       0
       1
       0
       0
       0
       2
       0
       1
       1
       0
       0
       0
       0
       0
       0
       0
       0
       0
       1
       0
       0
       0
       0
       0
       0
       0
       0
       0
       0
       0
       0
       1
       0
       0
       0
       0
       1
       1
       1
       1
       0
       1
       0
       0
       0
       1
       0
       0
       0
       0
       0
       2
       0
       0
       0
       0
       0
       0
       1
       0
       2
       0
       0
       0
       1
       0
       0
       0
       0
       0
       0
       1
       0
       0
       1
       0
       1
       0
       0
       0
       0
       0
       0
       0
       0
       0
       1
       0
       0
       0
       0
       0
       0
       2
       0
       0
       0
       0
       0
       0
       0
       0
       0
       0
       0
       0
       0
       0
       0
       0
       0
       0
       0
       0
       0
       0
       0
       0
       0
       1
       0
       0
       0
       0
       0
       0
       0
       0
       0
       0
       0
       1
       0
       0
       0
       0
       0
       0
       0
       0
       0
       0
       0
       0
       0
       0
       0
       0
       0
       0
       0
       0
       0
       1
       0
       0
       0
       0
       0
       0
       0
       0
       0
       0
       0
       0
       0
       1
       0
       0
       1
       0
       0
       2
       0
       0
       0
       1
       1
       0
       0
       0
       1
       0
       0
       1
       0
       0
       0
       0
       0
       0
       0
       0
       0
       0
       0
       0
       0
       0
       0
       0
       0
       0
       0
       1
       0
       0
       0
       0
       0
       0
       0
       0
       0
       0
       0
       0
       0
       0
       0
       0
       0
       0
       0
       0
       0
       1
       1
       0
       0
       1
       0
       0
       0
       0
       0
       0
       1
       0
       0
       0
       0
       0
       0
       0
       0
       0
       0
       0
       0
       0
       0
       0
       0
       0
       0
       0
       0
       0
       0
       0
       0
       0
       0
       0
       0
       1
       0
       0
       0
       0
       0
       0
       0
       0
       0
       0
       1
       0
       0
       0
       0
       1
       0
       0
       0
       0
       0
       0
       1
       0
       0
       0
       0
       0
       0
       0
       0
       0
       0
       0
       0
       0
       0
       0
       0
       0
       0
       0
       0
       1
       0
       0
       0
       0
       0
       1
       0
       0
       2
       0
       0
       1
       0
       0
       0
       0
       0
       0
       0
       0
       0
       0
       0
       0
       0
       0
       0
       0
       0
       0
       0
       0
       0
       0
       0
       0
       0
       0
       0
       0
       1
       0
       0
       0
       0
       0
       0
       0
       0
       0
       1
       1
       0
       0
       0
       0
       0
       0
       0
       0
       0
       1
       0
       0
       0
       0
       0
       0
       0
       0
       0
       0
       0
       0
       1
       0
       0
       0
       0
       0
       0
       0
       0
       0
       0
       0
       0
       0
       1
       0
       0
       0
       0
       2
       0
       0
       0
       0
       0
       0
       0
       0
       1
       0
       0
       1
       1
       0
       0
       0
       0
       0
       0
       0
       0
       0
       0
       0
       0
       0
       0
       0
       0
       1
       0
       0
       0
       0
       0
       0
       0
       0
       0
       0
       0
       0
       0
       0
       0
       0
       0
       1
       0
       0
       0
       0
       0
       0
       0
       1
       0
       0
       1
       0
       0
       0
       0
       1
       0
       0
       0
       0
       1
       0
       0
       0
       0
       0
       0
       0
       0
       0
       0
       0
       0
       0
       0
       0
       0
       0
       0
       0
       0
       1
       0
       0
       1
       1
       0
       0
       0
       0
       0
       0
       0
       0
       0
       0
       0
       0
       1
       0
       0
       0
       0
       0
       1
       0
       0
       0
       0
       1
       0
       0
       0
       0
       0
       0
       0
       0
       0
       0
       0
       0
       0
       0
       0
       0
       0
       0
       0
       0
       1
       0
       1
       0
       0
       0
       0
       1
       0
       0
       1
       2
       0
       0
       0
       0
       0
       0
       0
       0
       0
       0
       0
       0
       0
       0
       0
       1
       0
       0
       0
       0
       0
       0
       0
       0
       0
       0
       0
       0
       0
       0
       0
       0
       0
       0
       0
       0
       0
       1
       0
       0
       0
       0
       0
       0
       0
       0
       0
       0
       0
       0
       0
       0
       0
       0
       0
       0
       0
       0
       0
       0
       0
       0
       1
       0
       0
       0
       0
       0
       0
       0
       0
       0
       0
       0
       0
       0
       0
       0
       0
       0
       0
       0
       0
       0
       0
       0
       0
       0
       0
       0
       0
       0
       0
       1
       0
       0
       0
       0
       0
       0
       0
       0
       0
       0
       0
       0
       0
       0
       0
       0
       0
       0
       0
       0
       0
       0
       1
       0
       0
       0
       0
       0
       0
       0
       0
       0
       0
       0
       0
       0
       0
       0
       0
       0
       0
       0
       0
       0
       0
       0
       0
       0
       0
       0
       0
       0
       0
       1
       0
       0
       1
       0
       0
       0
       0
       0
       0
       0
       0
       0
       0
       0
       0
       0
       0
       0
       0
       0
       0
       0
       1
       0
       0
       0
       0
       0
       0
       0
       0
       0
       0
       0
       0
       0
       0
       0
       0
       1
       0
       0
       0
       0
       1
       0
       0
       0
       0
       0
       0
       1
       0
       0
       0
       0
       1
       0
       0
       0
       0
       0
       1
       0
       0
       0
       0
       0
       0
       0
       0
       0
       0
       0
       0
       0
       0
       0
       0
       0
       1
       0
       0
       0
       0
       0
       0
       0
       1
       0
       0
       0
       1
       0
       0
       0
       0
       0
       0
       0
       0
       0
       0
       0
       0
       0
       0
       0
       0
       1
       0
       0
       0
       0
       0
       0
       0
       0
       0
       0
       0
       0
       0
       2
       0
       0
       0
       0
       0
       0
       0
       0
       0
       1
       1
       0
       0
       0
       0
       0
       0
       0
       0
       0
       0
       0
       0
       0
       0
       0
       0
       0
       0
       0
       0
       0
       0
       1
       0
       0
       0
       0
       0
       0
       0
       0
       0
       0
       0
       0
       1
       0
       0
       0
       0
       0
       0
       0
       0
       0
       0
       0
       0
       0
       0
       0
       0
       0
       0
       0
       0
       0
       0
       0
       0
       0
       0
       0
       0
       0
       0
       0
       0
       0
       0
       0
       0
       0
       0
       0
       0
       0
       0
       0
       0
       0
       0
       0
       0
       0
       0
       0
       0
       0
       0
       0
       0
       0
       0
       0
       0
       0
       0
       0
       0
       0
       0
       0
       0
       0
       0
       0
       0
       0
       0
$ROI:
3
425 561
973 1142
1798 1980
$PRESETS:
None
0
0
$ENER_FIT:
-54.092594 1.465894
$MCA_CAL:
3
-5.409259E+001 1.465894E+000 -4.602540E-005 keV
$SHAPE_CAL:
3
-5.474841E+001 2.638014E-001 -1.572140E-004
