$SPEC_ID:
No sample description was entered.
$SPEC_REM:
DET# 4
DETDESC# RBS-D MCB 129 Input 2
AP# Maestro Version 6.08
$DATE_MEA:
01/01/2008 04:53:43
$MEAS_TIM:
194 221
$DATA:
0 2047
       0
       0
       0
       0
       0
     484
     250
     274
     327
     339
     325
     320
     319
     298
     317
     334
     345
     326
     333
     355
     366
     371
     358
     396
     385
     361
     358
     385
     381
     357
     380
     370
     394
     353
     387
     369
     363
     417
     367
     430
     407
     378
     436
     413
     430
     433
     451
     451
     440
     488
     446
     476
     497
     482
     497
     508
     508
     493
     510
     512
     552
     532
     516
     522
     575
     531
     564
     522
     565
     565
     589
     554
     636
     610
     580
     573
     606
     557
     563
     551
     501
     549
     552
     551
     495
     563
     529
     588
     576
     527
     561
     566
     539
     552
     570
     555
     572
     535
     572
     552
     550
     598
     528
     543
     530
     574
     505
     524
     538
     567
     522
     535
     543
     503
     525
     532
     555
     539
     518
     496
     547
     522
     507
     496
     517
     504
     463
     485
     466
     528
     543
     513
     499
     505
     468
     486
     544
     488
     462
     498
     463
     463
     480
     477
     438
     447
     466
     470
     458
     432
     470
     467
     516
     476
     446
     459
     504
     513
     533
     499
     493
     519
     503
     503
     572
     517
     481
     528
     511
     549
     520
     535
     498
     515
     533
     525
     546
     511
     546
     507
     528
     535
     488
     526
     501
     507
     517
     486
     523
     478
     498
     508
     486
     440
     510
     501
     499
     458
     412
     461
     425
     457
     442
     471
     452
     472
     440
     445
     453
     482
     461
     403
     414
     450
     454
     482
     407
     397
     460
     408
     436
     452
     458
     425
     461
     389
     412
     428
     434
     440
     431
     442
     453
     449
     395
     396
     376
     425
     402
     411
     412
     411
     417
     441
     434
     395
     403
     383
     409
     385
     408
     368
     395
     388
     387
     418
     353
     401
     412
     356
     393
     381
     391
     355
     373
     406
     385
     391
     356
     374
     409
     363
     383
     394
     388
     391
     374
     407
     389
     380
     317
     375
     381
     360
     369
     348
     355
     362
     384
     381
     364
     356
     340
     350
     333
     365
     389
     375
     377
     342
     320
     323
     343
     346
     328
     361
     328
     339
     333
     361
     320
     343
     366
     347
     348
     380
     351
     361
     340
     360
     338
     361
     366
     331
     367
     390
     330
     380
     356
     332
     318
     349
     365
     395
     341
     366
     319
     392
     313
     323
     356
     340
     354
     349
     341
     345
     339
     340
     307
     351
     331
     348
     344
     348
     336
     321
     313
     353
     338
     309
     343
     381
     346
     345
     375
     346
     314
     341
     354
     315
     361
     371
     344
     337
     336
     360
     354
     328
     325
     343
     324
     347
     347
     314
     342
     344
     343
     319
     337
     314
     356
     341
     347
     341
     354
     336
     293
     344
     373
     320
     335
     308
     337
     312
     336
     327
     325
     330
     355
     365
     326
     324
     345
     316
     348
     341
     358
     338
     326
     343
     334
     344
     302
     340
     338
     339
     330
     321
     341
     339
     335
     330
     319
     366
     344
     365
     331
     339
     328
     335
     357
     334
     330
     307
     318
     315
     320
     323
     366
     335
     346
     339
     327
     340
     364
     334
     333
     338
     341
     293
     372
     331
     326
     361
     335
     335
     338
     367
     330
     339
     333
     323
     339
     316
     368
     366
     315
     323
     329
     342
     306
     314
     334
     343
     314
     345
     355
     317
     359
     321
     340
     356
     332
     360
     324
     358
     354
     344
     339
     295
     349
     365
     310
     354
     350
     338
     329
     347
     337
     331
     331
     339
     318
     324
     334
     315
     335
     370
     360
     323
     329
     337
     352
     334
     323
     324
     348
     352
     316
     356
     366
     351
     345
     308
     377
     343
     339
     330
     330
     330
     353
     348
     403
     354
     339
     374
     337
     328
     360
     341
     344
     341
     367
     366
     349
     343
     355
     369
     351
     353
     368
     355
     314
     360
     363
     328
     371
     372
     339
     336
     364
     373
     368
     365
     368
     369
     333
     327
     384
     374
     353
     379
     351
     353
     356
     355
     375
     357
     348
     345
     319
     357
     355
     332
     357
     385
     384
     388
     379
     374
     340
     344
     426
     350
     363
     402
     418
     403
     382
     347
     376
     361
     346
     341
     342
     384
     425
     379
     355
     402
     401
     388
     403
     378
     404
     444
     410
     386
     395
     398
     398
     408
     411
     398
     408
     396
     423
     396
     410
     434
     372
     414
     386
     422
     376
     401
     431
     441
     382
     362
     412
     374
     406
     393
     375
     397
     414
     423
     435
     396
     407
     383
     422
     467
     412
     410
     368
     407
     403
     375
     403
     335
     399
     388
     428
     396
     406
     418
     424
     385
     371
     378
     356
     353
     394
     405
     395
     347
     378
     389
     366
     362
     378
     366
     372
     394
     388
     380
     347
     327
     367
     356
     388
     338
     345
     378
     341
     346
     348
     313
     323
     341
     330
     343
     313
     331
     314
     302
     320
     302
     305
     266
     305
     319
     310
     292
     322
     262
     276
     291
     274
     315
     242
     293
     297
     288
     311
     255
     285
     304
     301
     249
     284
     271
     263
     311
     268
     254
     270
     249
     274
     252
     290
     285
     282
     254
     261
     276
     250
     255
     273
     258
     248
     276
     261
     226
     267
     253
     239
     246
     245
     250
     241
     243
     247
     259
     231
     232
     263
     247
     228
     236
     264
     253
     262
     235
     228
     255
     267
     231
     209
     205
     235
     205
     221
     220
     215
     221
     206
     244
     209
     227
     236
     224
     209
     253
     206
     223
     237
     244
     238
     260
     221
     231
     227
     266
     267
     271
     279
     285
     317
     325
     317
     313
     330
     364
     322
     361
     378
     430
     418
     428
     439
     486
     478
     497
     552
     565
     536
     665
     627
     634
     655
     665
     664
     702
     705
     751
     779
     799
     778
     798
     860
     849
     830
     846
     862
     899
     929
     892
     891
     918
     941
     920
     902
     902
     869
     887
     865
     877
     842
     812
     864
     796
     824
     770
     757
     725
     682
     687
     695
     663
     652
     604
     634
     572
     563
     529
     499
     471
     474
     455
     470
     409
     419
     397
     368
     360
     326
     345
     328
     284
     296
     272
     251
     263
     231
     213
     208
     197
     202
     172
     169
     174
     190
     171
     169
     161
     170
     154
     158
     168
     215
     158
     149
     154
     154
     177
     163
     155
     182
     195
     199
     194
     209
     232
     204
     239
     233
     290
     276
     292
     309
     308
     331
     327
     346
     352
     358
     383
     355
     441
     424
     492
     438
     508
     506
     520
     541
     583
     562
     559
     585
     571
     572
     635
     660
     685
     647
     700
     666
     624
     738
     717
     741
     687
     710
     744
     652
     670
     655
     677
     644
     679
     637
     654
     676
     616
     570
     649
     536
     588
     575
     555
     569
     514
     478
     517
     485
     435
     462
     432
     419
     401
     377
     397
     357
     324
     368
     366
     315
     316
     292
     271
     280
     240
     257
     226
     226
     211
     201
     190
     192
     198
     163
     180
     188
     143
     137
     134
     121
     138
     136
     103
     115
     136
     108
      93
     103
      96
      76
      74
      88
      81
      83
      76
      63
      65
      72
      65
      61
      64
      70
      50
      58
      60
      43
      57
      54
      49
      55
      51
      39
      52
      40
      47
      31
      43
      42
      41
      40
      46
      43
      39
      37
      43
      31
      40
      36
      35
      46
      38
      49
      42
      42
      45
      29
      32
      36
      35
      41
      35
      44
      30
      40
      45
      47
      23
      39
      38
      35
      41
      28
      35
      34
      32
      47
      29
      34
      32
      37
      42
      42
      23
      30
      27
      38
      38
      29
      36
      38
      37
      36
      40
      32
      32
      37
      31
      40
      39
      30
      33
      19
      31
      40
      48
      26
      26
      47
      33
      40
      25
      37
      35
      35
      26
      40
      21
      42
      34
      27
      36
      33
      30
      37
      28
      29
      26
      29
      35
      29
      33
      28
      27
      33
      30
      29
      30
      33
      25
      30
      31
      34
      28
      46
      26
      33
      25
      39
      26
      30
      24
      26
      25
      40
      29
      21
      28
      31
      25
      16
      39
      34
      34
      27
      29
      23
      36
      19
      32
      34
      23
      26
      32
      22
      38
      24
      30
      22
      23
      30
      28
      30
      34
      38
      26
      43
      35
      31
      35
      36
      27
      34
      27
      31
      26
      27
      34
      31
      35
      33
      26
      28
      24
      20
      29
      25
      29
      26
      40
      29
      32
      35
      35
      32
      28
      26
      30
      24
      26
      26
      32
      27
      26
      30
      25
      27
      28
      23
      24
      37
      24
      28
      34
      27
      30
      25
      35
      24
      28
      32
      31
      22
      18
      28
      24
      27
      25
      27
      25
      34
      43
      23
      27
      27
      28
      21
      23
      19
      26
      26
      29
      32
      34
      16
      25
      27
      34
      27
      26
      30
      30
      31
      24
      30
      19
      29
      31
      33
      23
      22
      31
      27
      21
      29
      21
      21
      19
      22
      30
      27
      26
      26
      24
      25
      26
      31
      25
      25
      32
      23
      24
      21
      22
      34
      24
      18
      25
      21
      21
      33
      20
      17
      21
      23
      26
      24
      24
      24
      23
      26
      35
      32
      29
      15
      24
      27
      24
      29
      24
      24
      27
      18
      26
      30
      23
      24
      20
      30
      21
      29
      28
      28
      24
      17
      20
      30
      29
      23
      20
      25
      20
      24
      26
      33
      20
      28
      26
      25
      28
      18
      27
      31
      20
      26
      24
      28
      30
      24
      24
      26
      23
      29
      29
      23
      31
      23
      19
      22
      22
      30
      17
      22
      21
      25
      14
      18
      20
      26
      20
      26
      21
      24
      25
      23
      18
      23
      22
      20
      29
      21
      25
      18
      20
      23
      10
      19
      21
      17
      25
      28
      20
      23
      28
      25
      15
      21
      17
      29
      17
      25
      21
      23
      32
      19
      16
      25
      22
      17
      22
      21
      20
      24
      21
      22
      26
      21
      28
      17
      22
      25
      19
      22
      21
      25
      18
      26
      20
      23
      23
      27
      18
      20
      20
      25
      20
      25
      19
      18
      18
      18
      21
      19
      16
      20
      28
      36
      27
      27
      14
      19
      17
      22
      21
      16
      22
      25
      22
      19
      28
      14
      36
      15
      24
      21
      23
      17
      23
      17
      20
      13
      13
      20
      20
      22
      24
      24
      23
      14
      13
      24
      22
      11
      17
      21
      14
      22
      23
      24
      23
      29
       9
      23
      24
      14
      24
      25
      26
      28
      31
      21
      19
      18
      19
      16
      28
      17
      24
      26
      20
      23
      20
      18
      17
      20
      18
      23
      27
      17
      20
      20
      18
      19
      22
      25
      16
      17
      24
      20
      24
      17
      23
      17
      21
      18
      16
      28
      18
      20
      19
      29
      21
      24
      17
      22
      12
      21
      26
      16
       9
      15
      19
      25
      24
      19
      31
      15
      23
      17
      18
      15
      26
      21
      22
      25
      21
      19
      18
      27
      25
      21
      19
      21
      22
      19
      18
      25
      25
      22
      15
      17
      24
      19
      21
      16
      18
      12
      24
      19
      18
      23
      30
      22
      21
      17
      13
      24
      17
      22
      26
      27
      18
      26
      12
      18
      24
      19
      17
      22
      19
      13
      23
      15
      15
      19
      21
      19
      13
      14
      20
      27
      18
      12
      19
      15
      16
      16
      17
      16
      11
      16
      13
      10
      19
      16
      10
      10
       8
      13
      10
      19
      18
       7
      12
      12
      12
       5
      10
      14
      10
      15
      10
      11
      12
       9
       9
      10
       8
       7
       3
       9
      11
       7
      14
      12
       8
       7
       7
      14
       4
       6
      11
       8
       7
      14
       4
       4
       9
       8
       9
       5
       5
       6
       5
       9
       8
       4
       6
       2
       6
       7
       6
       6
       6
       6
       7
       3
       7
       2
       1
       4
       1
       7
       6
       4
       8
       7
       2
       5
       4
       2
       3
       4
       1
       5
      10
       6
       5
       5
       5
       4
       3
       5
       3
       3
       6
       4
       2
       4
       8
       6
       4
      12
       5
      10
       7
       9
       7
       8
      10
      13
       9
      11
       7
       9
      12
      14
       9
       7
      10
       6
      15
      11
      15
      14
      11
      19
      17
      14
      19
      15
      18
       9
      22
      18
      24
      20
      28
      13
      19
      20
      18
      32
      24
      21
      27
      30
      26
      19
      27
      21
      19
      15
      28
      27
      17
      20
      23
      33
      25
      31
      22
      25
      28
      28
      25
      23
      27
      17
      21
      27
      26
      31
      29
      33
      28
      15
      30
      25
      16
      27
      17
      27
      19
      13
      17
      24
      25
      18
      16
      22
      22
      15
      12
      21
      17
      16
      15
      16
      15
      11
      17
      15
      11
      16
      19
      19
      16
      21
      15
      15
      11
      11
       7
      11
       9
       8
      18
      10
      14
      10
       7
       5
       7
       9
       6
       7
       6
       2
       4
       5
       5
       7
       7
       4
       6
       5
       6
       2
       1
       3
       5
       3
       0
       3
       2
       2
       2
       3
       4
       4
       4
       0
       5
       1
       2
       1
       2
       5
       2
       2
       2
       1
       1
       0
       3
       1
       2
       1
       4
       1
       2
       1
       0
       0
       0
       2
       1
       0
       2
       3
       0
       1
       1
       0
       1
       1
       1
       1
       1
       0
       1
       2
       0
       0
       0
       0
       0
       0
       1
       2
       2
       1
       0
       1
       0
       0
       0
       0
       0
       0
       0
       0
       1
       1
       0
       2
       0
       0
       0
       1
       0
       2
       0
       1
       0
       0
       0
       1
       0
       0
       1
       0
       0
       0
       0
       0
       0
       0
       0
       0
       0
       0
       0
       0
       0
       0
       0
       0
       0
       0
       0
       0
       0
       0
       0
       0
       0
       0
       0
       0
       0
       0
       0
       0
       0
       0
       0
$ROI:
3
809 917
921 1051
1769 1939
$PRESETS:
None
0
0
$ENER_FIT:
-43.015625 1.438746
$MCA_CAL:
3
-4.301563E+001 1.438746E+000 -3.635760E-005 keV
$SHAPE_CAL:
3
5.967719E+001 -6.308020E-002 3.454509E-005
