$SPEC_ID:
No sample description was entered.
$SPEC_REM:
DET# 4
DETDESC# RBS-D MCB 129 Input 2
AP# Maestro Version 6.08
$DATE_MEA:
01/01/2008 02:21:41
$MEAS_TIM:
117 119
$DATA:
0 2047
       0
       0
       0
       0
       0
     127
      74
      76
      60
      71
      62
      83
      66
      83
      65
      75
      72
      80
      70
      84
     106
     102
     136
     214
     301
     372
     442
     451
     397
     329
     256
     201
     154
     149
     126
      99
     113
      83
      93
     100
     107
     100
     107
     107
     122
     152
     101
     131
     127
     118
     132
     151
     153
     156
     143
     161
     164
     180
     179
     189
     191
     191
     205
     188
     202
     206
     194
     209
     201
     175
     195
     189
     193
     242
     196
     207
     218
     197
     211
     196
     221
     210
     210
     208
     208
     200
     172
     213
     207
     209
     218
     189
     224
     209
     204
     191
     184
     188
     203
     201
     203
     172
     174
     189
     204
     199
     176
     200
     173
     176
     190
     187
     173
     210
     178
     181
     162
     189
     199
     177
     171
     165
     196
     149
     175
     152
     168
     145
     163
     173
     173
     170
     158
     199
     156
     191
     149
     176
     130
     192
     174
     173
     198
     200
     191
     184
     177
     185
     180
     196
     188
     184
     189
     167
     168
     170
     154
     174
     143
     177
     171
     174
     155
     129
     130
     154
     156
     152
     139
     142
     141
     150
     109
     138
     121
     124
     129
     126
     123
     150
     129
     146
     119
     131
     144
     124
     135
     126
     127
     112
     114
     105
     123
      81
     102
     116
     111
     108
     127
     137
     114
     108
     100
     102
     123
     120
     112
     108
     100
     122
      94
      99
     107
      98
     111
      96
     103
     110
     106
     112
      98
     113
     110
     108
     105
      92
      95
     109
      97
      83
      94
      95
     112
     100
     102
      96
     108
      86
     105
     111
      93
      96
      93
     112
      86
      90
      89
      79
      92
     102
      81
      78
      77
      82
      88
      76
      90
      85
      83
      83
      97
      76
      99
      83
      78
      82
      99
      77
      84
      85
      67
      67
      94
      92
      77
      93
      77
      70
      82
      85
      80
      71
      84
      68
      79
      79
      81
      88
      77
      76
      82
      93
      68
      65
      73
      71
      72
      69
      69
      52
      67
      58
      65
      74
      71
      85
      67
      83
      87
      66
      68
      92
      87
      82
      65
      73
      92
      69
      70
      67
      76
      81
      59
      93
      66
      67
      76
      78
      60
      72
      71
      53
      73
      63
      59
      75
      66
      61
      56
      74
      65
      59
      56
      60
      62
      66
      66
      52
      41
      45
      52
      49
      32
      36
      54
      50
      38
      55
      41
      42
      41
      33
      32
      38
      35
      38
      34
      44
      30
      30
      28
      22
      29
      24
      23
      21
      31
      29
      22
      27
      20
      25
      23
      23
      25
      12
      17
      19
      23
      15
      19
      24
      28
      25
      19
      19
      14
      14
      12
      15
      10
      14
      14
      21
      15
      13
      14
      16
      13
      13
      14
      11
      18
      16
       8
      14
       8
      14
       7
      17
      11
      16
       7
      15
      12
      13
      21
      15
      14
      21
      12
      16
      14
      11
      12
      17
      15
      12
      12
      23
      18
      19
      21
      22
      22
      30
      26
      26
      14
      25
      27
      38
      37
      24
      30
      39
      46
      35
      52
      56
      46
      72
      60
      66
      78
      76
      98
     105
     100
     120
     135
     149
     150
     163
     177
     190
     196
     219
     217
     221
     264
     225
     269
     299
     299
     303
     315
     332
     327
     332
     338
     390
     340
     350
     366
     370
     348
     347
     311
     361
     321
     322
     326
     288
     270
     295
     299
     270
     270
     243
     197
     205
     187
     170
     162
     144
     133
     108
     120
      85
      78
      79
      78
      70
      54
      44
      50
      31
      37
      33
      32
      25
      24
      15
      23
      15
      16
      14
       7
       6
      12
      11
       5
       8
       5
       8
       8
      12
       8
       5
       4
       3
       4
       5
       3
       3
       1
       5
       7
       2
       3
       6
       9
       3
       7
       3
       5
       6
       4
       5
       3
       7
       6
       4
       5
       6
       5
       6
       3
       1
       3
       4
       6
       6
       4
       3
       1
       5
       4
       3
       4
       3
       7
       4
       5
       0
       5
       3
       2
       3
       4
       4
       3
       2
       5
       6
       8
       2
       5
       5
       4
       3
       1
       7
       0
       2
       1
       2
       2
       6
       4
       4
       4
       3
       4
       5
       1
       0
       3
       6
       8
       1
       1
       1
       2
       1
       4
       4
       1
       6
       3
       2
       2
       5
       5
       1
       2
       8
       3
       2
       2
       1
       2
       2
       2
       3
       3
       1
       5
       2
       6
       6
       1
       1
       3
       4
       3
       5
       2
       3
       3
       6
       3
       3
       1
       3
       3
       1
       6
       4
       7
       7
       3
       8
       2
       2
       3
       4
       5
       3
       7
       4
       6
       2
       3
       6
       9
       5
       5
       0
       4
       4
       3
       6
       3
       3
       4
       3
       2
       3
       2
       3
       3
       3
       7
       2
       4
       3
       3
       0
       1
       2
       0
       1
       1
       2
       4
       2
       1
       1
       1
       2
       2
       4
       1
       3
       3
       0
       4
       1
       4
       6
       4
       2
       0
       2
       4
       3
       3
       2
       7
       5
       2
       2
       2
       0
       3
       3
       1
       4
       1
       3
       1
       2
       5
       1
       3
       2
       6
       4
       6
       5
       2
       3
       1
       1
       3
       2
       3
       0
       3
       1
       5
       1
       0
       0
       2
       1
       0
       3
       2
       0
       4
       5
       1
       3
       4
       2
       0
       2
       2
       1
       4
       0
       5
       2
       1
       0
       5
       4
       2
       5
       2
       1
       1
       3
       4
       0
       2
       7
       2
       3
       0
       6
       3
       1
       1
       1
       3
       3
       3
       5
       2
       0
       2
       4
       1
       0
       2
       7
       2
       0
       3
       6
       3
       3
       0
       3
       3
       3
       1
       3
       2
       0
       1
       4
       4
       3
       3
       2
       3
       1
       1
       3
       3
       2
       3
       1
       2
       1
       4
       2
       1
       1
       0
       4
       1
       1
       2
       1
       2
       2
       2
       1
       2
       1
       2
       4
       7
       1
       4
       2
       2
       2
       1
       7
       2
       0
       2
       1
       2
       2
       1
       3
       1
       2
       1
       2
       2
       0
       0
       4
       0
       0
       1
       2
       0
       1
       2
       4
       1
       2
       2
       0
       3
       2
       2
       1
       2
       1
       2
       1
       0
       0
       0
       1
       1
       3
       0
       0
       2
       0
       0
       0
       2
       1
       3
       0
       2
       0
       0
       1
       2
       2
       1
       1
       0
       0
       1
       3
       2
       1
       1
       0
       1
       1
       3
       2
       5
       2
       0
       0
       2
       1
       1
       1
       0
       1
       0
       0
       3
       1
       1
       2
       2
       1
       2
       1
       1
       0
       2
       0
       2
       0
       1
       0
       2
       1
       3
       1
       0
       1
       2
       1
       0
       1
       3
       2
       0
       1
       2
       2
       1
       4
       3
       1
       1
       1
       3
       1
       1
       4
       5
       0
       1
       3
       1
       1
       1
       2
       2
       1
       2
       4
       3
       3
       5
       2
       1
       4
       7
       4
       4
       2
       1
       1
       1
       0
       3
       2
       5
       6
       8
       4
       6
       3
       4
       2
       7
       3
       2
       4
       1
       1
       3
       5
       3
       4
       6
       2
       5
       5
       3
       5
       1
       2
       6
       3
       4
       0
       6
       1
       2
       3
       2
       3
       8
       3
       0
       3
       2
       1
       1
       0
       2
       2
       0
       0
       4
       0
       1
       1
       0
       2
       3
       0
       2
       1
       2
       1
       1
       0
       0
       1
       1
       1
       1
       1
       0
       0
       0
       1
       0
       0
       1
       1
       0
       1
       0
       0
       1
       1
       1
       0
       0
       2
       3
       1
       1
       0
       1
       0
       0
       1
       1
       0
       0
       1
       1
       0
       2
       0
       0
       1
       0
       0
       1
       1
       0
       3
       2
       1
       0
       2
       0
       0
       0
       0
       1
       0
       1
       0
       1
       1
       0
       1
       0
       1
       0
       0
       0
       2
       0
       1
       0
       1
       0
       0
       0
       0
       1
       0
       2
       1
       0
       1
       0
       0
       2
       0
       0
       0
       0
       0
       1
       0
       0
       0
       0
       0
       0
       0
       1
       0
       0
       0
       0
       0
       1
       2
       0
       0
       0
       0
       0
       0
       1
       0
       1
       0
       1
       1
       0
       0
       0
       1
       0
       2
       0
       0
       0
       0
       0
       0
       1
       0
       0
       0
       0
       0
       0
       0
       1
       1
       0
       0
       0
       1
       0
       1
       0
       0
       1
       0
       1
       1
       1
       0
       0
       1
       0
       1
       3
       0
       1
       0
       1
       1
       0
       0
       0
       1
       0
       3
       1
       0
       2
       1
       0
       1
       0
       0
       0
       0
       0
       0
       0
       0
       0
       0
       0
       0
       1
       0
       1
       0
       2
       0
       0
       0
       0
       0
       0
       0
       0
       0
       0
       1
       0
       0
       1
       0
       0
       0
       1
       0
       1
       1
       0
       0
       1
       0
       0
       0
       0
       0
       0
       1
       0
       0
       1
       0
       0
       0
       0
       0
       1
       0
       0
       0
       1
       0
       0
       0
       0
       0
       0
       0
       0
       0
       1
       0
       0
       0
       0
       1
       2
       0
       0
       0
       0
       0
       0
       0
       0
       0
       0
       1
       0
       1
       0
       0
       1
       0
       1
       0
       0
       0
       0
       1
       0
       0
       0
       0
       0
       0
       0
       0
       0
       0
       0
       0
       0
       0
       0
       0
       0
       0
       0
       0
       1
       0
       0
       0
       0
       0
       1
       0
       0
       2
       1
       0
       1
       0
       0
       0
       1
       0
       0
       0
       0
       1
       0
       0
       0
       0
       0
       0
       0
       1
       0
       0
       0
       0
       0
       0
       0
       1
       1
       0
       0
       1
       0
       0
       0
       0
       0
       0
       0
       1
       0
       2
       1
       1
       1
       0
       0
       0
       0
       0
       1
       0
       3
       0
       0
       0
       0
       0
       0
       0
       0
       0
       0
       0
       0
       1
       0
       0
       0
       0
       1
       0
       0
       1
       0
       0
       0
       0
       0
       1
       0
       1
       0
       0
       2
       1
       0
       0
       0
       0
       0
       0
       0
       2
       0
       0
       1
       1
       0
       0
       0
       0
       1
       1
       1
       0
       0
       0
       0
       2
       0
       0
       0
       0
       1
       1
       0
       0
       1
       0
       0
       0
       0
       0
       0
       0
       0
       0
       0
       0
       0
       0
       2
       0
       0
       1
       0
       0
       0
       0
       1
       0
       0
       2
       0
       0
       0
       0
       1
       0
       0
       0
       0
       2
       0
       0
       0
       0
       1
       0
       0
       0
       0
       0
       0
       0
       0
       0
       0
       0
       0
       0
       0
       1
       1
       0
       0
       2
       1
       0
       0
       1
       0
       0
       0
       0
       0
       1
       0
       0
       0
       1
       0
       0
       0
       0
       0
       2
       0
       0
       1
       1
       1
       1
       0
       0
       0
       0
       0
       0
       0
       0
       0
       0
       0
       0
       0
       0
       0
       0
       0
       0
       0
       1
       1
       2
       0
       0
       0
       0
       1
       0
       0
       1
       2
       0
       0
       0
       0
       0
       0
       0
       1
       0
       0
       0
       0
       0
       0
       0
       1
       0
       0
       0
       1
       0
       0
       0
       0
       1
       0
       0
       0
       0
       0
       0
       1
       0
       0
       0
       0
       0
       1
       0
       1
       0
       0
       0
       0
       0
       0
       0
       0
       0
       0
       0
       0
       0
       0
       0
       0
       0
       0
       0
       0
       0
       0
       1
       0
       0
       0
       0
       0
       0
       0
       1
       0
       0
       0
       0
       0
       0
       0
       0
       0
       0
       0
       0
       0
       0
       0
       0
       0
       0
       0
       0
       0
       0
       1
       0
       0
       1
       0
       0
       0
       0
       0
       0
       0
       1
       0
       0
       0
       0
       0
       0
       0
       0
       0
       0
       0
       1
       0
       0
       0
       0
       0
       0
       0
       0
       0
       0
       0
       0
       0
       0
       0
       0
       0
       0
       0
       0
       0
       0
       0
       0
       0
       0
       0
       0
       0
       0
       1
       0
       0
       1
       0
       0
       1
       0
       0
       0
       0
       0
       0
       0
       0
       0
       0
       0
       0
       0
       1
       0
       0
       1
       0
       0
       0
       0
       0
       0
       0
       1
       0
       0
       0
       0
       0
       0
       1
       0
       1
       0
       0
       0
       1
       1
       0
       0
       1
       0
       1
       0
       1
       1
       0
       0
       0
       1
       0
       0
       2
       0
       1
       1
       0
       0
       0
       0
       1
       0
       0
       0
       0
       0
       0
       0
       0
       1
       0
       0
       0
       1
       0
       1
       0
       1
       0
       0
       0
       1
       0
       0
       0
       1
       2
       1
       0
       0
       2
       0
       0
       0
       0
       0
       0
       0
       0
       0
       0
       0
       2
       0
       0
       0
       0
       0
       0
       0
       0
       0
       0
       0
       0
       0
       2
       0
       0
       0
       1
       0
       0
       0
       0
       0
       1
       1
       1
       1
       0
       0
       0
       0
       0
       0
       0
       0
       1
       0
       0
       1
       0
       0
       0
       0
       0
       0
       0
       1
       1
       0
       0
       0
       0
       0
       0
       0
       0
       0
       0
       0
       0
       1
       0
       0
       0
       0
       0
       0
       0
       0
       0
       0
       0
       0
       0
       0
       0
       0
       0
       1
       0
       0
       0
       0
       0
       0
       0
       0
       0
       0
       0
       0
       0
       0
       0
       0
       0
       0
       0
       0
       0
       0
       0
       0
       0
       0
       0
       0
       0
       0
       0
       0
       0
       0
       0
       0
       0
       0
       0
       0
       0
       0
       0
       0
       0
       0
       0
       0
       0
       0
       0
       0
       0
       0
       0
       0
$ROI:
3
425 561
973 1142
1798 1980
$PRESETS:
None
0
0
$ENER_FIT:
-54.092594 1.465894
$MCA_CAL:
3
-5.409259E+001 1.465894E+000 -4.602540E-005 keV
$SHAPE_CAL:
3
-5.474841E+001 2.638014E-001 -1.572140E-004
