$SPEC_ID:
No sample description was entered.
$SPEC_REM:
DET# 4
DETDESC# RBS-D MCB 129 Input 2
AP# Maestro Version 6.08
$DATE_MEA:
01/01/2008 02:41:31
$MEAS_TIM:
1007 1026
$DATA:
0 2047
       0
       0
       0
       0
       0
    1159
     600
     607
     582
     597
     597
     575
     571
     615
     605
     613
     628
     625
     628
     717
     781
     845
    1107
    1623
    2442
    3220
    3803
    3750
    3304
    2856
    2090
    1656
    1337
    1214
    1023
     889
     879
     812
     824
     866
     892
     921
     897
     985
     999
    1028
    1053
    1053
    1139
    1161
    1210
    1213
    1273
    1337
    1319
    1472
    1416
    1486
    1587
    1616
    1586
    1713
    1697
    1730
    1734
    1681
    1759
    1777
    1707
    1707
    1742
    1703
    1733
    1860
    1818
    1789
    1728
    1754
    1782
    1724
    1809
    1810
    1773
    1893
    1833
    1740
    1669
    1732
    1760
    1738
    1808
    1715
    1783
    1689
    1736
    1667
    1745
    1660
    1712
    1666
    1690
    1715
    1553
    1675
    1736
    1660
    1592
    1560
    1571
    1573
    1608
    1599
    1580
    1646
    1593
    1523
    1467
    1585
    1487
    1457
    1454
    1442
    1491
    1358
    1462
    1487
    1439
    1433
    1507
    1369
    1424
    1457
    1386
    1388
    1374
    1455
    1383
    1464
    1408
    1567
    1518
    1515
    1548
    1540
    1483
    1520
    1517
    1501
    1581
    1580
    1562
    1527
    1541
    1437
    1493
    1472
    1407
    1517
    1432
    1413
    1468
    1387
    1377
    1293
    1222
    1311
    1200
    1298
    1197
    1275
    1189
    1159
    1162
    1172
    1173
    1135
    1170
    1202
    1104
    1193
    1145
    1156
    1140
    1148
    1061
    1084
    1120
    1092
    1041
     996
    1065
    1029
    1018
     940
     966
     978
     956
     952
     937
    1048
     896
     935
     931
     925
     974
     947
     931
     918
     891
     974
     915
     914
     862
     871
     829
     876
     882
     856
     922
     889
     841
     849
     944
     867
     852
     829
     841
     819
     839
     764
     806
     800
     805
     771
     791
     833
     836
     808
     782
     810
     729
     777
     811
     732
     783
     732
     792
     719
     770
     772
     730
     718
     754
     716
     774
     717
     767
     778
     715
     734
     733
     697
     701
     677
     722
     752
     700
     620
     712
     688
     765
     670
     723
     719
     712
     674
     653
     673
     678
     684
     646
     646
     655
     634
     678
     635
     614
     658
     628
     659
     644
     680
     624
     625
     650
     614
     615
     658
     659
     588
     620
     632
     618
     613
     619
     664
     637
     651
     602
     591
     641
     643
     628
     613
     607
     628
     639
     624
     618
     627
     639
     666
     641
     643
     670
     603
     626
     598
     607
     614
     590
     561
     584
     586
     534
     572
     544
     524
     536
     515
     528
     510
     487
     523
     468
     496
     526
     416
     453
     390
     408
     427
     398
     394
     388
     394
     342
     348
     326
     333
     334
     303
     292
     303
     259
     257
     279
     279
     258
     242
     257
     232
     248
     212
     224
     221
     187
     189
     216
     193
     194
     204
     178
     184
     178
     162
     175
     188
     183
     180
     161
     171
     157
     171
     141
     158
     157
     140
     140
     154
     150
     135
     139
     136
     119
     140
     134
     133
     127
     132
     132
     124
     134
     124
     117
     124
     107
     124
      92
     112
     106
     121
      98
     125
     122
     121
     119
     133
     129
     133
     106
     124
     121
     113
     118
     136
     128
     142
     128
     130
     142
     158
     150
     156
     166
     160
     182
     169
     191
     200
     214
     255
     273
     272
     293
     279
     368
     349
     388
     436
     486
     486
     582
     602
     658
     701
     793
     869
     955
    1037
    1136
    1198
    1295
    1354
    1466
    1565
    1724
    1824
    1922
    1971
    2038
    2239
    2263
    2474
    2556
    2568
    2725
    2716
    2845
    2964
    2935
    3149
    3072
    3084
    3128
    2983
    3044
    2909
    3081
    2866
    2844
    2715
    2649
    2561
    2499
    2446
    2284
    2153
    2127
    1958
    1752
    1624
    1516
    1491
    1343
    1282
    1122
    1035
     978
     847
     769
     675
     619
     642
     522
     434
     429
     334
     340
     286
     241
     216
     203
     180
     174
     160
     137
     113
     100
      89
      87
      83
      89
      55
      58
      63
      58
      57
      64
      52
      45
      43
      59
      45
      41
      35
      26
      33
      47
      36
      34
      36
      47
      44
      33
      34
      36
      30
      36
      31
      40
      37
      45
      37
      31
      38
      29
      42
      37
      28
      37
      30
      35
      40
      23
      38
      32
      32
      33
      29
      32
      31
      31
      29
      35
      35
      25
      36
      40
      39
      30
      29
      33
      32
      31
      35
      39
      35
      27
      45
      29
      28
      28
      32
      32
      26
      20
      32
      25
      37
      41
      29
      28
      33
      34
      37
      25
      31
      37
      34
      32
      31
      26
      31
      32
      17
      26
      40
      22
      30
      37
      20
      28
      29
      35
      29
      23
      33
      24
      33
      26
      28
      31
      29
      29
      24
      24
      17
      40
      28
      47
      43
      26
      43
      30
      28
      31
      29
      21
      30
      27
      26
      28
      33
      50
      42
      32
      31
      33
      37
      33
      40
      29
      40
      28
      26
      22
      39
      29
      28
      43
      36
      25
      35
      28
      32
      43
      39
      26
      35
      33
      25
      26
      40
      24
      33
      23
      26
      20
      23
      23
      32
      28
      32
      45
      37
      22
      32
      28
      21
      23
      21
      19
      18
      26
      25
      29
      25
      21
      26
      19
      23
      27
      28
      18
      23
      25
      18
      13
      20
      24
      19
      23
      21
      22
      18
      24
      27
      27
      19
      20
      22
      27
      24
      20
      26
      17
      22
      18
      18
      25
      18
      15
      21
      28
      17
      26
      19
      27
      24
      22
      23
      13
      23
      21
      16
      17
      12
      17
      18
      18
      17
      25
      21
      16
      19
      20
      19
      16
      14
      13
      23
      18
      21
      15
      26
      29
      23
      16
      26
      19
      18
      22
      23
      25
      28
      26
      23
      31
      25
      23
      25
      25
      21
      20
      16
      34
      28
      22
      30
      26
      28
      23
      31
      28
      28
      23
      23
      20
      21
      25
      33
      19
      15
      23
      20
      19
      13
      17
      23
      23
      17
      15
      24
      17
      14
      17
      13
      28
      21
      14
      22
      24
      19
      15
      21
      26
      13
      23
      15
      15
      14
      22
      18
      16
      26
      12
      21
       9
      22
      19
      25
      20
       9
      13
      21
      12
      20
      16
      12
      13
       9
       9
      14
      12
      15
      15
      15
      14
      17
      22
      11
      15
      14
      12
      19
      22
      10
      20
      13
       9
      10
      12
      16
       8
      24
      14
      13
       8
      18
      12
      14
      10
      18
      15
      11
      13
      16
      18
      19
      13
      11
      11
      18
      13
      13
      14
      12
      11
       8
       5
      13
      12
       9
      10
      10
       9
      16
      10
       5
      12
       6
      10
       8
      11
       6
      10
       7
       6
      12
       3
       9
      11
      12
       8
       9
      12
      13
       9
       8
      12
      11
       7
       9
      11
       9
      14
      12
      11
      10
       4
       6
      12
       7
       9
       7
       6
       7
      12
       6
      11
      10
       6
      10
      10
      10
      10
       6
      14
       3
       9
       7
       8
       5
      13
      10
      14
       8
      10
       6
       9
       9
      14
      16
       5
      11
      12
      14
       6
       8
      14
      11
      15
      20
       8
      17
      14
      12
      10
      15
      13
      17
      18
      13
       6
      15
      20
      12
      16
      12
      21
      23
      18
      14
      25
      14
      22
      22
      21
      36
      31
      25
      31
      22
      19
      26
      39
      26
      28
      26
      24
      40
      42
      36
      30
      29
      37
      24
      37
      36
      31
      31
      28
      31
      33
      42
      32
      32
      32
      29
      25
      30
      20
      27
      31
      16
      25
      30
      23
      18
      24
      22
      22
      20
      14
      21
      26
      23
      17
      21
      21
      14
      12
      12
      15
       7
      16
      12
      17
      13
      11
      11
      15
      12
      12
       7
      12
       7
      11
       9
      10
      10
       9
       9
      11
       6
       9
       5
       7
       1
       4
       5
       5
       7
       6
       3
       4
       4
       7
       4
       6
      12
       2
       5
       5
       9
       9
       5
       5
       4
       6
       6
       7
       5
       8
       4
       3
       3
       5
       4
       3
       4
       5
       8
       6
       5
       3
       9
       2
       6
       8
       3
       4
       6
       5
       3
       1
       3
       5
       3
       4
       1
       5
      11
       3
       7
       5
       2
       6
       4
       5
       4
       4
       3
       3
       3
       0
       0
       4
       5
       7
       1
       7
       3
       1
       4
       3
       4
       7
       4
       3
       6
       1
       5
       4
       5
       3
       3
       2
       6
       1
       2
       4
       7
       4
       0
       3
       1
       4
       8
       6
       3
       6
       7
       7
       1
       5
       4
       4
       3
       6
       4
       3
       2
       4
       2
       4
       9
       2
       4
       2
       4
       3
       2
       6
       2
       3
       5
       2
       4
       5
       4
       7
       5
       4
       6
       4
       4
       5
       3
       6
       7
       6
       9
       5
       5
      11
       3
       1
       2
       3
       4
       7
       3
       4
       4
       5
       3
       5
       2
       3
       6
       4
       5
       5
       4
       6
       6
       3
       6
       4
       5
       6
       3
       7
       4
       4
       6
       1
       3
       5
       3
       5
       0
       6
       8
       9
       1
       2
       4
       3
       2
       7
       3
       3
       1
       8
       3
       4
       3
       4
       3
       2
       2
       3
       4
       4
       6
       2
       6
       2
       5
       3
       5
       4
       3
       3
       2
       5
       0
       4
       5
       0
       2
       3
       5
       1
       2
       1
       1
       1
       2
       1
       5
       6
       3
       2
       3
       1
       1
       2
       0
       1
       1
       3
       7
       8
       1
       2
       0
       2
       2
       0
       2
       1
       1
       6
       3
       1
       1
       0
       2
       4
       5
       5
       0
       0
       2
       3
       3
       1
       3
       1
       0
       1
       3
       4
       2
       3
       2
       1
       1
       3
       1
       2
       0
       3
       0
       4
       0
       2
       2
       1
       1
       2
       1
       3
       1
       1
       4
       2
       1
       3
       1
       3
       1
       1
       5
       3
       0
       2
       6
       2
       1
       2
       4
       0
       2
       0
       2
       4
       3
       2
       3
       3
       0
       1
       2
       2
       1
       0
       1
       3
       4
       3
       2
       1
       2
       4
       3
       3
       4
       1
       3
       2
       0
       1
       0
       0
       1
       3
       2
       5
       2
       0
       2
       4
       2
       1
       2
       2
       4
       2
       2
       2
       3
       4
       2
       1
       0
       3
       5
       5
       2
       0
       2
       0
       3
       3
       2
       1
       2
       2
       3
       4
       3
       1
       1
       2
       5
       2
       2
       1
       5
       3
       1
       1
       2
       1
       3
       3
       1
       3
       1
       6
       0
       4
       2
       2
       4
       1
       1
       2
       3
       6
       9
       1
       3
       5
       3
       3
       1
       1
       2
       4
       0
       3
       1
       1
       2
       2
       1
       8
       2
       1
       1
       0
       4
       1
       1
       2
       1
       4
       3
       3
       1
       2
       1
       7
       1
       2
       1
       2
       5
       1
       4
       4
       0
       3
       1
       2
       3
       2
       1
       4
       3
       1
       0
       0
       0
       2
       4
       0
       1
       3
       2
       2
       3
       1
       2
       1
       1
       2
       4
       1
       3
       4
       5
       1
       0
       1
       2
       4
       5
       2
       1
       0
       4
       3
       1
       3
       2
       2
       1
       0
       1
       0
       0
       1
       2
       1
       3
       1
       1
       0
       3
       1
       0
       0
       1
       1
       1
       6
       2
       1
       3
       0
       1
       1
       6
       2
       1
       1
       2
       3
       4
       0
       3
       1
       2
       1
       2
       2
       1
       1
       0
       2
       0
       3
       4
       1
       3
       2
       0
       2
       0
       2
       1
       1
       3
       0
       3
       3
       4
       0
       1
       1
       0
       2
       0
       2
       3
       2
       0
       1
       2
       0
       0
       2
       1
       0
       1
       1
       0
       0
       1
       1
       1
       1
       1
       0
       3
       0
       0
       2
       1
       1
       1
       3
       2
       1
       0
       0
       2
       0
       4
       1
       0
       1
       0
       1
       0
       1
       2
       0
       1
       1
       2
       1
       4
       0
       1
       0
       0
       0
       0
       1
       1
       1
       2
       0
       1
       1
       0
       2
       1
       0
       0
       1
       1
       1
       0
       0
       0
       2
       3
       1
       0
       1
       1
       1
       2
       0
       1
       0
       0
       2
       0
       0
       1
       0
       1
       1
       0
       0
       0
       3
       1
       0
       0
       0
       0
       1
       1
       1
       1
       2
       0
       0
       1
       0
       0
       1
       0
       1
       1
       1
       0
       2
       0
       2
       1
       0
       1
       1
       1
       2
       0
       1
       0
       0
       0
       2
       2
       0
       2
       0
       0
       1
       1
       0
       1
       3
       2
       2
       3
       1
       2
       2
       0
       1
       1
       3
       1
       3
       2
       3
       5
       2
       1
       3
       2
       2
       4
       2
       5
       1
       2
       3
       4
       7
       2
       3
       2
       5
       4
       2
       4
       4
       2
       3
       2
       2
       1
       1
       3
       3
       4
       2
       3
       3
       1
       1
       6
       2
       5
       3
       3
       1
       4
       2
       2
       3
       1
       1
       1
       7
       1
       3
       1
       4
       1
       2
       0
       3
       1
       0
       0
       3
       6
       0
       2
       2
       2
       1
       0
       1
       0
       1
       2
       1
       2
       0
       0
       2
       1
       4
       2
       1
       3
       4
       0
       1
       2
       1
       1
       1
       2
       2
       4
       2
       0
       1
       0
       0
       0
       0
       0
       2
       0
       1
       3
       1
       0
       0
       0
       0
       0
       0
       3
       3
       0
       0
       0
       1
       0
       1
       1
       0
       0
       0
       0
       0
       1
       0
       0
       0
       0
       1
       0
       0
       0
       0
       0
       0
       0
       0
       1
       0
       0
       1
       1
       1
       0
       0
       0
       0
       1
       0
       0
       0
       0
       0
       0
       0
       0
       0
       0
       0
       0
       0
       0
       0
       0
       0
       0
       0
       0
       0
       0
       0
       0
       0
       0
       0
       0
       0
       0
       0
       0
       0
       0
       0
       0
       0
       0
       0
       0
       0
       0
       0
       0
       0
       0
       0
       0
       0
       0
$ROI:
3
425 561
973 1142
1798 1980
$PRESETS:
None
0
0
$ENER_FIT:
-54.092594 1.465894
$MCA_CAL:
3
-5.409259E+001 1.465894E+000 -4.602540E-005 keV
$SHAPE_CAL:
3
-5.474841E+001 2.638014E-001 -1.572140E-004
