$SPEC_ID:
No sample description was entered.
$SPEC_REM:
DET# 4
DETDESC# RBS-D MCB 129 Input 2
AP# Maestro Version 6.08
$DATE_MEA:
01/01/2008 02:27:04
$MEAS_TIM:
402 410
$DATA:
0 2047
       0
       0
       0
       0
       0
     485
     245
     238
     231
     253
     208
     235
     227
     246
     250
     240
     255
     275
     235
     292
     323
     328
     449
     655
     982
    1326
    1538
    1528
    1308
    1117
     847
     658
     541
     497
     391
     350
     375
     313
     333
     355
     392
     383
     373
     375
     425
     443
     426
     437
     446
     473
     474
     491
     500
     538
     502
     582
     566
     549
     638
     659
     625
     672
     635
     689
     695
     644
     681
     709
     657
     656
     684
     651
     684
     751
     723
     713
     690
     730
     674
     695
     700
     729
     729
     763
     731
     678
     659
     704
     701
     721
     744
     651
     742
     663
     697
     672
     699
     645
     644
     681
     666
     679
     624
     661
     695
     644
     619
     639
     618
     620
     658
     624
     654
     679
     650
     650
     551
     647
     615
     554
     608
     582
     599
     524
     571
     572
     596
     573
     571
     568
     564
     588
     546
     588
     578
     594
     525
     598
     550
     639
     613
     575
     619
     646
     632
     616
     628
     626
     654
     631
     654
     609
     635
     555
     582
     599
     540
     625
     551
     568
     612
     559
     539
     475
     491
     545
     484
     508
     495
     503
     499
     486
     466
     456
     449
     445
     487
     478
     456
     487
     476
     451
     448
     476
     437
     433
     443
     451
     443
     392
     424
     381
     415
     367
     374
     353
     381
     403
     368
     432
     335
     367
     381
     349
     415
     370
     379
     350
     319
     397
     341
     349
     329
     339
     339
     340
     363
     347
     371
     357
     328
     328
     387
     357
     353
     325
     332
     329
     334
     289
     317
     313
     336
     323
     318
     323
     330
     325
     305
     318
     287
     313
     311
     313
     320
     306
     316
     289
     329
     323
     299
     261
     288
     283
     317
     272
     309
     298
     313
     287
     300
     263
     294
     274
     287
     305
     312
     257
     274
     301
     276
     250
     296
     289
     296
     300
     264
     266
     256
     288
     258
     263
     278
     253
     250
     276
     253
     256
     249
     275
     243
     280
     248
     259
     241
     241
     260
     250
     253
     233
     261
     245
     259
     242
     257
     282
     255
     248
     248
     229
     246
     286
     265
     257
     252
     246
     267
     248
     245
     252
     239
     269
     254
     271
     264
     242
     256
     258
     229
     239
     263
     216
     247
     218
     213
     243
     217
     216
     210
     220
     198
     200
     213
     210
     202
     210
     189
     165
     173
     152
     162
     179
     156
     140
     171
     155
     143
     152
     128
     142
     123
     122
     118
     118
     115
     113
     108
     129
      94
      97
      96
      88
     100
      80
      80
      88
      81
      73
      88
      75
      72
      87
      64
      64
      59
      48
      73
      69
      73
      74
      62
      78
      80
      70
      52
      59
      70
      50
      57
      61
      39
      48
      53
      52
      54
      54
      53
      59
      52
      48
      44
      54
      60
      58
      42
      52
      35
      46
      30
      40
      42
      48
      38
      50
      48
      49
      50
      51
      60
      67
      41
      57
      47
      47
      44
      50
      42
      46
      49
      55
      64
      68
      65
      63
      66
      67
      82
      79
      68
      79
      88
     113
     109
     104
     116
     126
     144
     138
     163
     195
     174
     198
     249
     251
     260
     273
     318
     352
     388
     408
     435
     478
     540
     565
     586
     649
     672
     742
     769
     747
     836
     826
     937
    1020
    1017
    1046
    1042
    1147
    1123
    1187
    1142
    1284
    1209
    1226
    1243
    1223
    1253
    1151
    1149
    1179
    1127
    1081
    1076
    1042
    1012
     954
     919
     880
     880
     787
     662
     668
     606
     603
     532
     499
     437
     400
     386
     335
     289
     262
     263
     262
     187
     168
     181
     139
     131
     111
     100
      84
      82
      57
      70
      43
      67
      44
      33
      37
      41
      38
      31
      23
      22
      25
      24
      22
      27
      21
      18
      15
      23
      16
      16
      14
       8
      18
      17
      14
      11
      14
      19
      15
      18
      16
      15
      13
      14
      12
      12
      17
      18
      12
      16
      15
      14
      18
      13
      11
      11
      15
      16
      16
      11
      13
      12
      14
      11
      12
      15
      13
      17
      12
      12
       7
      12
      16
      15
      17
      10
      11
      16
       9
      12
      16
      19
      14
       7
      18
      15
      12
      12
      12
       9
       9
       5
      12
       9
      15
      17
      12
      11
      11
      13
      16
       8
       8
      15
      19
      16
      17
      10
      13
       9
       5
       8
      13
       9
      11
      17
       4
       8
      14
      13
       6
      10
      17
      10
      11
       9
      13
      11
       9
      12
      10
       8
       7
      19
      12
      13
      17
       6
      13
      13
      13
       7
      13
      11
      12
      12
      10
      10
      13
      17
      15
      14
      11
      12
      19
      16
      18
      12
      13
       4
      12
      10
      15
      12
      13
      16
      10
      11
       9
      10
      19
      18
      10
      11
       4
      13
       8
      10
      17
      10
      14
      10
      13
      10
      10
       7
      10
      13
      10
      16
      12
      10
      13
      10
       7
       9
      12
      10
       8
       7
      10
      16
      13
       9
       5
       5
       8
      11
      13
       8
      11
      11
       7
       6
       7
       9
      10
      11
       8
      12
       6
      10
      13
      11
       4
      10
      11
      10
       6
       5
       5
       6
       9
       5
       5
       6
       8
       4
       7
      11
       4
      14
       8
      12
       9
       9
       9
       3
      12
       5
       6
       7
       3
       5
       5
       7
       5
       9
       8
       4
       5
       9
       4
       3
       9
       8
       7
       8
      13
       7
       7
      12
      10
      10
      14
       8
       5
      10
       7
      10
       5
       9
       7
      19
       9
       6
      12
       8
       9
       5
       7
       8
      10
      10
      15
       7
      16
      11
      20
      10
       9
       7
       5
       9
       5
      10
      16
       8
       9
      10
       6
      11
       5
       5
      12
      10
       3
       8
       9
       7
       8
       3
       4
      12
       7
       6
       8
      12
       6
       8
       8
      10
       3
      10
       4
       8
       6
       7
       6
       4
      14
       7
       7
       5
       7
       8
       9
       8
       6
       5
      10
       4
       8
       4
       5
       8
       3
       5
       5
       4
       6
       7
       8
       7
       7
      10
       7
       5
       6
       3
      10
      13
       5
      10
       6
       5
       3
       2
       6
       4
       8
       6
       4
       3
       2
       5
       8
       4
       5
       8
       5
       4
       3
       4
       8
       7
       3
       5
       3
       4
       5
       5
       5
       3
       4
       2
       4
       6
       1
       3
       3
       2
       7
       2
       1
       5
       4
       4
       2
       5
       2
       5
       3
       3
       4
       0
       3
       3
       2
       3
       3
       3
       3
       4
       6
       5
       5
       3
       3
       3
       4
       6
       6
       6
       2
       3
       1
       4
       3
       3
       2
       3
       1
       4
       4
       5
       5
       3
       7
       5
       7
       2
       3
       3
       1
       5
       1
       3
       2
       4
       2
       6
       6
       5
       4
       2
       3
       5
       4
       4
       5
       7
       5
       1
       2
       7
       4
       6
       9
       7
       5
       5
       3
       5
       4
       4
       8
       9
       5
       3
       8
       3
       7
       6
       5
       5
       9
       7
       7
       9
      10
      10
       9
       4
      11
      10
      14
      14
       9
       7
       7
      19
       8
      13
      10
      10
      19
      22
      12
      11
       9
      11
       9
      19
      13
       9
      17
      11
       9
      10
      18
      12
      16
      13
      11
      10
       8
       8
      15
      11
       6
      12
      13
      11
       8
      12
       7
       7
       7
       4
       8
      11
      10
       6
       7
       6
       5
       6
       5
       5
       2
       4
       3
       9
       4
       2
       5
       6
       6
       5
       1
       7
       3
       6
       3
       2
       1
       2
       4
       4
       3
       5
       4
       0
       1
       1
       3
       2
       3
       1
       1
       0
       2
       2
       1
       3
       6
       2
       0
       0
       8
       4
       2
       3
       3
       2
       2
       2
       2
       2
       2
       1
       1
       2
       1
       3
       0
       1
       4
       4
       2
       2
       2
       2
       3
       4
       1
       3
       2
       0
       1
       0
       1
       1
       0
       2
       0
       2
       4
       1
       5
       2
       1
       2
       1
       4
       2
       2
       1
       1
       1
       0
       0
       0
       2
       4
       0
       3
       2
       0
       1
       1
       0
       3
       2
       1
       5
       1
       1
       3
       1
       1
       0
       0
       1
       0
       1
       2
       4
       2
       0
       1
       0
       2
       3
       0
       1
       3
       0
       2
       0
       2
       1
       2
       1
       4
       1
       0
       0
       1
       1
       1
       3
       0
       3
       0
       1
       0
       2
       2
       1
       3
       2
       0
       1
       1
       2
       2
       1
       1
       1
       1
       1
       1
       1
       0
       5
       2
       3
       4
       2
       3
       1
       0
       2
       1
       2
       4
       1
       2
       1
       2
       2
       2
       0
       0
       4
       1
       3
       2
       1
       3
       4
       0
       1
       2
       2
       1
       2
       4
       1
       1
       3
       0
       0
       1
       1
       3
       0
       4
       5
       5
       1
       0
       1
       2
       0
       3
       1
       1
       0
       1
       2
       0
       1
       2
       1
       0
       0
       1
       1
       1
       4
       1
       4
       2
       5
       0
       0
       1
       0
       2
       1
       1
       0
       1
       0
       0
       2
       1
       0
       1
       1
       0
       0
       1
       0
       0
       0
       2
       0
       1
       1
       1
       0
       1
       0
       0
       0
       1
       3
       5
       1
       0
       0
       1
       1
       0
       0
       0
       0
       1
       3
       1
       1
       0
       1
       2
       4
       3
       0
       0
       1
       0
       1
       0
       0
       1
       0
       1
       1
       3
       1
       0
       0
       1
       1
       0
       1
       0
       0
       0
       0
       2
       0
       1
       1
       0
       0
       0
       0
       1
       0
       0
       2
       1
       0
       1
       0
       1
       0
       1
       1
       2
       0
       2
       4
       0
       0
       1
       3
       0
       1
       0
       2
       0
       3
       0
       0
       1
       0
       1
       1
       1
       1
       0
       1
       2
       2
       0
       0
       0
       1
       1
       1
       0
       3
       1
       2
       1
       0
       0
       0
       0
       0
       3
       1
       3
       1
       0
       0
       1
       1
       0
       0
       1
       0
       0
       1
       1
       2
       1
       0
       0
       0
       1
       2
       2
       2
       0
       0
       0
       2
       1
       1
       0
       1
       1
       1
       3
       1
       0
       0
       0
       2
       1
       0
       0
       2
       2
       0
       1
       1
       0
       0
       1
       0
       1
       1
       3
       0
       3
       0
       0
       2
       0
       0
       0
       1
       3
       4
       1
       0
       4
       0
       3
       1
       0
       2
       1
       0
       0
       1
       0
       0
       0
       0
       3
       0
       1
       1
       0
       1
       1
       0
       1
       0
       1
       2
       1
       0
       2
       1
       2
       1
       0
       0
       0
       2
       0
       1
       0
       0
       1
       0
       1
       1
       2
       0
       1
       1
       0
       0
       0
       0
       1
       1
       0
       1
       1
       1
       2
       2
       1
       1
       0
       1
       1
       2
       0
       1
       1
       2
       1
       0
       0
       1
       2
       0
       0
       1
       0
       3
       1
       1
       2
       2
       1
       1
       0
       1
       0
       0
       0
       0
       0
       0
       0
       0
       0
       0
       1
       0
       0
       0
       0
       0
       3
       1
       1
       2
       0
       1
       0
       2
       2
       1
       0
       1
       2
       0
       0
       2
       0
       1
       0
       1
       1
       0
       1
       0
       2
       0
       2
       1
       1
       2
       1
       0
       1
       0
       1
       1
       0
       2
       0
       2
       1
       1
       0
       0
       1
       0
       1
       0
       2
       1
       2
       0
       1
       1
       0
       0
       1
       0
       0
       1
       1
       0
       0
       0
       1
       0
       1
       1
       0
       0
       0
       0
       0
       1
       0
       1
       1
       0
       0
       0
       0
       0
       0
       1
       0
       0
       0
       0
       0
       0
       1
       1
       0
       0
       0
       1
       0
       1
       0
       1
       0
       0
       0
       0
       1
       0
       1
       1
       0
       1
       1
       0
       0
       0
       0
       0
       0
       1
       1
       0
       0
       0
       0
       3
       0
       0
       0
       0
       0
       2
       0
       0
       0
       0
       1
       0
       0
       1
       0
       0
       0
       0
       0
       0
       1
       1
       0
       0
       0
       0
       0
       0
       0
       1
       1
       0
       0
       0
       0
       0
       1
       0
       1
       1
       0
       0
       1
       0
       1
       1
       0
       0
       0
       0
       0
       0
       1
       0
       0
       0
       1
       0
       0
       1
       0
       0
       0
       0
       0
       0
       0
       1
       1
       0
       1
       2
       1
       0
       1
       0
       1
       1
       0
       1
       2
       2
       0
       1
       2
       0
       2
       1
       2
       2
       0
       1
       1
       4
       2
       2
       2
       1
       2
       2
       1
       1
       1
       1
       2
       2
       0
       0
       1
       1
       1
       1
       0
       1
       0
       1
       0
       4
       1
       3
       0
       3
       0
       1
       1
       1
       2
       0
       1
       1
       3
       1
       1
       0
       3
       0
       0
       0
       2
       1
       0
       0
       0
       1
       0
       0
       2
       0
       0
       0
       0
       0
       0
       0
       0
       0
       0
       0
       0
       0
       2
       0
       0
       1
       2
       0
       0
       2
       1
       0
       1
       1
       1
       1
       0
       0
       0
       0
       0
       0
       0
       0
       1
       0
       0
       1
       1
       0
       0
       0
       0
       0
       0
       2
       2
       0
       0
       0
       0
       0
       0
       0
       0
       0
       0
       0
       0
       1
       0
       0
       0
       0
       1
       0
       0
       0
       0
       0
       0
       0
       0
       0
       0
       0
       1
       1
       0
       0
       0
       0
       0
       1
       0
       0
       0
       0
       0
       0
       0
       0
       0
       0
       0
       0
       0
       0
       0
       0
       0
       0
       0
       0
       0
       0
       0
       0
       0
       0
       0
       0
       0
       0
       0
       0
       0
       0
       0
       0
       0
       0
       0
       0
       0
       0
       0
       0
       0
       0
       0
       0
       0
       0
$ROI:
3
425 561
973 1142
1798 1980
$PRESETS:
None
0
0
$ENER_FIT:
-54.092594 1.465894
$MCA_CAL:
3
-5.409259E+001 1.465894E+000 -4.602540E-005 keV
$SHAPE_CAL:
3
-5.474841E+001 2.638014E-001 -1.572140E-004
