$SPEC_ID:
No sample description was entered.
$SPEC_REM:
DET# 4
DETDESC# RBS-D MCB 129 Input 2
AP# Maestro Version 6.08
$DATE_MEA:
01/01/2008 02:39:44
$MEAS_TIM:
902 919
$DATA:
0 2047
       0
       0
       0
       0
       0
    1050
     546
     542
     522
     548
     536
     519
     498
     549
     544
     551
     565
     570
     568
     649
     691
     755
     997
    1456
    2183
    2928
    3404
    3368
    2959
    2565
    1894
    1483
    1180
    1083
     913
     793
     784
     714
     743
     777
     810
     830
     805
     887
     886
     941
     947
     955
    1021
    1015
    1093
    1084
    1135
    1202
    1168
    1299
    1248
    1325
    1426
    1462
    1404
    1534
    1490
    1558
    1555
    1493
    1578
    1590
    1532
    1521
    1550
    1526
    1565
    1665
    1620
    1594
    1561
    1562
    1582
    1512
    1611
    1639
    1580
    1707
    1646
    1551
    1485
    1554
    1571
    1554
    1602
    1542
    1607
    1496
    1579
    1496
    1550
    1474
    1522
    1476
    1514
    1559
    1382
    1487
    1562
    1459
    1430
    1409
    1392
    1418
    1429
    1430
    1429
    1457
    1424
    1366
    1302
    1433
    1362
    1307
    1305
    1297
    1353
    1213
    1300
    1322
    1301
    1291
    1361
    1239
    1305
    1295
    1243
    1250
    1222
    1310
    1236
    1312
    1264
    1392
    1365
    1355
    1397
    1386
    1326
    1358
    1361
    1348
    1427
    1446
    1394
    1374
    1401
    1292
    1334
    1314
    1256
    1356
    1274
    1253
    1316
    1229
    1260
    1152
    1089
    1183
    1077
    1154
    1080
    1156
    1068
    1036
    1033
    1049
    1075
    1006
    1056
    1081
     984
    1082
    1032
    1043
    1009
    1032
     946
     976
     993
     984
     939
     880
     954
     916
     915
     838
     856
     879
     866
     866
     834
     953
     804
     840
     850
     821
     878
     853
     831
     833
     791
     866
     814
     822
     759
     778
     748
     779
     795
     773
     823
     799
     767
     760
     844
     783
     765
     738
     758
     735
     750
     676
     729
     717
     717
     697
     708
     743
     759
     729
     710
     737
     642
     713
     720
     655
     707
     664
     712
     645
     693
     697
     660
     640
     688
     639
     671
     647
     683
     681
     650
     655
     671
     629
     617
     619
     643
     674
     636
     556
     632
     611
     682
     591
     638
     640
     643
     599
     600
     620
     602
     613
     571
     586
     585
     561
     616
     576
     554
     585
     562
     594
     573
     607
     565
     564
     589
     558
     552
     599
     586
     535
     555
     564
     556
     555
     548
     598
     572
     584
     537
     540
     569
     575
     561
     556
     536
     568
     560
     550
     551
     562
     569
     599
     569
     578
     597
     548
     547
     531
     537
     555
     541
     510
     520
     525
     485
     532
     492
     466
     484
     460
     478
     452
     448
     469
     433
     434
     464
     373
     397
     347
     364
     391
     354
     350
     351
     348
     303
     314
     291
     303
     295
     270
     262
     266
     244
     225
     251
     254
     238
     211
     228
     202
     220
     185
     207
     195
     173
     164
     197
     172
     177
     188
     162
     161
     158
     137
     158
     167
     164
     158
     144
     155
     146
     153
     129
     140
     147
     121
     128
     138
     135
     115
     129
     118
     106
     128
     123
     123
     114
     114
     117
     113
     123
     114
     104
     115
      99
     113
      80
      98
      96
     111
      88
     115
     105
     112
     109
     122
     115
     123
      91
     111
     113
     102
     110
     124
     110
     127
     112
     116
     133
     139
     133
     136
     155
     144
     167
     156
     165
     176
     190
     240
     244
     240
     259
     254
     323
     314
     351
     387
     442
     429
     525
     545
     585
     629
     715
     786
     870
     926
    1012
    1096
    1152
    1213
    1324
    1398
    1527
    1660
    1726
    1758
    1868
    1964
    2021
    2225
    2300
    2276
    2436
    2445
    2559
    2664
    2619
    2836
    2742
    2733
    2776
    2676
    2712
    2633
    2735
    2589
    2544
    2429
    2418
    2294
    2244
    2171
    2067
    1904
    1916
    1775
    1545
    1462
    1351
    1335
    1206
    1142
    1028
     938
     864
     758
     681
     599
     556
     569
     465
     378
     380
     293
     298
     253
     214
     192
     184
     157
     154
     138
     119
     107
      92
      86
      75
      76
      79
      54
      53
      59
      54
      49
      54
      47
      40
      37
      50
      41
      39
      33
      24
      31
      45
      32
      28
      33
      43
      40
      30
      31
      33
      29
      35
      29
      34
      33
      41
      34
      29
      31
      25
      39
      33
      26
      34
      27
      31
      34
      21
      34
      26
      26
      29
      27
      31
      28
      29
      24
      31
      30
      25
      32
      40
      36
      27
      28
      28
      27
      25
      34
      37
      30
      25
      39
      24
      22
      25
      29
      29
      24
      17
      29
      24
      33
      35
      26
      27
      29
      31
      33
      23
      27
      34
      32
      32
      30
      21
      27
      28
      15
      21
      37
      20
      26
      33
      17
      24
      23
      33
      23
      20
      28
      22
      26
      23
      23
      29
      24
      27
      22
      22
      16
      36
      24
      40
      40
      23
      35
      28
      26
      31
      28
      19
      27
      23
      26
      28
      30
      45
      38
      26
      30
      28
      34
      30
      35
      26
      34
      19
      22
      21
      35
      24
      25
      36
      33
      20
      33
      26
      32
      38
      35
      23
      30
      27
      23
      22
      35
      23
      29
      22
      24
      17
      21
      22
      29
      23
      26
      40
      32
      21
      30
      27
      19
      22
      19
      15
      17
      22
      24
      26
      21
      19
      21
      17
      21
      24
      25
      17
      23
      24
      17
      10
      18
      23
      16
      20
      18
      19
      17
      21
      23
      26
      18
      16
      21
      21
      21
      17
      21
      11
      22
      14
      16
      24
      17
      13
      20
      26
      15
      23
      17
      22
      19
      21
      19
      11
      20
      18
      13
      15
      12
      15
      16
      17
      13
      25
      17
      14
      17
      15
      15
      14
      14
      11
      18
      16
      18
      15
      23
      29
      20
      14
      24
      19
      17
      19
      21
      23
      25
      23
      20
      29
      23
      21
      24
      24
      19
      17
      16
      31
      26
      19
      29
      21
      25
      21
      29
      27
      25
      20
      21
      20
      19
      22
      31
      15
      14
      20
      18
      14
      11
      14
      21
      23
      15
      14
      21
      15
      14
      16
      10
      24
      20
      14
      18
      20
      16
      14
      19
      25
      12
      23
      10
      12
      12
      22
      15
      13
      24
      11
      17
       9
      21
      19
      23
      16
       9
      11
      20
      10
      18
      15
      10
      12
       8
       9
      13
      12
      14
      13
      15
      12
      13
      19
      11
      12
      14
      11
      19
      21
       8
      19
      11
       9
      10
      10
      13
       8
      21
      14
      10
       7
      18
      12
      13
       8
      15
      14
      10
      13
      13
      14
      19
      11
      10
      10
      12
      13
      13
      13
      11
      10
       8
       4
      12
      11
       7
       7
       8
       7
      15
       9
       5
       9
       6
       9
       8
      10
       6
       9
       6
       5
      11
       3
       9
       8
      10
       5
       7
       9
      12
       9
       7
      11
      10
       6
       5
      10
       7
      14
      11
       9
       8
       4
       4
      11
       6
       9
       6
       6
       7
      11
       5
       9
      10
       5
      10
      10
       9
       8
       4
      13
       3
       8
       7
       7
       5
      12
      10
      14
       7
       9
       6
       9
       8
      14
      13
       4
       9
      12
      13
       5
       6
      12
       9
      14
      17
       8
      13
      13
       8
      10
      15
      11
      14
      18
      11
       5
      14
      18
      12
      16
      10
      17
      21
      16
      13
      21
      14
      19
      20
      20
      32
      27
      24
      28
      22
      17
      23
      32
      23
      26
      22
      22
      36
      40
      33
      26
      28
      32
      23
      35
      29
      28
      29
      23
      26
      29
      41
      31
      31
      24
      25
      24
      25
      18
      26
      28
      14
      23
      26
      21
      17
      21
      18
      21
      19
      11
      15
      23
      23
      15
      17
      17
      14
      12
      10
      14
       7
      15
      12
      16
      10
       9
      10
      13
      11
      11
       7
      11
       6
      10
       7
       9
       8
       8
       9
       8
       6
       8
       5
       5
       1
       3
       4
       5
       7
       3
       2
       2
       4
       6
       4
       6
      11
       2
       5
       4
       9
       8
       5
       5
       4
       6
       6
       5
       4
       7
       3
       2
       3
       4
       4
       3
       4
       5
       7
       6
       5
       3
       8
       2
       5
       8
       3
       4
       6
       3
       2
       1
       3
       5
       3
       4
       1
       4
      10
       3
       7
       4
       2
       6
       4
       5
       3
       4
       2
       3
       3
       0
       0
       4
       5
       6
       1
       6
       3
       1
       4
       3
       4
       7
       4
       3
       5
       1
       3
       4
       5
       3
       3
       2
       6
       1
       2
       2
       6
       4
       0
       3
       1
       4
       8
       5
       3
       6
       5
       6
       0
       3
       4
       3
       3
       6
       3
       3
       1
       2
       1
       4
       9
       2
       4
       1
       3
       3
       2
       4
       2
       3
       5
       2
       2
       4
       4
       7
       4
       3
       6
       4
       4
       5
       2
       4
       7
       6
       9
       5
       5
      10
       1
       1
       2
       3
       4
       7
       2
       4
       3
       4
       3
       4
       0
       3
       6
       4
       5
       4
       3
       6
       5
       1
       5
       3
       5
       3
       3
       6
       4
       4
       5
       1
       3
       5
       3
       5
       0
       5
       8
       8
       1
       1
       3
       3
       1
       6
       3
       3
       1
       7
       3
       4
       3
       3
       2
       2
       1
       2
       4
       3
       6
       2
       6
       2
       5
       2
       4
       4
       2
       3
       1
       5
       0
       3
       4
       0
       2
       2
       4
       1
       2
       0
       1
       1
       2
       0
       4
       5
       3
       1
       2
       1
       1
       2
       0
       0
       1
       3
       7
       8
       1
       2
       0
       2
       1
       0
       2
       1
       1
       5
       3
       1
       1
       0
       2
       2
       5
       5
       0
       0
       2
       3
       2
       1
       2
       1
       0
       1
       3
       4
       2
       2
       2
       1
       1
       2
       1
       2
       0
       3
       0
       4
       0
       2
       2
       0
       0
       2
       1
       2
       1
       1
       3
       1
       0
       3
       1
       3
       0
       1
       4
       3
       0
       2
       6
       2
       0
       2
       4
       0
       2
       0
       2
       2
       3
       2
       2
       3
       0
       1
       1
       2
       1
       0
       1
       3
       3
       1
       2
       1
       1
       4
       1
       2
       4
       1
       2
       2
       0
       1
       0
       0
       1
       3
       2
       3
       2
       0
       2
       3
       2
       1
       2
       2
       3
       2
       2
       2
       3
       4
       2
       1
       0
       3
       5
       5
       2
       0
       2
       0
       3
       3
       2
       1
       2
       1
       2
       4
       3
       1
       1
       1
       5
       2
       1
       1
       5
       3
       0
       1
       2
       1
       1
       3
       0
       2
       1
       5
       0
       3
       2
       2
       3
       1
       1
       1
       3
       6
       8
       1
       3
       5
       3
       3
       1
       1
       2
       4
       0
       2
       1
       0
       1
       2
       1
       6
       2
       1
       1
       0
       3
       1
       1
       2
       1
       3
       3
       3
       1
       2
       1
       6
       1
       2
       0
       2
       5
       0
       3
       3
       0
       2
       1
       2
       3
       2
       1
       3
       3
       1
       0
       0
       0
       1
       4
       0
       1
       3
       1
       2
       3
       1
       2
       1
       1
       2
       4
       1
       3
       3
       2
       1
       0
       1
       2
       3
       4
       2
       1
       0
       4
       3
       1
       3
       2
       2
       1
       0
       1
       0
       0
       1
       2
       1
       3
       0
       1
       0
       3
       1
       0
       0
       1
       1
       1
       6
       1
       1
       2
       0
       1
       1
       6
       2
       1
       1
       2
       3
       4
       0
       3
       1
       2
       0
       2
       2
       1
       1
       0
       2
       0
       3
       3
       1
       3
       2
       0
       2
       0
       2
       1
       0
       3
       0
       2
       2
       3
       0
       1
       1
       0
       2
       0
       2
       3
       2
       0
       1
       2
       0
       0
       2
       0
       0
       1
       1
       0
       0
       1
       1
       1
       1
       1
       0
       1
       0
       0
       2
       1
       1
       1
       2
       1
       1
       0
       0
       2
       0
       3
       0
       0
       1
       0
       1
       0
       1
       2
       0
       1
       1
       2
       1
       4
       0
       1
       0
       0
       0
       0
       1
       1
       1
       2
       0
       1
       1
       0
       2
       0
       0
       0
       1
       1
       1
       0
       0
       0
       2
       3
       0
       0
       1
       1
       1
       2
       0
       1
       0
       0
       2
       0
       0
       1
       0
       0
       1
       0
       0
       0
       2
       1
       0
       0
       0
       0
       1
       1
       1
       1
       2
       0
       0
       1
       0
       0
       1
       0
       1
       1
       1
       0
       2
       0
       2
       1
       0
       1
       1
       1
       1
       0
       1
       0
       0
       0
       2
       2
       0
       2
       0
       0
       1
       1
       0
       0
       3
       2
       2
       3
       1
       2
       2
       0
       1
       1
       3
       1
       2
       2
       2
       3
       1
       1
       3
       1
       2
       3
       2
       4
       1
       2
       3
       4
       6
       2
       3
       1
       4
       3
       2
       3
       4
       2
       3
       2
       2
       1
       1
       1
       3
       4
       1
       2
       2
       1
       1
       6
       2
       4
       3
       3
       1
       4
       2
       2
       3
       1
       1
       1
       5
       1
       3
       0
       4
       1
       1
       0
       3
       1
       0
       0
       3
       6
       0
       1
       2
       2
       1
       0
       1
       0
       1
       2
       1
       2
       0
       0
       2
       1
       4
       2
       1
       2
       4
       0
       1
       2
       1
       1
       1
       2
       1
       2
       2
       0
       1
       0
       0
       0
       0
       0
       2
       0
       1
       3
       1
       0
       0
       0
       0
       0
       0
       3
       3
       0
       0
       0
       1
       0
       1
       0
       0
       0
       0
       0
       0
       1
       0
       0
       0
       0
       1
       0
       0
       0
       0
       0
       0
       0
       0
       1
       0
       0
       1
       1
       1
       0
       0
       0
       0
       1
       0
       0
       0
       0
       0
       0
       0
       0
       0
       0
       0
       0
       0
       0
       0
       0
       0
       0
       0
       0
       0
       0
       0
       0
       0
       0
       0
       0
       0
       0
       0
       0
       0
       0
       0
       0
       0
       0
       0
       0
       0
       0
       0
       0
       0
       0
       0
       0
       0
       0
$ROI:
3
425 561
973 1142
1798 1980
$PRESETS:
None
0
0
$ENER_FIT:
-54.092594 1.465894
$MCA_CAL:
3
-5.409259E+001 1.465894E+000 -4.602540E-005 keV
$SHAPE_CAL:
3
-5.474841E+001 2.638014E-001 -1.572140E-004
