$SPEC_ID:
No sample description was entered.
$SPEC_REM:
DET# 4
DETDESC# RBS-D MCB 129 Input 2
AP# Maestro Version 6.08
$DATE_MEA:
01/01/2008 02:43:46
$MEAS_TIM:
1113 1133
$DATA:
0 2047
       0
       0
       0
       0
       0
    1281
     668
     660
     642
     673
     646
     646
     622
     678
     664
     681
     689
     696
     709
     784
     844
     911
    1210
    1812
    2703
    3552
    4183
    4153
    3663
    3140
    2334
    1829
    1464
    1310
    1133
     989
     979
     892
     921
     989
     982
    1010
     987
    1064
    1098
    1114
    1151
    1169
    1255
    1287
    1342
    1344
    1401
    1481
    1463
    1631
    1579
    1645
    1742
    1766
    1747
    1883
    1863
    1911
    1890
    1863
    1976
    1978
    1885
    1880
    1924
    1875
    1928
    2057
    1997
    1966
    1964
    1922
    1974
    1893
    2004
    1986
    1984
    2083
    2020
    1944
    1841
    1930
    1942
    1925
    1989
    1906
    1964
    1865
    1929
    1879
    1951
    1845
    1888
    1849
    1870
    1891
    1736
    1845
    1920
    1819
    1770
    1737
    1744
    1726
    1763
    1786
    1736
    1824
    1785
    1678
    1616
    1741
    1647
    1621
    1598
    1595
    1642
    1501
    1622
    1645
    1596
    1601
    1649
    1534
    1578
    1601
    1539
    1525
    1532
    1603
    1537
    1622
    1546
    1718
    1654
    1669
    1687
    1681
    1638
    1671
    1706
    1668
    1745
    1731
    1730
    1696
    1711
    1605
    1639
    1641
    1580
    1650
    1588
    1581
    1622
    1534
    1530
    1436
    1358
    1443
    1335
    1408
    1330
    1410
    1298
    1280
    1288
    1307
    1297
    1247
    1289
    1330
    1229
    1307
    1268
    1267
    1261
    1279
    1174
    1201
    1238
    1197
    1152
    1127
    1191
    1126
    1124
    1038
    1072
    1098
    1068
    1063
    1036
    1157
     986
    1041
    1032
    1036
    1071
    1041
    1025
    1007
     989
    1071
    1003
     997
     941
     972
     918
     973
     971
     950
    1035
     995
     923
     948
    1034
     976
     917
     917
     930
     900
     901
     842
     891
     884
     898
     882
     865
     912
     915
     883
     858
     881
     801
     871
     890
     812
     867
     803
     872
     789
     841
     838
     808
     794
     834
     792
     852
     791
     837
     858
     803
     796
     799
     762
     784
     755
     817
     826
     766
     700
     779
     759
     841
     742
     792
     789
     789
     745
     724
     735
     737
     765
     711
     728
     737
     710
     738
     695
     672
     723
     686
     721
     709
     736
     690
     699
     714
     683
     688
     715
     717
     651
     681
     685
     687
     685
     687
     735
     694
     709
     665
     652
     710
     710
     699
     685
     660
     687
     711
     696
     685
     698
     710
     735
     704
     693
     730
     672
     689
     667
     655
     672
     648
     612
     656
     643
     585
     625
     616
     580
     596
     586
     572
     564
     544
     569
     504
     548
     580
     464
     491
     436
     469
     465
     439
     429
     423
     435
     386
     390
     357
     371
     366
     338
     323
     334
     296
     285
     303
     309
     285
     274
     281
     261
     269
     230
     248
     244
     212
     213
     240
     216
     210
     228
     201
     202
     195
     182
     191
     214
     196
     197
     176
     181
     169
     186
     157
     174
     175
     156
     151
     170
     163
     147
     153
     152
     132
     162
     147
     140
     135
     142
     150
     137
     148
     131
     126
     143
     119
     133
     103
     127
     118
     131
     108
     138
     131
     135
     128
     145
     141
     146
     125
     137
     140
     127
     132
     153
     146
     159
     145
     144
     160
     168
     168
     176
     181
     174
     195
     185
     212
     226
     231
     266
     298
     297
     322
     306
     397
     381
     438
     472
     524
     531
     651
     674
     734
     780
     881
     962
    1068
    1147
    1253
    1310
    1428
    1524
    1612
    1711
    1906
    2008
    2123
    2169
    2269
    2510
    2487
    2732
    2809
    2848
    2991
    3033
    3157
    3279
    3254
    3457
    3411
    3417
    3432
    3289
    3378
    3240
    3402
    3146
    3151
    3029
    2922
    2816
    2769
    2704
    2523
    2352
    2352
    2177
    1924
    1798
    1682
    1637
    1468
    1407
    1257
    1154
    1072
     946
     849
     761
     681
     707
     574
     482
     475
     374
     368
     316
     275
     233
     236
     206
     190
     174
     149
     128
     114
      96
      96
      88
      92
      64
      65
      67
      61
      60
      70
      57
      49
      50
      64
      49
      46
      38
      32
      37
      51
      38
      38
      40
      50
      47
      40
      39
      38
      33
      38
      33
      50
      41
      51
      43
      33
      42
      32
      44
      42
      32
      43
      33
      40
      42
      27
      46
      36
      36
      38
      31
      35
      37
      35
      35
      38
      38
      25
      41
      43
      41
      35
      34
      33
      33
      36
      37
      43
      40
      29
      51
      36
      29
      28
      36
      35
      27
      22
      37
      30
      40
      41
      34
      31
      34
      40
      42
      27
      33
      37
      39
      36
      34
      26
      35
      35
      18
      26
      43
      25
      32
      39
      21
      29
      33
      37
      32
      29
      35
      31
      36
      28
      30
      33
      30
      32
      26
      27
      22
      44
      31
      47
      44
      29
      43
      33
      31
      33
      32
      26
      32
      28
      32
      32
      39
      55
      48
      35
      35
      36
      41
      42
      41
      33
      44
      32
      30
      26
      43
      31
      30
      46
      37
      28
      35
      31
      35
      47
      42
      27
      39
      36
      30
      27
      46
      29
      34
      25
      31
      21
      28
      24
      33
      30
      33
      46
      40
      24
      33
      30
      22
      27
      23
      21
      20
      30
      29
      32
      28
      21
      27
      20
      27
      29
      29
      21
      26
      27
      22
      16
      22
      27
      20
      25
      23
      26
      21
      27
      29
      29
      23
      23
      22
      27
      27
      24
      28
      17
      25
      18
      23
      27
      21
      18
      22
      30
      21
      28
      22
      30
      27
      25
      26
      15
      26
      24
      20
      20
      15
      18
      23
      22
      17
      29
      23
      18
      22
      21
      20
      18
      16
      17
      26
      20
      24
      16
      27
      31
      25
      21
      29
      21
      20
      25
      27
      26
      31
      29
      27
      33
      27
      29
      26
      26
      22
      23
      20
      37
      32
      23
      36
      29
      28
      24
      32
      32
      31
      27
      26
      23
      22
      26
      36
      21
      16
      27
      26
      21
      14
      18
      26
      25
      19
      20
      26
      18
      17
      18
      17
      32
      22
      17
      25
      26
      21
      21
      22
      28
      17
      25
      19
      16
      16
      23
      21
      16
      27
      14
      24
      10
      23
      20
      31
      21
      10
      15
      22
      13
      23
      18
      12
      16
      10
      10
      14
      13
      18
      18
      15
      17
      18
      23
      15
      18
      14
      13
      20
      22
      11
      23
      13
      11
      13
      13
      16
       9
      26
      16
      14
      11
      19
      14
      14
      10
      21
      17
      18
      13
      17
      18
      19
      13
      11
      14
      19
      14
      15
      15
      15
      12
       9
       5
      13
      12
      11
      13
      11
      10
      19
      10
       6
      12
       7
      11
      11
      12
       8
      11
       8
       9
      14
       6
       9
      13
      13
       9
      10
      14
      14
       9
       8
      12
      15
       8
       9
      13
      10
      14
      13
      11
      11
       5
       7
      13
       8
      10
       8
       7
       8
      12
       6
      11
      11
       7
      10
      11
      11
      11
       9
      15
       4
       9
       9
       9
       7
      13
      10
      14
      10
      10
       6
      11
      12
      15
      17
       9
      12
      13
      15
       6
       9
      14
      13
      16
      26
      10
      21
      15
      13
      10
      18
      14
      19
      19
      14
      11
      17
      23
      13
      17
      12
      23
      24
      19
      18
      26
      17
      25
      25
      24
      37
      34
      27
      31
      25
      21
      28
      43
      26
      33
      27
      29
      40
      44
      42
      35
      34
      42
      28
      43
      39
      34
      36
      33
      34
      36
      47
      34
      34
      38
      31
      30
      32
      22
      32
      33
      19
      28
      35
      25
      23
      27
      24
      23
      24
      18
      22
      28
      27
      22
      24
      21
      15
      13
      13
      15
       8
      17
      15
      17
      15
      11
      14
      15
      12
      13
      10
      13
       7
      11
       9
      12
      10
      11
      10
      11
       7
       9
       5
       7
       2
       4
       5
       5
       7
       6
       4
       4
       4
       9
       4
       6
      14
       2
       5
       5
      11
       9
       5
       6
       4
       6
       7
       7
       5
      10
       5
       3
       3
       5
       4
       4
       4
       6
       9
       6
       5
       3
      10
       2
       7
       8
       3
       5
       7
       5
       4
       2
       3
       7
       3
       5
       1
       6
      11
       5
       8
       5
       3
      10
       4
       5
       4
       6
       3
       3
       4
       0
       0
       4
       5
       8
       1
       7
       3
       1
       4
       4
       5
       7
       4
       4
       8
       1
       5
       4
       5
       3
       4
       3
       6
       1
       2
       4
       7
       5
       0
       3
       1
       4
       8
       6
       3
       6
       7
       7
       1
       5
       5
       4
       3
       7
       4
       5
       3
       4
       2
       5
       9
       2
       4
       2
       6
       3
       2
       7
       2
       3
       6
       2
       5
       6
       4
       7
       6
       4
       6
       4
       4
       6
       4
       6
       7
       6
       9
       6
       5
      12
       3
       1
       2
       4
       4
       9
       3
       4
       5
       6
       3
       6
       3
       5
       6
       4
       5
       6
       5
       6
       6
       3
       6
       5
       5
       6
       4
       7
       4
       7
       7
       1
       3
       6
       3
       5
       1
       8
       9
       9
       1
       2
       4
       3
       2
       7
       3
       3
       1
       8
       3
       5
       3
       4
       3
       2
       2
       3
       4
       4
       7
       2
       6
       2
       7
       3
       5
       4
       3
       3
       3
       6
       0
       4
       6
       0
       2
       4
       6
       1
       2
       1
       1
       2
       2
       1
       5
       7
       3
       2
       3
       2
       1
       3
       0
       1
       2
       3
       7
       8
       1
       3
       1
       2
       2
       0
       4
       2
       1
       6
       3
       1
       2
       0
       2
       4
       6
       6
       1
       1
       3
       3
       4
       2
       3
       1
       0
       1
       3
       4
       2
       4
       2
       1
       1
       4
       2
       2
       0
       3
       0
       4
       0
       2
       2
       1
       1
       2
       1
       3
       1
       1
       4
       2
       2
       3
       1
       3
       1
       1
       5
       3
       0
       2
       6
       2
       1
       2
       4
       0
       2
       0
       2
       4
       3
       2
       3
       3
       0
       1
       2
       2
       1
       0
       1
       3
       5
       3
       3
       1
       2
       5
       3
       3
       4
       1
       3
       2
       0
       1
       0
       0
       1
       3
       2
       6
       3
       0
       2
       5
       2
       1
       2
       2
       4
       2
       2
       2
       3
       4
       3
       1
       0
       4
       5
       5
       2
       1
       2
       0
       4
       3
       2
       1
       3
       2
       3
       4
       3
       1
       1
       3
       5
       2
       2
       1
       5
       3
       1
       1
       2
       1
       3
       3
       2
       3
       2
       6
       0
       4
       2
       2
       5
       1
       1
       2
       3
       6
       9
       1
       3
       6
       3
       3
       1
       1
       3
       4
       0
       4
       2
       1
       3
       3
       1
       8
       2
       1
       1
       0
       4
       1
       1
       2
       2
       5
       4
       4
       3
       2
       1
       8
       1
       2
       1
       3
       5
       2
       4
       5
       2
       4
       1
       3
       3
       2
       1
       4
       3
       2
       0
       0
       0
       3
       5
       1
       1
       3
       3
       2
       3
       1
       2
       1
       1
       2
       5
       1
       3
       4
       5
       1
       1
       1
       2
       4
       5
       2
       1
       0
       5
       4
       1
       3
       2
       2
       1
       0
       2
       1
       0
       2
       2
       1
       3
       1
       1
       0
       3
       1
       0
       2
       2
       1
       1
       6
       2
       1
       3
       0
       2
       1
       7
       2
       1
       2
       2
       3
       4
       0
       3
       1
       2
       1
       2
       2
       1
       1
       2
       2
       0
       3
       5
       2
       3
       2
       0
       4
       0
       2
       2
       2
       3
       0
       3
       4
       4
       0
       1
       1
       0
       2
       0
       2
       3
       2
       0
       1
       3
       0
       0
       3
       1
       0
       1
       1
       0
       0
       1
       1
       1
       1
       1
       0
       3
       0
       0
       2
       1
       1
       1
       3
       2
       1
       0
       0
       2
       0
       4
       1
       0
       1
       0
       1
       0
       1
       2
       0
       1
       1
       2
       1
       4
       0
       1
       0
       0
       0
       0
       2
       1
       1
       2
       0
       1
       1
       0
       3
       1
       0
       0
       1
       2
       1
       0
       0
       0
       2
       4
       1
       0
       1
       1
       1
       2
       0
       1
       0
       0
       2
       0
       0
       1
       0
       1
       1
       0
       0
       0
       3
       1
       0
       1
       0
       0
       1
       1
       2
       1
       2
       0
       1
       1
       0
       1
       1
       0
       1
       1
       1
       0
       2
       0
       2
       1
       0
       1
       1
       1
       2
       0
       1
       0
       0
       1
       2
       2
       0
       2
       0
       0
       1
       1
       0
       1
       3
       2
       3
       3
       2
       2
       2
       0
       1
       1
       3
       1
       3
       2
       4
       5
       2
       1
       3
       2
       3
       5
       2
       5
       1
       2
       3
       4
       7
       2
       4
       2
       7
       4
       3
       4
       4
       2
       3
       3
       2
       2
       1
       5
       5
       4
       2
       3
       3
       1
       2
       6
       2
       6
       3
       3
       2
       4
       3
       2
       4
       1
       1
       1
       8
       1
       3
       2
       4
       1
       2
       0
       4
       2
       0
       0
       3
       6
       0
       3
       2
       3
       1
       0
       1
       0
       1
       2
       1
       2
       2
       1
       2
       1
       4
       2
       2
       3
       4
       1
       1
       2
       1
       1
       1
       4
       3
       4
       2
       0
       1
       0
       0
       0
       0
       0
       2
       0
       2
       3
       1
       0
       0
       0
       0
       0
       0
       3
       3
       0
       0
       1
       1
       0
       1
       1
       0
       0
       0
       0
       0
       1
       0
       0
       0
       0
       1
       0
       0
       0
       0
       0
       0
       0
       0
       1
       0
       0
       1
       1
       1
       0
       0
       0
       0
       1
       0
       0
       0
       0
       0
       0
       0
       0
       0
       0
       0
       0
       0
       0
       0
       0
       0
       0
       0
       0
       0
       0
       0
       0
       0
       0
       0
       0
       0
       0
       0
       0
       0
       0
       0
       0
       0
       0
       0
       0
       0
       0
       0
       0
       0
       0
       0
       0
       0
       0
$ROI:
3
425 561
973 1142
1798 1980
$PRESETS:
None
0
0
$ENER_FIT:
-54.092594 1.465894
$MCA_CAL:
3
-5.409259E+001 1.465894E+000 -4.602540E-005 keV
$SHAPE_CAL:
3
-5.474841E+001 2.638014E-001 -1.572140E-004
