$SPEC_ID:
No sample description was entered.
$SPEC_REM:
DET# 4
DETDESC# RBS-D MCB 129 Input 2
AP# Maestro Version 6.08
$DATE_MEA:
01/01/2008 02:48:30
$MEAS_TIM:
2056 2094
$DATA:
0 2047
       0
       0
       0
       0
       0
    2389
    1215
    1238
    1177
    1233
    1177
    1149
    1154
    1219
    1229
    1306
    1274
    1306
    1315
    1485
    1536
    1718
    2249
    3342
    4989
    6557
    7754
    7708
    6782
    5738
    4270
    3360
    2718
    2341
    2017
    1865
    1714
    1632
    1803
    1824
    1820
    1808
    1876
    1944
    2059
    2056
    2126
    2229
    2316
    2342
    2471
    2516
    2600
    2726
    2729
    2903
    2892
    3046
    3160
    3194
    3203
    3425
    3384
    3459
    3417
    3456
    3552
    3659
    3488
    3517
    3609
    3438
    3614
    3655
    3580
    3590
    3650
    3566
    3675
    3518
    3659
    3635
    3607
    3710
    3599
    3604
    3496
    3534
    3569
    3595
    3621
    3594
    3556
    3501
    3522
    3492
    3568
    3471
    3431
    3456
    3425
    3458
    3342
    3355
    3443
    3333
    3231
    3245
    3254
    3179
    3299
    3209
    3233
    3293
    3194
    3091
    3041
    3177
    3026
    3026
    2947
    2918
    3009
    2851
    2952
    3000
    2926
    2982
    2999
    2854
    2876
    2852
    2873
    2880
    2878
    2969
    2867
    2958
    2938
    3052
    3044
    3058
    3025
    3091
    3051
    3076
    3157
    3096
    3169
    3210
    3174
    3118
    3152
    3051
    3071
    3065
    2977
    3017
    2916
    2942
    2932
    2820
    2827
    2644
    2611
    2685
    2498
    2592
    2514
    2595
    2468
    2366
    2376
    2438
    2405
    2326
    2388
    2376
    2285
    2347
    2318
    2277
    2283
    2292
    2190
    2270
    2215
    2159
    2138
    2124
    2130
    2106
    1989
    1991
    2017
    2046
    2042
    2013
    1962
    2043
    1952
    1993
    1930
    1902
    1935
    1927
    1879
    1804
    1878
    1912
    1820
    1845
    1768
    1811
    1717
    1772
    1823
    1710
    1870
    1883
    1711
    1778
    1900
    1763
    1718
    1709
    1672
    1649
    1687
    1615
    1637
    1672
    1698
    1649
    1574
    1633
    1612
    1644
    1627
    1638
    1476
    1629
    1598
    1530
    1607
    1501
    1579
    1490
    1569
    1507
    1464
    1454
    1524
    1431
    1581
    1465
    1529
    1491
    1513
    1489
    1467
    1418
    1434
    1388
    1494
    1493
    1447
    1373
    1408
    1425
    1523
    1384
    1387
    1451
    1347
    1387
    1372
    1386
    1365
    1360
    1314
    1347
    1326
    1304
    1363
    1329
    1286
    1319
    1336
    1329
    1279
    1345
    1280
    1265
    1257
    1270
    1258
    1314
    1296
    1253
    1332
    1298
    1273
    1278
    1278
    1330
    1292
    1290
    1219
    1232
    1321
    1300
    1261
    1248
    1266
    1265
    1308
    1313
    1266
    1282
    1265
    1308
    1294
    1226
    1276
    1264
    1302
    1240
    1188
    1263
    1183
    1110
    1209
    1188
    1121
    1181
    1142
    1066
    1097
    1096
    1063
    1049
     996
    1022
     942
     962
     980
     872
     872
     800
     849
     875
     811
     792
     751
     788
     732
     717
     673
     704
     675
     598
     604
     616
     561
     536
     568
     572
     496
     513
     512
     532
     496
     455
     476
     453
     412
     404
     421
     373
     388
     425
     384
     359
     361
     346
     354
     366
     352
     338
     327
     332
     308
     330
     299
     327
     292
     284
     270
     295
     292
     273
     282
     268
     270
     277
     257
     249
     240
     242
     289
     254
     264
     252
     249
     241
     227
     244
     203
     250
     219
     242
     230
     247
     245
     254
     241
     254
     263
     272
     248
     262
     245
     246
     263
     266
     278
     287
     269
     256
     290
     281
     309
     310
     351
     345
     376
     368
     388
     424
     421
     495
     507
     547
     597
     593
     715
     730
     826
     862
     977
     980
    1203
    1232
    1353
    1436
    1629
    1759
    1873
    2110
    2307
    2405
    2653
    2785
    3007
    3207
    3428
    3698
    3913
    4058
    4270
    4571
    4656
    4981
    5173
    5262
    5585
    5678
    5810
    5963
    6090
    6205
    6288
    6282
    6297
    6217
    6161
    5978
    6128
    5784
    5788
    5646
    5433
    5209
    5098
    4902
    4607
    4384
    4167
    3887
    3668
    3378
    3086
    2997
    2711
    2582
    2370
    2119
    1999
    1781
    1603
    1443
    1267
    1262
    1048
     906
     840
     735
     682
     582
     505
     445
     415
     389
     339
     314
     272
     252
     203
     180
     176
     178
     155
     130
     136
     118
     107
     105
     113
     100
      84
      98
     102
      76
      79
      72
      58
      69
      96
      78
      65
      72
      88
      68
      72
      70
      67
      66
      78
      59
      73
      83
      91
      73
      62
      87
      76
      77
      69
      58
      77
      56
      73
      75
      66
      75
      66
      72
      74
      60
      84
      71
      65
      71
      64
      66
      63
      62
      78
      67
      58
      69
      72
      61
      50
      58
      67
      70
      53
      91
      65
      60
      56
      83
      70
      57
      45
      66
      63
      67
      71
      59
      60
      60
      74
      70
      59
      70
      72
      64
      68
      61
      57
      61
      56
      46
      42
      71
      57
      57
      68
      40
      57
      55
      70
      56
      55
      59
      63
      58
      49
      61
      66
      65
      72
      48
      49
      55
      74
      53
      75
      75
      67
      61
      60
      62
      58
      73
      57
      50
      58
      64
      56
      68
      78
      71
      59
      63
      67
      63
      60
      73
      72
      73
      68
      63
      54
      70
      56
      53
      74
      58
      68
      61
      60
      56
      76
      73
      49
      60
      65
      60
      55
      74
      57
      72
      65
      55
      38
      57
      46
      59
      52
      63
      70
      69
      50
      56
      52
      57
      61
      49
      42
      38
      54
      55
      57
      56
      53
      56
      48
      46
      53
      57
      38
      44
      44
      50
      34
      47
      44
      41
      43
      44
      43
      34
      42
      46
      45
      50
      44
      42
      44
      40
      48
      49
      40
      43
      38
      44
      42
      39
      41
      54
      42
      36
      46
      44
      51
      39
      51
      44
      35
      43
      39
      48
      44
      38
      30
      38
      41
      27
      51
      37
      44
      45
      46
      32
      37
      37
      32
      48
      37
      50
      32
      42
      55
      51
      35
      50
      41
      39
      44
      43
      48
      53
      48
      35
      57
      53
      50
      55
      41
      40
      40
      43
      55
      51
      45
      53
      42
      52
      46
      52
      48
      48
      50
      49
      45
      41
      43
      58
      57
      36
      49
      48
      38
      32
      43
      47
      51
      36
      40
      44
      40
      33
      36
      35
      48
      48
      29
      44
      39
      35
      42
      44
      45
      31
      43
      37
      35
      28
      36
      39
      29
      48
      32
      44
      20
      41
      35
      48
      32
      28
      24
      36
      23
      36
      34
      25
      44
      28
      22
      25
      28
      34
      29
      30
      30
      36
      39
      22
      37
      35
      30
      32
      45
      34
      33
      28
      23
      27
      30
      26
      17
      37
      29
      29
      27
      29
      27
      32
      15
      30
      28
      37
      21
      31
      32
      33
      22
      20
      19
      26
      29
      24
      28
      30
      22
      24
      13
      22
      27
      21
      21
      17
      18
      33
      17
      13
      23
      21
      26
      23
      25
      20
      20
      18
      16
      26
      14
      13
      15
      17
      24
      17
      22
      21
      20
      18
      17
      22
      18
      13
      18
      16
      20
      22
      21
      17
      10
      14
      22
      14
      18
      13
      14
      16
      20
      19
      16
      23
      17
      11
      18
      19
      23
      21
      23
      14
      19
      24
      15
      22
      24
      20
      23
      17
      24
      16
      21
      20
      21
      29
      19
      21
      25
      22
      12
      21
      26
      22
      26
      41
      22
      35
      28
      23
      15
      33
      38
      31
      31
      28
      35
      30
      41
      25
      41
      27
      42
      46
      38
      32
      49
      37
      49
      51
      43
      52
      60
      53
      49
      44
      48
      48
      61
      47
      58
      50
      43
      69
      64
      68
      63
      64
      72
      62
      69
      67
      58
      67
      56
      58
      60
      78
      58
      56
      66
      60
      71
      59
      46
      62
      56
      45
      54
      55
      51
      39
      50
      45
      42
      46
      36
      43
      43
      38
      39
      34
      40
      26
      27
      31
      22
      22
      36
      27
      28
      27
      23
      25
      25
      23
      16
      21
      20
      17
      19
      18
      20
      19
      22
      25
      20
      12
      16
      10
      16
       8
       9
      14
      14
      12
      10
      12
      10
      12
      17
       9
      13
      18
       5
       9
       8
      21
      12
       9
      12
       6
       8
       9
      14
       9
      13
      12
       5
       5
       6
       9
       7
       9
      10
      14
      12
       8
       8
      14
       5
       9
      13
       6
       8
      14
       8
       8
      11
      10
      13
       5
      11
       6
       9
      16
      13
      11
       9
       6
      14
       6
      13
       9
      13
       7
       7
       8
       2
       4
       5
      10
      17
       5
      11
       4
       7
       9
       6
      11
       9
       6
      11
      10
       4
      11
       8
       8
       8
       6
      10
       8
       4
       4
       7
       8
       7
       4
       7
       3
      10
      13
       8
       6
       7
      11
      12
       5
       9
      10
      10
       8
      14
       7
       9
      10
       8
       5
       7
      10
       6
       7
       5
       9
       7
       9
      13
       7
       6
      14
       7
       9
      13
       9
      13
       8
       6
      11
       7
      10
      10
      10
      10
      14
      13
      18
      12
      10
      18
       8
       1
       5
       8
       9
      13
       6
       7
      10
      12
       7
       7
       8
       7
      12
      12
      11
       9
      13
      12
      11
       4
      10
       8
      10
       7
      12
      11
       8
      11
      14
       5
       7
      16
       9
       7
       5
      14
      12
      12
       6
       4
       9
       7
       3
      15
       6
      10
       5
       8
       3
       9
       5
       7
       4
       4
       6
       4
       6
       8
       7
       3
       9
       7
      10
       5
       9
       5
       6
       7
       8
       9
       0
       5
      11
       2
       5
       6
      11
       4
       3
       3
       2
       3
       2
       4
       9
       9
       5
       2
       6
       6
       3
       4
       4
       2
       3
       6
       7
       9
       5
       3
       2
       3
       3
       4
       8
       3
       1
       9
       7
       2
       5
       3
       2
       9
       7
       9
       2
       4
       5
       4
       6
       7
       4
       2
       4
       2
       8
       6
       2
       5
       2
       3
       4
       5
       4
       6
       2
       6
       2
       5
       3
       5
       6
       4
       5
       3
       1
       5
       2
       3
       5
       2
       5
       5
       4
       3
       2
       4
       7
       7
       0
       3
       8
       4
       1
       3
       7
       4
       2
       2
       4
       6
       3
       3
       4
       5
       2
       8
       4
       2
       3
       3
       3
       6
       5
       7
       4
       4
       3
       7
       4
       7
       5
       2
       3
       3
       1
       1
       1
       1
       1
       4
       2
       7
       4
       2
       5
       8
       4
       5
       5
       2
       7
       4
       2
       8
       5
       7
       4
       4
       0
       5
       8
       8
       5
       4
       5
       3
      10
       4
       4
       2
       6
       5
       4
       8
       5
       1
       4
       3
       7
       5
       3
       4
      11
       8
       6
       2
       4
       7
       7
       3
       7
       4
       3
      10
       1
      10
       5
       3
       7
       2
       2
       3
       5
       7
      10
       2
       5
       8
       7
       5
       4
       2
       5
       7
       1
       5
       2
       6
       5
       5
       7
       9
       4
       4
       5
       3
       4
       5
       3
       6
       2
       7
       5
       7
       7
       6
       2
      10
       4
       4
       5
       5
       6
       6
       5
       8
       4
       9
       1
      10
       6
       2
       3
       6
       4
       3
       2
       3
       4
      10
       6
       3
       3
       3
       4
       2
       4
       3
       3
       5
       6
       2
       7
       2
       6
       6
       6
       3
       5
       5
       7
       5
       8
       5
       5
       2
       7
       5
       4
       5
       2
       3
       3
       2
       3
       7
       1
       5
       5
       4
       5
       5
       2
       0
       5
       3
       0
       4
       4
       2
       4
      10
       4
       3
       4
       3
       2
       3
       9
       2
       3
       2
       4
       4
       6
       0
       6
       2
       5
       1
       2
       2
       5
       2
       4
       4
       3
       6
       5
       3
       5
       4
       8
       8
       0
       3
       3
       5
       4
       3
       4
       6
       6
       0
       2
       4
       0
       2
       0
       3
       4
       4
       2
       1
       5
       0
       1
       3
       2
       0
       2
       1
       1
       0
       2
       4
       1
       2
       1
       2
       4
       0
       3
       2
       4
       3
       3
       3
       4
       3
       1
       0
       3
       1
       5
       3
       0
       2
       0
       1
       0
       2
       3
       2
       3
       2
       2
       1
       4
       0
       2
       1
       2
       2
       1
       3
       1
       1
       4
       2
       1
       2
       0
       3
       1
       1
       3
       1
       3
       3
       0
       1
       1
       2
       5
       1
       1
       3
       2
       1
       3
       2
       2
       0
       0
       3
       0
       0
       2
       0
       3
       2
       1
       0
       1
       3
       2
       0
       1
       1
       0
       1
       1
       2
       2
       2
       0
       2
       1
       0
       1
       1
       1
       2
       2
       1
       1
       3
       1
       4
       3
       0
       2
       1
       1
       3
       1
       2
       0
       3
       1
       2
       2
       2
       3
       2
       0
       1
       2
       1
       1
       6
       3
       3
       4
       2
       5
       4
       0
       6
       3
       6
       2
       5
       2
       5
       5
       2
       4
       6
       3
       6
       6
       3
      10
       2
       6
       4
       5
      10
       6
       6
       6
      10
       6
       6
       7
       5
       5
       8
       9
       3
       6
       6
       7
       7
       8
       6
       7
       6
       4
       5
       8
       6
      10
       4
      10
       4
       7
       3
       2
       4
       4
       6
       6
      13
       4
       5
       7
       5
       1
       2
       3
       5
       7
       2
       0
       4
       6
       2
       6
       3
       6
       2
       1
       2
       2
       2
       3
       3
       3
       3
       1
       4
       4
       4
       3
       3
       5
       8
       1
       3
       4
       1
       3
       4
       5
       4
       5
       3
       0
       2
       1
       1
       0
       0
       0
       3
       0
       2
       4
       3
       0
       0
       0
       0
       0
       1
       3
       3
       0
       0
       2
       1
       0
       1
       1
       0
       0
       0
       0
       0
       1
       0
       0
       0
       0
       1
       0
       0
       0
       2
       0
       1
       0
       0
       1
       0
       0
       1
       1
       1
       0
       0
       0
       0
       1
       0
       0
       0
       0
       0
       0
       0
       0
       0
       0
       0
       0
       0
       0
       0
       0
       0
       0
       0
       0
       0
       0
       0
       0
       0
       0
       0
       0
       0
       0
       0
       0
       0
       0
       0
       0
       0
       0
       0
       0
       0
       0
       0
       0
       0
       0
       0
       0
       0
       0
$ROI:
3
425 561
973 1142
1798 1980
$PRESETS:
None
0
0
$ENER_FIT:
-54.092594 1.465894
$MCA_CAL:
3
-5.409259E+001 1.465894E+000 -4.602540E-005 keV
$SHAPE_CAL:
3
-5.474841E+001 2.638014E-001 -1.572140E-004
