$SPEC_ID:
No sample description was entered.
$SPEC_REM:
DET# 4
DETDESC# RBS-D MCB 129 Input 2
AP# Maestro Version 6.08
$DATE_MEA:
01/01/2008 04:56:02
$MEAS_TIM:
301 342
$DATA:
0 2047
       0
       0
       0
       0
       0
     780
     389
     476
     492
     510
     491
     513
     525
     478
     501
     491
     517
     498
     529
     566
     543
     562
     569
     594
     574
     581
     578
     580
     592
     558
     589
     562
     594
     567
     598
     569
     554
     626
     592
     632
     632
     586
     662
     673
     644
     673
     679
     706
     696
     738
     698
     719
     761
     760
     758
     763
     775
     765
     766
     817
     846
     829
     831
     814
     873
     835
     866
     833
     901
     860
     900
     865
     947
     928
     870
     920
     919
     875
     873
     870
     786
     844
     863
     831
     809
     886
     851
     885
     894
     831
     892
     878
     834
     831
     908
     864
     892
     871
     859
     854
     849
     893
     819
     848
     851
     872
     770
     821
     834
     869
     819
     820
     835
     800
     820
     794
     862
     851
     838
     754
     844
     803
     793
     766
     803
     795
     718
     744
     741
     808
     810
     827
     764
     776
     726
     766
     834
     734
     733
     775
     738
     717
     726
     745
     686
     711
     699
     729
     701
     682
     731
     698
     789
     716
     701
     728
     792
     785
     786
     789
     768
     791
     774
     761
     861
     811
     763
     802
     787
     848
     813
     825
     784
     806
     833
     826
     817
     818
     816
     821
     812
     809
     778
     787
     780
     804
     810
     751
     816
     762
     772
     823
     762
     695
     774
     805
     771
     721
     676
     755
     696
     711
     738
     725
     714
     709
     697
     714
     707
     741
     723
     633
     665
     716
     675
     717
     645
     627
     691
     646
     655
     670
     706
     690
     686
     599
     644
     642
     666
     683
     671
     671
     681
     685
     617
     620
     597
     640
     616
     643
     665
     638
     651
     669
     661
     620
     624
     605
     618
     608
     616
     586
     576
     618
     583
     636
     561
     610
     637
     554
     595
     582
     587
     560
     609
     607
     599
     596
     579
     594
     623
     568
     595
     627
     591
     573
     589
     595
     600
     581
     527
     595
     588
     576
     587
     542
     582
     554
     582
     559
     563
     563
     533
     516
     521
     582
     594
     573
     583
     540
     508
     534
     545
     556
     560
     555
     505
     527
     525
     561
     491
     544
     563
     528
     550
     557
     530
     577
     519
     549
     535
     572
     538
     547
     585
     572
     527
     557
     540
     520
     503
     533
     525
     576
     537
     558
     495
     594
     493
     506
     532
     528
     546
     535
     536
     523
     522
     516
     479
     550
     515
     565
     538
     552
     507
     486
     507
     556
     521
     482
     535
     553
     524
     529
     554
     535
     489
     555
     524
     504
     561
     549
     548
     512
     500
     561
     538
     523
     498
     525
     492
     533
     525
     496
     507
     517
     524
     493
     511
     513
     536
     528
     552
     523
     533
     528
     432
     518
     554
     537
     517
     500
     505
     506
     498
     500
     506
     545
     565
     544
     481
     510
     533
     512
     545
     503
     517
     538
     502
     525
     528
     519
     491
     546
     527
     520
     507
     501
     522
     517
     551
     503
     510
     548
     526
     551
     495
     503
     520
     531
     554
     469
     522
     519
     498
     478
     525
     489
     554
     544
     546
     532
     509
     522
     550
     519
     531
     504
     525
     455
     570
     500
     516
     535
     503
     535
     511
     552
     509
     501
     508
     498
     530
     503
     550
     557
     513
     482
     514
     524
     514
     501
     532
     519
     511
     536
     529
     505
     540
     511
     509
     545
     530
     557
     497
     575
     543
     511
     521
     469
     527
     565
     503
     555
     537
     525
     512
     541
     510
     501
     513
     525
     517
     511
     512
     515
     513
     564
     545
     512
     507
     515
     530
     514
     515
     536
     535
     526
     509
     570
     574
     549
     529
     506
     562
     515
     526
     528
     522
     511
     530
     530
     580
     565
     519
     549
     532
     514
     539
     519
     550
     544
     555
     566
     551
     523
     557
     553
     559
     541
     551
     532
     496
     546
     540
     541
     555
     581
     539
     541
     555
     556
     565
     588
     564
     551
     551
     511
     561
     557
     539
     588
     558
     571
     564
     540
     565
     544
     538
     544
     534
     569
     556
     536
     577
     589
     597
     574
     597
     580
     570
     544
     634
     567
     587
     603
     628
     626
     602
     559
     566
     553
     538
     559
     567
     592
     646
     579
     580
     614
     626
     620
     617
     614
     615
     717
     626
     620
     641
     619
     612
     608
     635
     628
     602
     627
     625
     650
     652
     663
     598
     628
     584
     650
     599
     615
     666
     666
     604
     554
     623
     583
     611
     595
     594
     636
     625
     685
     661
     630
     625
     592
     667
     671
     623
     656
     586
     620
     634
     617
     612
     552
     606
     614
     653
     620
     625
     614
     622
     600
     572
     602
     565
     576
     617
     591
     601
     554
     593
     598
     582
     566
     584
     561
     542
     565
     593
     569
     548
     522
     561
     554
     568
     513
     542
     569
     521
     521
     548
     467
     516
     532
     508
     521
     488
     494
     494
     471
     485
     484
     495
     436
     472
     509
     466
     426
     483
     405
     435
     444
     423
     480
     405
     461
     449
     433
     478
     415
     441
     449
     449
     398
     412
     437
     419
     472
     400
     389
     407
     411
     409
     400
     446
     447
     419
     404
     413
     427
     417
     410
     408
     389
     380
     418
     410
     377
     398
     380
     397
     392
     399
     362
     382
     387
     377
     400
     385
     364
     397
     371
     340
     395
     402
     381
     402
     349
     366
     400
     383
     353
     332
     324
     354
     332
     328
     356
     341
     361
     327
     366
     324
     336
     364
     367
     334
     387
     325
     379
     364
     378
     366
     383
     341
     373
     365
     410
     395
     428
     424
     421
     470
     476
     500
     481
     498
     562
     523
     570
     591
     649
     661
     652
     695
     739
     752
     783
     830
     859
     840
     974
     985
    1001
    1007
    1049
    1040
    1094
    1110
    1158
    1180
    1223
    1230
    1213
    1302
    1283
    1329
    1335
    1362
    1396
    1433
    1383
    1371
    1398
    1455
    1401
    1428
    1385
    1370
    1391
    1338
    1317
    1271
    1300
    1280
    1240
    1237
    1211
    1196
    1149
    1074
    1066
    1036
    1048
    1002
     950
     973
     898
     872
     806
     778
     763
     727
     724
     756
     615
     659
     600
     571
     538
     505
     528
     518
     460
     469
     420
     381
     400
     375
     339
     323
     306
     311
     272
     264
     282
     291
     265
     269
     249
     248
     238
     251
     263
     316
     246
     232
     238
     234
     253
     258
     240
     289
     305
     306
     311
     308
     354
     335
     369
     371
     450
     439
     452
     462
     481
     524
     504
     534
     548
     569
     626
     604
     671
     657
     729
     708
     775
     740
     809
     850
     863
     871
     925
     904
     893
     901
     990
    1040
    1073
    1007
    1084
    1048
     994
    1109
    1102
    1117
    1049
    1107
    1120
    1069
    1057
    1044
    1055
     992
    1023
    1017
     986
    1028
    1014
     926
     977
     872
     882
     884
     845
     865
     791
     768
     782
     703
     709
     722
     687
     657
     639
     564
     616
     540
     533
     531
     540
     473
     488
     426
     419
     444
     393
     404
     348
     360
     336
     319
     297
     285
     311
     254
     278
     274
     204
     216
     214
     183
     202
     200
     167
     177
     197
     154
     137
     158
     152
     122
     123
     134
     115
     117
     129
     101
     101
     101
      98
      88
      87
     102
      86
      92
      87
      75
      88
      77
      83
      90
      74
      69
      79
      70
      68
      54
      79
      67
      63
      68
      59
      67
      64
      57
      61
      58
      50
      62
      53
      70
      62
      70
      68
      59
      57
      43
      59
      60
      53
      54
      53
      67
      51
      55
      67
      78
      35
      58
      60
      53
      70
      50
      53
      45
      68
      63
      47
      53
      55
      53
      63
      60
      38
      45
      57
      54
      53
      49
      53
      54
      47
      53
      66
      45
      47
      53
      63
      57
      63
      46
      52
      41
      44
      59
      69
      46
      49
      61
      48
      57
      44
      52
      56
      54
      44
      56
      33
      63
      55
      41
      58
      51
      48
      55
      47
      50
      35
      46
      52
      46
      53
      41
      44
      54
      46
      49
      44
      47
      45
      46
      48
      56
      47
      63
      42
      49
      35
      51
      40
      45
      36
      45
      34
      64
      51
      39
      46
      52
      43
      32
      55
      48
      62
      42
      44
      37
      49
      31
      53
      45
      44
      48
      48
      37
      53
      45
      50
      45
      35
      50
      52
      44
      52
      60
      39
      55
      53
      47
      46
      49
      43
      48
      38
      46
      46
      45
      50
      48
      53
      50
      46
      46
      45
      35
      43
      44
      39
      38
      54
      46
      51
      51
      50
      48
      40
      37
      39
      44
      43
      45
      59
      45
      44
      51
      38
      45
      41
      41
      48
      46
      38
      49
      50
      34
      43
      46
      56
      35
      40
      43
      43
      42
      35
      38
      44
      38
      35
      46
      46
      49
      56
      40
      50
      41
      38
      34
      38
      36
      40
      36
      41
      53
      53
      26
      37
      37
      50
      45
      41
      45
      44
      49
      41
      48
      28
      44
      45
      42
      36
      43
      44
      40
      34
      47
      41
      43
      30
      37
      42
      45
      38
      50
      32
      36
      39
      51
      42
      35
      51
      41
      40
      39
      47
      51
      35
      36
      31
      30
      31
      49
      42
      28
      40
      32
      32
      40
      42
      42
      36
      41
      49
      47
      39
      27
      32
      38
      38
      42
      33
      35
      33
      29
      36
      52
      28
      42
      24
      44
      33
      43
      43
      43
      36
      26
      31
      49
      46
      36
      30
      40
      36
      34
      41
      48
      34
      42
      37
      37
      36
      35
      46
      40
      35
      35
      33
      40
      46
      35
      31
      44
      43
      38
      37
      41
      44
      39
      32
      36
      35
      41
      26
      30
      32
      37
      27
      36
      34
      38
      25
      40
      35
      39
      43
      39
      32
      37
      33
      36
      39
      34
      35
      30
      34
      33
      23
      35
      32
      29
      38
      38
      36
      36
      48
      37
      23
      40
      30
      36
      31
      40
      34
      35
      43
      32
      24
      38
      38
      31
      27
      25
      41
      34
      42
      37
      37
      34
      40
      27
      36
      31
      36
      34
      27
      36
      28
      40
      28
      27
      33
      34
      24
      29
      33
      33
      36
      33
      29
      30
      23
      29
      31
      26
      25
      29
      39
      56
      40
      38
      34
      29
      31
      31
      29
      26
      35
      31
      37
      28
      44
      28
      47
      23
      38
      30
      29
      27
      32
      26
      31
      35
      25
      35
      31
      34
      43
      32
      37
      23
      24
      35
      32
      20
      29
      33
      26
      32
      40
      36
      28
      41
      19
      35
      47
      25
      33
      39
      40
      36
      50
      32
      27
      34
      27
      28
      42
      23
      32
      37
      32
      37
      31
      25
      24
      28
      29
      34
      39
      28
      32
      36
      26
      27
      36
      35
      27
      29
      32
      37
      37
      32
      33
      31
      35
      30
      29
      34
      29
      33
      33
      39
      29
      37
      32
      30
      27
      34
      40
      23
      22
      24
      27
      33
      33
      27
      41
      28
      35
      29
      34
      28
      39
      27
      30
      37
      35
      25
      29
      39
      38
      25
      35
      31
      32
      29
      30
      35
      38
      30
      25
      26
      37
      31
      32
      23
      29
      21
      31
      30
      28
      34
      40
      32
      33
      32
      22
      34
      28
      33
      32
      37
      27
      34
      26
      26
      34
      29
      27
      33
      31
      27
      36
      28
      27
      27
      35
      29
      25
      24
      27
      34
      26
      20
      34
      24
      27
      22
      22
      27
      15
      20
      21
      19
      33
      21
      14
      20
      14
      21
      16
      28
      25
      14
      14
      19
      16
      10
      18
      24
      15
      20
      14
      11
      19
      17
      12
      14
      11
      13
      13
      13
      16
      17
      16
      18
      12
      11
      11
      18
       7
      10
      15
      10
      11
      16
       9
       9
      12
       9
      13
       9
       9
      11
      11
      11
      10
       8
      11
       8
       7
      10
      11
       9
       9
      11
       9
       9
      10
       3
       3
       4
       2
       9
       7
       6
      14
       8
       2
       9
       5
       7
       7
       6
       2
       7
      10
      11
       6
      10
       9
       6
       8
       9
       9
       8
      10
       5
       4
       6
      15
       8
       7
      13
      11
      13
      12
      17
      12
      15
      16
      16
      14
      15
      12
      12
      19
      16
      18
      11
      14
      12
      22
      15
      21
      23
      16
      24
      26
      20
      31
      24
      25
      18
      31
      33
      39
      35
      37
      19
      27
      27
      24
      45
      34
      33
      42
      47
      37
      30
      48
      27
      27
      29
      45
      45
      33
      31
      36
      53
      38
      44
      39
      39
      46
      35
      40
      37
      36
      33
      40
      43
      46
      45
      40
      46
      39
      33
      49
      37
      28
      38
      25
      37
      33
      22
      26
      35
      38
      28
      27
      34
      38
      23
      25
      30
      28
      25
      25
      28
      26
      15
      26
      22
      16
      25
      27
      31
      26
      25
      22
      17
      20
      15
      13
      22
      12
      16
      23
      13
      17
      14
       9
       7
      11
      12
      12
      10
       8
       6
       6
       8
       9
       8
      11
       7
       6
       7
       7
       5
       3
       3
       6
       4
       1
       7
       4
       4
       4
       7
       4
       8
       4
       1
       5
       1
       3
       2
       2
       5
       4
       3
       2
       1
       1
       0
       4
       2
       2
       1
       4
       1
       2
       1
       0
       0
       0
       2
       1
       2
       2
       3
       1
       1
       1
       0
       1
       1
       1
       2
       1
       0
       1
       2
       0
       0
       1
       0
       0
       0
       1
       2
       2
       2
       0
       1
       0
       0
       1
       0
       0
       0
       1
       0
       1
       1
       0
       2
       1
       0
       0
       2
       0
       2
       0
       1
       0
       0
       0
       1
       0
       0
       1
       0
       0
       0
       0
       0
       0
       0
       0
       0
       0
       0
       0
       0
       0
       0
       0
       0
       0
       0
       0
       0
       0
       0
       0
       0
       0
       0
       0
       0
       0
       0
       0
       0
       0
       0
       0
$ROI:
3
809 917
921 1051
1769 1939
$PRESETS:
None
0
0
$ENER_FIT:
-43.015625 1.438746
$MCA_CAL:
3
-4.301563E+001 1.438746E+000 -3.635760E-005 keV
$SHAPE_CAL:
3
5.967719E+001 -6.308020E-002 3.454509E-005
